2420 2420
4 4 1.0
6 1088 1.0
6 6 1.0
8 786 1.0
8 404 1.0
8 8 1.0
12 287 1.0
12 12 1.0
15 1968 1.0
15 1293 1.0
15 1406 1.0
15 2225 2.0
15 1979 2.0
15 1978 2.0
15 2377 1.0
15 1699 1.0
15 33 1.0
15 15 5.0
19 19 1.0
20 1009 1.0
20 20 1.0
21 2258 1.0
21 2163 1.0
21 45 1.0
21 21 1.0
22 2397 2.0
22 22 4.0
23 2393 1.0
23 2391 2.0
23 2390 2.0
23 1501 1.0
23 1500 1.0
23 23 7.0
24 1109 1.0
24 24 1.0
26 1094 1.0
26 1530 1.0
26 1677 1.0
26 2270 2.0
26 26 6.0
29 49 1.0
29 211 1.0
29 1023 2.0
29 29 3.0
30 1896 1.0
30 1703 1.0
30 30 3.0
31 31 1.0
33 2377 2.0
33 1699 1.0
33 33 2.0
33 15 1.0
34 34 1.0
36 36 1.0
37 2283 1.0
37 2087 1.0
37 1897 2.0
37 37 3.0
45 2258 1.0
45 2163 1.0
45 45 1.0
45 21 1.0
49 2405 2.0
49 710 1.0
49 1023 1.0
49 29 1.0
49 2361 3.0
49 1680 3.0
49 810 2.0
49 49 9.0
50 2379 2.0
50 2378 2.0
50 50 2.0
52 1953 1.0
52 52 1.0
54 1877 1.0
54 2403 2.0
54 54 5.0
57 2374 2.0
57 1929 2.0
57 1671 1.0
57 57 3.0
58 2079 1.0
58 58 3.0
59 59 1.0
60 2012 1.0
60 1867 1.0
60 207 1.0
60 2113 2.0
60 1963 1.0
60 60 4.0
62 1966 1.0
62 2381 1.0
62 2006 1.0
62 62 3.0
68 1079 1.0
68 104 1.0
68 68 2.0
69 1933 1.0
69 82 1.0
69 69 1.0
70 332 1.0
70 1941 1.0
70 1789 1.0
70 1032 1.0
70 507 1.0
70 83 1.0
70 2320 2.0
70 329 2.0
70 2314 2.0
70 2313 1.0
70 2312 1.0
70 1007 1.0
70 2308 2.0
70 70 10.0
73 787 1.0
73 2002 1.0
73 1417 1.0
73 73 3.0
74 2220 2.0
74 150 1.0
74 74 5.0
75 2191 1.0
75 1998 1.0
75 168 1.0
75 75 1.0
82 2176 1.0
82 2065 1.0
82 1426 1.0
82 1931 1.0
82 2396 2.0
82 2064 1.0
82 329 1.0
82 1933 2.0
82 82 7.0
82 69 1.0
83 1941 1.0
83 1789 1.0
83 1032 1.0
83 507 1.0
83 83 2.0
83 70 1.0
88 1780 1.0
88 2208 1.0
88 888 1.0
88 206 1.0
88 1035 2.0
88 88 3.0
97 97 1.0
99 1779 1.0
99 764 1.0
99 99 1.0
100 2401 1.0
100 1099 1.0
100 2124 1.0
100 100 2.0
101 543 1.0
101 101 1.0
102 102 1.0
104 1968 1.0
104 1404 1.0
104 206 1.0
104 1079 1.0
104 104 2.0
104 68 1.0
109 2369 2.0
109 2368 2.0
109 1257 2.0
109 109 2.0
110 1944 1.0
110 211 1.0
110 110 2.0
111 415 1.0
111 2164 1.0
111 112 2.0
111 111 2.0
112 415 1.0
112 2164 1.0
112 112 2.0
112 111 2.0
115 115 1.0
116 116 1.0
120 120 1.0
122 418 1.0
122 383 2.0
122 122 3.0
147 2325 2.0
147 2295 2.0
147 2045 1.0
147 1362 2.0
147 2044 1.0
147 1907 1.0
147 1906 2.0
147 1431 1.0
147 147 5.0
150 150 1.0
150 74 1.0
155 329 1.0
155 165 1.0
155 155 2.0
159 2290 1.0
159 2334 1.0
159 1245 2.0
159 2289 4.0
159 2288 2.0
159 159 6.0
164 2304 1.0
164 2303 1.0
164 164 1.0
165 329 1.0
165 165 1.0
165 155 1.0
166 166 1.0
167 167 1.0
168 2191 1.0
168 1998 1.0
168 168 1.0
168 75 1.0
169 590 1.0
169 169 1.0
172 2297 1.0
172 2317 2.0
172 2316 2.0
172 2299 2.0
172 2298 1.0
172 172 7.0
180 180 1.0
186 1350 1.0
186 186 1.0
192 1754 1.0
192 192 1.0
195 2419 1.0
195 540 1.0
195 195 3.0
196 196 1.0
198 198 1.0
199 2287 1.0
199 1679 1.0
199 199 1.0
201 1311 1.0
201 2321 1.0
201 2335 1.0
201 1147 1.0
201 2385 3.0
201 2384 2.0
201 2383 1.0
201 1925 2.0
201 1918 2.0
201 1780 1.0
201 1387 2.0
201 201 7.0
203 203 1.0
204 1975 1.0
204 204 2.0
205 2414 1.0
205 2105 1.0
205 1182 1.0
205 205 1.0
206 1968 1.0
206 1404 1.0
206 104 1.0
206 2208 1.0
206 888 1.0
206 206 2.0
206 88 1.0
207 1867 1.0
207 207 1.0
207 60 1.0
210 1090 1.0
210 2097 1.0
210 210 2.0
211 765 1.0
211 1944 1.0
211 110 1.0
211 2357 1.0
211 2073 2.0
211 29 1.0
211 2365 1.0
211 1688 1.0
211 372 1.0
211 2349 2.0
211 2094 1.0
211 211 11.0
213 2122 1.0
213 2121 1.0
213 710 1.0
213 213 1.0
214 2081 1.0
214 214 1.0
216 999 1.0
216 216 1.0
218 1294 1.0
218 865 1.0
218 864 1.0
218 218 4.0
221 2269 2.0
221 2268 2.0
221 221 2.0
223 356 1.0
223 1698 1.0
223 492 1.0
223 892 1.0
223 891 1.0
223 1831 1.0
223 244 1.0
223 223 4.0
228 228 1.0
237 1834 1.0
237 701 1.0
237 261 1.0
237 2239 2.0
237 1292 2.0
237 237 4.0
238 2240 2.0
238 560 1.0
238 239 1.0
238 238 2.0
239 2240 1.0
239 560 1.0
239 238 1.0
239 1315 1.0
239 239 2.0
240 1122 1.0
240 240 1.0
241 241 1.0
244 1831 1.0
244 244 1.0
244 223 1.0
246 1295 1.0
246 2120 1.0
246 246 5.0
247 1555 1.0
247 1592 1.0
247 563 1.0
247 518 1.0
247 247 3.0
257 2276 1.0
257 257 2.0
259 1842 1.0
259 1840 1.0
259 259 1.0
260 2259 1.0
260 260 1.0
261 1834 1.0
261 701 1.0
261 237 1.0
261 261 3.0
263 2127 1.0
263 1310 1.0
263 263 1.0
264 2139 1.0
264 2138 1.0
264 2137 1.0
264 1832 1.0
264 264 2.0
266 943 1.0
266 266 1.0
278 278 1.0
279 279 1.0
283 2415 2.0
283 283 3.0
284 710 1.0
284 2392 1.0
284 284 2.0
287 287 2.0
287 12 1.0
292 1181 1.0
292 484 1.0
292 292 1.0
293 2241 1.0
293 293 1.0
299 1376 1.0
299 2350 1.0
299 1079 1.0
299 299 2.0
302 302 1.0
303 2370 1.0
303 2085 1.0
303 2112 1.0
303 2111 1.0
303 303 2.0
327 731 1.0
327 327 1.0
329 165 1.0
329 155 1.0
329 2396 1.0
329 2064 1.0
329 1933 1.0
329 82 1.0
329 2320 2.0
329 329 4.0
329 70 2.0
331 331 2.0
332 70 1.0
332 1930 1.0
332 332 2.0
335 723 1.0
335 335 1.0
336 1973 2.0
336 1088 1.0
336 1970 1.0
336 336 4.0
337 2335 1.0
337 1171 1.0
337 337 1.0
339 1346 1.0
339 339 2.0
340 551 1.0
340 2030 1.0
340 2331 2.0
340 2330 2.0
340 2329 2.0
340 2314 1.0
340 2313 1.0
340 2312 1.0
340 1007 1.0
340 340 8.0
345 999 1.0
345 345 1.0
346 346 1.0
347 1905 1.0
347 2272 2.0
347 2034 1.0
347 1508 1.0
347 1347 1.0
347 2243 1.0
347 1672 4.0
347 1589 1.0
347 713 1.0
347 347 6.0
356 223 1.0
356 356 3.0
357 406 1.0
357 357 1.0
358 358 1.0
360 1009 2.0
360 360 2.0
361 2273 1.0
361 710 1.0
361 361 1.0
366 1560 1.0
366 366 3.0
369 369 1.0
372 1688 1.0
372 372 1.0
372 211 1.0
374 374 1.0
376 376 1.0
383 383 2.0
383 122 2.0
387 2241 1.0
387 2218 1.0
387 387 3.0
388 2407 1.0
388 1976 1.0
388 388 2.0
390 390 1.0
394 661 1.0
394 394 1.0
395 395 1.0
400 400 1.0
401 401 1.0
404 786 1.0
404 404 1.0
404 8 1.0
405 420 1.0
405 2160 2.0
405 1271 1.0
405 484 1.0
405 405 3.0
406 406 1.0
406 357 1.0
412 487 1.0
412 412 1.0
415 415 1.0
415 112 1.0
415 111 1.0
418 2416 1.0
418 122 1.0
418 2037 1.0
418 418 3.0
419 419 2.0
420 2160 1.0
420 405 1.0
420 2090 1.0
420 1874 1.0
420 1309 1.0
420 420 2.0
424 424 1.0
427 427 1.0
433 2409 1.0
433 1872 1.0
433 433 2.0
438 2370 1.0
438 2345 2.0
438 2002 1.0
438 1895 1.0
438 438 3.0
439 2413 2.0
439 2206 2.0
439 2397 1.0
439 1715 5.0
439 2221 1.0
439 439 8.0
450 816 1.0
450 450 1.0
465 465 1.0
475 475 2.0
480 480 1.0
484 1702 1.0
484 1181 2.0
484 292 1.0
484 484 3.0
484 405 1.0
486 2292 2.0
486 486 2.0
487 487 1.0
487 412 1.0
488 1986 1.0
488 2084 2.0
488 2395 2.0
488 1710 1.0
488 488 5.0
492 1698 1.0
492 492 2.0
492 223 1.0
498 498 1.0
505 1820 1.0
505 505 1.0
507 83 1.0
507 70 1.0
507 1941 2.0
507 1789 2.0
507 1032 2.0
507 507 2.0
510 1349 1.0
510 728 1.0
510 727 1.0
510 510 1.0
516 755 1.0
516 516 1.0
518 1902 2.0
518 247 1.0
518 518 4.0
530 2103 1.0
530 1311 1.0
530 530 2.0
531 725 1.0
531 531 2.0
532 532 1.0
533 533 1.0
540 195 1.0
540 540 3.0
541 2406 1.0
541 543 2.0
541 541 3.0
543 2014 1.0
543 1964 1.0
543 101 1.0
543 2406 1.0
543 543 4.0
543 541 2.0
548 548 1.0
551 340 1.0
551 551 2.0
552 552 1.0
558 558 2.0
560 756 1.0
560 2240 1.0
560 560 2.0
560 239 1.0
560 238 1.0
563 1592 1.0
563 247 1.0
563 891 1.0
563 563 4.0
564 1588 1.0
564 904 1.0
564 564 1.0
565 565 1.0
569 710 1.0
569 2273 2.0
569 569 2.0
584 2242 2.0
584 584 3.0
585 585 1.0
590 1954 1.0
590 169 1.0
590 590 3.0
591 2232 1.0
591 1014 1.0
591 591 1.0
592 592 4.0
596 2235 1.0
596 1294 1.0
596 2246 2.0
596 2245 2.0
596 1736 1.0
596 1602 3.0
596 596 4.0
597 706 1.0
597 597 1.0
599 1852 1.0
599 599 1.0
603 692 1.0
603 603 1.0
605 1028 1.0
605 605 1.0
616 616 1.0
620 2341 1.0
620 2353 1.0
620 749 1.0
620 2356 2.0
620 2355 2.0
620 2354 2.0
620 620 5.0
621 1407 1.0
621 621 1.0
630 630 1.0
639 2334 1.0
639 2323 1.0
639 1245 1.0
639 639 1.0
660 666 1.0
660 660 3.0
661 661 1.0
661 394 1.0
666 660 1.0
666 2326 2.0
666 666 4.0
667 1932 1.0
667 1736 1.0
667 667 1.0
669 692 2.0
669 669 3.0
683 2264 1.0
683 2263 1.0
683 683 1.0
688 2203 1.0
688 688 1.0
689 689 2.0
692 603 1.0
692 692 3.0
692 669 2.0
697 697 1.0
701 1834 1.0
701 261 1.0
701 237 1.0
701 2176 1.0
701 2275 2.0
701 1595 1.0
701 701 5.0
706 706 1.0
706 597 1.0
708 708 1.0
710 361 1.0
710 284 1.0
710 2393 1.0
710 49 1.0
710 2122 1.0
710 2121 1.0
710 213 1.0
710 2273 2.0
710 710 7.0
710 569 1.0
713 2168 1.0
713 2294 2.0
713 2293 2.0
713 2243 5.0
713 1672 1.0
713 1589 1.0
713 713 6.0
713 347 1.0
721 721 1.0
723 723 1.0
723 335 1.0
724 724 1.0
725 531 1.0
725 725 3.0
727 2364 2.0
727 1349 1.0
727 728 1.0
727 510 1.0
727 727 4.0
728 1349 1.0
728 728 1.0
728 727 1.0
728 510 1.0
731 731 1.0
731 327 1.0
736 736 1.0
738 738 1.0
741 1867 1.0
741 741 1.0
747 1049 1.0
747 747 2.0
749 620 1.0
749 2207 1.0
749 1082 1.0
749 2353 2.0
749 749 6.0
750 750 1.0
751 751 1.0
752 2192 1.0
752 1743 1.0
752 752 1.0
753 2018 2.0
753 754 3.0
753 753 3.0
754 2018 2.0
754 754 3.0
754 753 3.0
755 755 1.0
755 516 1.0
756 756 1.0
756 560 1.0
758 2406 1.0
758 1644 1.0
758 1183 1.0
758 2389 2.0
758 2388 2.0
758 2387 2.0
758 2386 2.0
758 758 3.0
759 759 2.0
760 2176 1.0
760 760 1.0
761 1949 1.0
761 769 1.0
761 761 1.0
764 1779 1.0
764 764 3.0
764 99 1.0
765 765 1.0
765 211 1.0
769 1949 1.0
769 761 1.0
769 794 1.0
769 769 2.0
780 1207 1.0
780 780 1.0
786 404 1.0
786 8 1.0
786 1664 1.0
786 2311 2.0
786 2310 2.0
786 786 4.0
787 787 1.0
787 73 1.0
788 2291 1.0
788 1174 1.0
788 788 1.0
793 793 1.0
794 794 1.0
794 769 1.0
802 802 1.0
810 810 2.0
810 49 2.0
816 816 1.0
816 450 1.0
817 817 1.0
857 860 1.0
857 858 1.0
857 857 1.0
858 1609 1.0
858 860 1.0
858 858 2.0
858 857 1.0
860 860 1.0
860 858 1.0
860 857 1.0
864 1294 1.0
864 865 1.0
864 864 1.0
864 218 1.0
865 1294 1.0
865 864 1.0
865 218 1.0
865 1519 1.0
865 865 3.0
877 877 1.0
887 2264 1.0
887 2263 1.0
887 887 1.0
888 2208 1.0
888 888 1.0
888 206 1.0
888 88 1.0
891 892 1.0
891 223 1.0
891 891 2.0
891 563 1.0
892 892 3.0
892 891 1.0
892 223 1.0
895 895 1.0
898 1493 1.0
898 921 1.0
898 898 1.0
904 2143 1.0
904 994 1.0
904 1588 1.0
904 904 2.0
904 564 1.0
907 907 1.0
914 914 1.0
921 1493 1.0
921 921 1.0
921 898 1.0
922 922 2.0
928 928 1.0
936 936 1.0
938 938 1.0
941 1611 1.0
941 971 1.0
941 941 1.0
943 943 1.0
943 266 1.0
947 947 1.0
951 951 1.0
952 952 1.0
955 2274 1.0
955 955 2.0
956 1079 1.0
956 956 3.0
958 958 1.0
961 2257 2.0
961 961 3.0
962 962 1.0
971 1611 1.0
971 971 1.0
971 941 1.0
976 2256 2.0
976 1890 1.0
976 976 2.0
988 988 2.0
992 992 2.0
994 2143 1.0
994 994 1.0
994 904 1.0
995 995 1.0
996 996 1.0
999 216 1.0
999 999 2.0
999 345 1.0
1001 1001 1.0
1003 1100 1.0
1003 1003 2.0
1006 2182 1.0
1006 2181 1.0
1006 1006 1.0
1007 340 1.0
1007 2314 2.0
1007 2313 2.0
1007 2312 2.0
1007 1007 2.0
1007 70 1.0
1009 360 2.0
1009 20 1.0
1009 2233 2.0
1009 2129 2.0
1009 1009 5.0
1014 2232 2.0
1014 1014 2.0
1014 591 1.0
1023 49 1.0
1023 1023 2.0
1023 29 2.0
1028 1028 1.0
1028 605 1.0
1032 83 1.0
1032 70 1.0
1032 1941 2.0
1032 1789 2.0
1032 1032 2.0
1032 507 2.0
1035 1780 1.0
1035 88 2.0
1035 2357 1.0
1035 1711 1.0
1035 1035 3.0
1037 1951 1.0
1037 1733 1.0
1037 1037 1.0
1039 1039 1.0
1048 1048 1.0
1049 747 1.0
1049 1049 2.0
1050 2126 1.0
1050 1050 1.0
1052 1052 1.0
1056 2176 2.0
1056 2322 1.0
1056 1056 4.0
1069 1069 1.0
1079 299 1.0
1079 1618 1.0
1079 956 1.0
1079 104 1.0
1079 68 1.0
1079 2350 2.0
1079 1079 7.0
1080 1081 2.0
1080 1080 2.0
1081 1081 2.0
1081 1080 2.0
1082 2207 1.0
1082 1082 1.0
1082 749 1.0
1084 1084 1.0
1088 1973 1.0
1088 336 1.0
1088 1088 2.0
1088 6 1.0
1090 1090 1.0
1090 210 1.0
1093 1694 1.0
1093 2116 1.0
1093 1093 2.0
1094 26 1.0
1094 1677 1.0
1094 1094 2.0
1096 1096 1.0
1099 2401 1.0
1099 1099 1.0
1099 100 1.0
1100 2253 1.0
1100 1100 2.0
1100 1003 1.0
1109 24 1.0
1109 1109 2.0
1112 1112 1.0
1114 1114 1.0
1122 1122 1.0
1122 240 1.0
1123 1123 1.0
1139 1139 1.0
1146 1146 1.0
1147 1147 1.0
1147 201 1.0
1157 1907 1.0
1157 1157 2.0
1170 1170 1.0
1171 2335 1.0
1171 1171 1.0
1171 337 1.0
1173 1910 1.0
1173 2306 2.0
1173 2305 2.0
1173 1173 2.0
1174 2291 1.0
1174 1174 1.0
1174 788 1.0
1179 1179 1.0
1180 1180 1.0
1181 1702 2.0
1181 2371 2.0
1181 484 2.0
1181 292 1.0
1181 1181 5.0
1182 2414 1.0
1182 2105 2.0
1182 1182 2.0
1182 205 1.0
1183 2406 1.0
1183 1644 1.0
1183 1183 1.0
1183 758 1.0
1187 1187 1.0
1188 2094 1.0
1188 1668 2.0
1188 2372 2.0
1188 1188 3.0
1197 1197 1.0
1207 1207 1.0
1207 780 1.0
1211 1530 1.0
1211 1211 1.0
1232 1479 1.0
1232 1478 1.0
1232 1232 1.0
1245 639 1.0
1245 2334 2.0
1245 159 2.0
1245 2323 2.0
1245 1245 5.0
1250 1250 1.0
1255 1255 1.0
1257 2369 2.0
1257 2368 2.0
1257 1257 2.0
1257 109 2.0
1261 1792 1.0
1261 1261 2.0
1270 1270 1.0
1271 2160 1.0
1271 1271 1.0
1271 405 1.0
1276 1276 1.0
1278 2381 1.0
1278 1278 1.0
1281 1281 1.0
1289 1289 1.0
1292 2239 1.0
1292 1292 2.0
1292 237 2.0
1293 1968 1.0
1293 1293 1.0
1293 15 1.0
1294 865 1.0
1294 864 1.0
1294 218 1.0
1294 1588 1.0
1294 1315 1.0
1294 2235 1.0
1294 1294 3.0
1294 596 1.0
1295 246 1.0
1295 1732 1.0
1295 1295 2.0
1305 2276 1.0
1305 1305 1.0
1309 2090 1.0
1309 1874 1.0
1309 1309 1.0
1309 420 1.0
1310 2127 1.0
1310 1310 1.0
1310 263 1.0
1311 201 1.0
1311 1314 1.0
1311 2382 2.0
1311 2333 1.0
1311 2284 2.0
1311 2103 1.0
1311 530 1.0
1311 1311 9.0
1314 1314 1.0
1314 1311 1.0
1315 1588 1.0
1315 1294 1.0
1315 1315 2.0
1315 239 1.0
1317 1317 1.0
1320 1320 1.0
1330 1330 1.0
1332 2394 1.0
1332 1332 1.0
1334 2066 1.0
1334 1713 1.0
1334 1334 2.0
1337 1967 1.0
1337 2102 1.0
1337 1337 2.0
1344 1582 1.0
1344 2238 2.0
1344 1344 4.0
1346 1346 1.0
1346 339 1.0
1347 1672 1.0
1347 1347 2.0
1347 347 1.0
1349 1349 1.0
1349 728 1.0
1349 727 1.0
1349 510 1.0
1350 1350 1.0
1350 186 1.0
1352 2336 1.0
1352 1370 1.0
1352 1352 1.0
1353 2302 1.0
1353 1353 1.0
1362 1906 1.0
1362 2325 2.0
1362 2295 2.0
1362 2045 1.0
1362 147 2.0
1362 1742 1.0
1362 1741 1.0
1362 1362 3.0
1365 1365 1.0
1369 2327 1.0
1369 1418 2.0
1369 1369 2.0
1370 2336 1.0
1370 1370 1.0
1370 1352 1.0
1371 2333 1.0
1371 1371 1.0
1374 1374 1.0
1376 1376 1.0
1376 299 1.0
1381 1381 1.0
1385 1385 1.0
1386 1386 2.0
1387 2383 2.0
1387 1925 3.0
1387 1780 1.0
1387 201 2.0
1387 2265 2.0
1387 1918 5.0
1387 1387 5.0
1392 1392 1.0
1401 1806 1.0
1401 1401 1.0
1402 2192 1.0
1402 2322 1.0
1402 2321 1.0
1402 1402 2.0
1403 2408 1.0
1403 1403 1.0
1404 1968 1.0
1404 1404 1.0
1404 206 1.0
1404 104 1.0
1406 1984 1.0
1406 2225 1.0
1406 1979 1.0
1406 1978 1.0
1406 15 1.0
1406 2352 2.0
1406 1406 5.0
1407 1407 2.0
1407 621 1.0
1412 2053 1.0
1412 1412 1.0
1413 1413 1.0
1417 2002 1.0
1417 1417 1.0
1417 73 1.0
1418 2327 2.0
1418 1418 3.0
1418 1369 2.0
1424 1424 1.0
1425 1425 1.0
1426 82 1.0
1426 2315 2.0
1426 1426 3.0
1431 1431 1.0
1431 147 1.0
1438 1438 1.0
1440 1440 1.0
1448 1448 1.0
1449 1449 2.0
1451 1451 1.0
1454 1696 1.0
1454 1454 1.0
1475 1475 1.0
1478 1479 1.0
1478 1478 1.0
1478 1232 1.0
1479 1479 1.0
1479 1478 1.0
1479 1232 1.0
1481 1481 1.0
1488 1488 1.0
1489 1489 2.0
1491 1522 1.0
1491 1521 1.0
1491 1491 1.0
1493 1493 1.0
1493 921 1.0
1493 898 1.0
1499 1499 2.0
1500 1501 1.0
1500 1500 1.0
1500 23 1.0
1501 1501 1.0
1501 1500 1.0
1501 23 1.0
1508 1508 1.0
1508 347 1.0
1518 1518 1.0
1519 1519 1.0
1519 865 1.0
1521 1522 1.0
1521 1521 1.0
1521 1491 1.0
1522 1522 1.0
1522 1521 1.0
1522 1491 1.0
1530 1211 1.0
1530 1530 2.0
1530 26 1.0
1546 1546 1.0
1553 1553 2.0
1555 1555 1.0
1555 247 1.0
1560 1560 1.0
1560 366 1.0
1564 2237 2.0
1564 1564 2.0
1566 1567 1.0
1566 1566 1.0
1567 1567 1.0
1567 1566 1.0
1571 1571 1.0
1579 1580 2.0
1579 1579 2.0
1580 1580 2.0
1580 1579 2.0
1581 1581 1.0
1582 2238 1.0
1582 1582 1.0
1582 1344 1.0
1586 2351 2.0
1586 2341 1.0
1586 2340 2.0
1586 1586 4.0
1588 2259 1.0
1588 1315 1.0
1588 1294 1.0
1588 1588 3.0
1588 904 1.0
1588 564 1.0
1589 2243 1.0
1589 1672 1.0
1589 1589 1.0
1589 713 1.0
1589 347 1.0
1592 1592 1.0
1592 563 1.0
1592 247 1.0
1595 701 1.0
1595 2244 1.0
1595 1595 3.0
1596 1596 1.0
1602 2246 2.0
1602 2245 2.0
1602 1736 1.0
1602 1602 3.0
1602 596 3.0
1609 1609 1.0
1609 858 1.0
1610 2109 1.0
1610 2080 1.0
1610 1610 1.0
1611 1611 1.0
1611 971 1.0
1611 941 1.0
1618 1618 1.0
1618 1079 1.0
1622 1622 1.0
1628 2278 1.0
1628 2178 2.0
1628 2252 2.0
1628 2250 2.0
1628 2033 1.0
1628 2032 3.0
1628 1628 6.0
1629 1629 1.0
1640 1640 1.0
1643 1716 1.0
1643 1643 1.0
1644 2406 1.0
1644 1644 1.0
1644 1183 1.0
1644 758 1.0
1656 1656 1.0
1658 1658 1.0
1661 2301 1.0
1661 1661 1.0
1664 2311 1.0
1664 2310 1.0
1664 1664 1.0
1664 786 1.0
1668 2094 1.0
1668 2372 1.0
1668 1668 2.0
1668 1188 2.0
1669 2339 2.0
1669 1670 1.0
1669 1669 2.0
1670 2339 1.0
1670 1670 1.0
1670 1669 1.0
1671 2374 1.0
1671 1929 1.0
1671 1671 1.0
1671 57 1.0
1672 2272 1.0
1672 1905 1.0
1672 1347 1.0
1672 2243 1.0
1672 1672 4.0
1672 1589 1.0
1672 713 1.0
1672 347 4.0
1673 2367 2.0
1673 1673 4.0
1677 26 1.0
1677 1677 2.0
1677 1094 1.0
1679 2287 2.0
1679 1679 2.0
1679 199 1.0
1680 2405 1.0
1680 49 3.0
1680 2361 4.0
1680 1680 4.0
1685 1685 1.0
1688 1688 2.0
1688 372 1.0
1688 211 1.0
1694 1694 1.0
1694 1093 1.0
1696 1454 1.0
1696 1696 2.0
1697 2014 1.0
1697 1964 1.0
1697 2418 1.0
1697 1697 2.0
1698 1698 1.0
1698 492 1.0
1698 223 1.0
1699 2377 1.0
1699 1699 1.0
1699 33 1.0
1699 15 1.0
1702 2371 1.0
1702 1702 2.0
1702 1181 2.0
1702 484 1.0
1703 30 1.0
1703 1703 2.0
1706 2398 1.0
1706 2260 2.0
1706 2030 2.0
1706 1706 2.0
1710 2395 1.0
1710 1710 1.0
1710 488 1.0
1711 2357 1.0
1711 1711 1.0
1711 1035 1.0
1713 1713 1.0
1713 1334 1.0
1715 2413 1.0
1715 2206 1.0
1715 2397 1.0
1715 1715 5.0
1715 439 5.0
1716 1716 1.0
1716 1643 1.0
1720 2138 1.0
1720 1720 1.0
1726 1726 1.0
1732 1732 1.0
1732 1295 1.0
1733 1951 1.0
1733 1733 1.0
1733 1037 1.0
1736 1932 1.0
1736 667 1.0
1736 2246 1.0
1736 2245 1.0
1736 1736 2.0
1736 1602 1.0
1736 596 1.0
1741 1742 1.0
1741 1741 1.0
1741 1362 1.0
1742 1741 1.0
1742 1362 1.0
1742 2056 1.0
1742 2249 2.0
1742 2105 1.0
1742 1743 1.0
1742 1742 3.0
1743 2192 1.0
1743 752 1.0
1743 2249 1.0
1743 2105 1.0
1743 1743 2.0
1743 1742 1.0
1751 2400 1.0
1751 2399 1.0
1751 1751 1.0
1754 1754 1.0
1754 192 1.0
1762 1762 1.0
1777 2021 1.0
1777 1780 1.0
1777 1777 1.0
1779 1779 1.0
1779 764 1.0
1779 99 1.0
1780 1035 1.0
1780 88 1.0
1780 1925 1.0
1780 1918 1.0
1780 1387 1.0
1780 201 1.0
1780 2021 1.0
1780 1780 3.0
1780 1777 1.0
1781 1781 1.0
1786 1786 1.0
1789 83 1.0
1789 70 1.0
1789 1941 2.0
1789 1789 2.0
1789 1032 2.0
1789 507 2.0
1792 1792 1.0
1792 1261 1.0
1794 1794 1.0
1795 2411 1.0
1795 1795 1.0
1806 2419 1.0
1806 1974 1.0
1806 1806 2.0
1806 1401 1.0
1820 1820 1.0
1820 505 1.0
1831 1831 1.0
1831 244 1.0
1831 223 1.0
1832 2139 1.0
1832 2138 1.0
1832 2137 1.0
1832 1832 1.0
1832 264 1.0
1834 1834 1.0
1834 701 1.0
1834 261 1.0
1834 237 1.0
1835 2251 2.0
1835 1850 2.0
1835 2234 1.0
1835 1835 3.0
1837 1838 1.0
1837 1837 1.0
1838 1838 1.0
1838 1837 1.0
1840 1842 1.0
1840 1840 1.0
1840 259 1.0
1842 1842 1.0
1842 1840 1.0
1842 259 1.0
1850 2251 2.0
1850 1850 2.0
1850 1835 2.0
1852 1852 1.0
1852 599 1.0
1867 207 1.0
1867 60 1.0
1867 1867 3.0
1867 741 1.0
1868 1868 1.0
1872 2409 1.0
1872 1872 1.0
1872 433 1.0
1874 1309 1.0
1874 420 1.0
1874 2090 2.0
1874 1874 3.0
1877 1877 1.0
1877 54 1.0
1886 1886 3.0
1890 2256 1.0
1890 1890 1.0
1890 976 1.0
1895 2002 1.0
1895 1895 1.0
1895 438 1.0
1896 1896 1.0
1896 30 1.0
1897 2283 1.0
1897 2087 1.0
1897 1897 2.0
1897 37 2.0
1902 518 2.0
1902 1902 3.0
1905 1905 1.0
1905 1672 1.0
1905 347 1.0
1906 2325 1.0
1906 2295 1.0
1906 1362 1.0
1906 2044 1.0
1906 1907 1.0
1906 1906 2.0
1906 147 2.0
1907 1157 1.0
1907 2044 1.0
1907 1907 2.0
1907 1906 1.0
1907 147 1.0
1910 2306 1.0
1910 2305 1.0
1910 1910 1.0
1910 1173 1.0
1913 1913 1.0
1914 1939 1.0
1914 1914 3.0
1918 2383 2.0
1918 1925 3.0
1918 1780 1.0
1918 201 2.0
1918 2265 2.0
1918 1918 5.0
1918 1387 5.0
1925 2383 2.0
1925 1925 3.0
1925 1918 3.0
1925 1780 1.0
1925 1387 3.0
1925 201 2.0
1929 2374 2.0
1929 1929 2.0
1929 1671 1.0
1929 57 2.0
1930 1930 1.0
1930 332 1.0
1931 1931 1.0
1931 82 1.0
1932 1736 1.0
1932 667 1.0
1932 1932 3.0
1933 2396 1.0
1933 2064 1.0
1933 329 1.0
1933 1933 2.0
1933 82 2.0
1933 69 1.0
1938 1938 1.0
1939 1939 1.0
1939 1914 1.0
1941 83 1.0
1941 70 1.0
1941 1941 2.0
1941 1789 2.0
1941 1032 2.0
1941 507 2.0
1944 1981 1.0
1944 1944 2.0
1944 211 1.0
1944 110 1.0
1949 1949 1.0
1949 769 1.0
1949 761 1.0
1951 1951 1.0
1951 1733 1.0
1951 1037 1.0
1953 1953 2.0
1953 52 1.0
1954 1954 1.0
1954 590 1.0
1956 1957 2.0
1956 1956 2.0
1957 1957 2.0
1957 1956 2.0
1959 1961 1.0
1959 1960 1.0
1959 1959 1.0
1960 1961 1.0
1960 1960 1.0
1960 1959 1.0
1961 1961 1.0
1961 1960 1.0
1961 1959 1.0
1963 2113 1.0
1963 1963 1.0
1963 60 1.0
1964 543 1.0
1964 2014 2.0
1964 1964 2.0
1964 1697 1.0
1966 1966 1.0
1966 62 1.0
1967 1967 1.0
1967 1337 1.0
1968 1293 1.0
1968 15 1.0
1968 1968 2.0
1968 1404 1.0
1968 206 1.0
1968 104 1.0
1969 2394 1.0
1969 1969 3.0
1970 1970 1.0
1970 336 1.0
1972 1972 1.0
1973 2013 1.0
1973 1973 3.0
1973 1088 1.0
1973 336 2.0
1974 2419 1.0
1974 1974 1.0
1974 1806 1.0
1975 1975 1.0
1975 204 1.0
1976 2407 1.0
1976 1976 1.0
1976 388 1.0
1977 2226 1.0
1977 1977 1.0
1978 2225 1.0
1978 1979 1.0
1978 1406 1.0
1978 1978 2.0
1978 15 2.0
1979 1978 1.0
1979 1406 1.0
1979 15 2.0
1979 2225 3.0
1979 1979 4.0
1980 1980 1.0
1981 1981 1.0
1981 1944 1.0
1983 2073 1.0
1983 2255 1.0
1983 2254 2.0
1983 1983 2.0
1984 1984 1.0
1984 1406 1.0
1986 1986 1.0
1986 488 1.0
1998 2191 1.0
1998 1998 1.0
1998 168 1.0
1998 75 1.0
2002 1417 1.0
2002 73 1.0
2002 2002 2.0
2002 1895 1.0
2002 438 1.0
2003 2338 2.0
2003 2337 2.0
2003 2003 2.0
2004 2004 1.0
2006 2006 1.0
2006 62 1.0
2012 2113 1.0
2012 2012 1.0
2012 60 1.0
2013 2013 1.0
2013 1973 1.0
2014 543 1.0
2014 2014 2.0
2014 1964 2.0
2014 1697 1.0
2015 2015 2.0
2017 2296 1.0
2017 2017 2.0
2018 2018 2.0
2018 754 2.0
2018 753 2.0
2021 2021 1.0
2021 1780 1.0
2021 1777 1.0
2025 2297 1.0
2025 2036 1.0
2025 2026 1.0
2025 2025 1.0
2026 2297 1.0
2026 2036 2.0
2026 2026 3.0
2026 2025 1.0
2030 2398 1.0
2030 340 1.0
2030 2260 2.0
2030 2030 3.0
2030 1706 2.0
2032 2278 1.0
2032 2178 1.0
2032 2250 1.0
2032 2033 1.0
2032 2032 3.0
2032 1628 3.0
2033 2250 1.0
2033 2033 1.0
2033 2032 1.0
2033 1628 1.0
2034 2272 1.0
2034 2034 1.0
2034 347 1.0
2035 2281 1.0
2035 2280 1.0
2035 2279 1.0
2035 2278 1.0
2035 2277 1.0
2035 2178 1.0
2035 2035 1.0
2036 2297 1.0
2036 2036 2.0
2036 2026 2.0
2036 2025 1.0
2037 2037 1.0
2037 418 1.0
2039 2039 1.0
2044 2044 1.0
2044 1907 1.0
2044 1906 1.0
2044 147 1.0
2045 2325 1.0
2045 2295 1.0
2045 2045 1.0
2045 1362 1.0
2045 147 1.0
2051 2051 1.0
2053 2053 1.0
2053 1412 1.0
2055 2055 1.0
2056 2249 1.0
2056 2056 1.0
2056 1742 1.0
2062 2286 1.0
2062 2285 1.0
2062 2063 1.0
2062 2319 1.0
2062 2318 2.0
2062 2062 2.0
2063 2318 1.0
2063 2286 1.0
2063 2285 1.0
2063 2063 1.0
2063 2062 1.0
2064 2396 1.0
2064 2064 1.0
2064 1933 1.0
2064 329 1.0
2064 82 1.0
2065 2396 1.0
2065 2176 1.0
2065 2065 1.0
2065 82 1.0
2066 2066 1.0
2066 1334 1.0
2067 2176 1.0
2067 2067 1.0
2068 2068 2.0
2073 2254 1.0
2073 1983 1.0
2073 2357 1.0
2073 2073 3.0
2073 211 2.0
2079 2079 1.0
2079 58 1.0
2080 2109 1.0
2080 2080 1.0
2080 1610 1.0
2081 2081 1.0
2081 214 1.0
2082 2082 1.0
2084 2084 2.0
2084 488 2.0
2085 2370 1.0
2085 2085 1.0
2085 303 1.0
2087 2283 1.0
2087 2087 1.0
2087 1897 1.0
2087 37 1.0
2090 1309 1.0
2090 420 1.0
2090 1874 2.0
2090 2090 3.0
2094 1668 1.0
2094 1188 1.0
2094 2349 1.0
2094 2094 2.0
2094 211 1.0
2096 2096 1.0
2097 2097 1.0
2097 210 1.0
2099 2363 1.0
2099 2099 1.0
2102 2102 1.0
2102 1337 1.0
2103 2103 1.0
2103 1311 1.0
2103 530 1.0
2105 1182 2.0
2105 205 1.0
2105 2414 2.0
2105 2249 1.0
2105 2105 4.0
2105 1743 1.0
2105 1742 1.0
2109 2109 1.0
2109 2080 1.0
2109 1610 1.0
2111 2112 1.0
2111 2111 1.0
2111 303 1.0
2112 2112 1.0
2112 2111 1.0
2112 303 1.0
2113 2012 1.0
2113 2113 2.0
2113 1963 1.0
2113 60 2.0
2116 2116 1.0
2116 1093 1.0
2120 2120 1.0
2120 246 1.0
2121 2122 1.0
2121 2121 1.0
2121 710 1.0
2121 213 1.0
2122 2122 1.0
2122 2121 1.0
2122 710 1.0
2122 213 1.0
2124 2124 1.0
2124 100 1.0
2126 2126 1.0
2126 1050 1.0
2127 1310 1.0
2127 263 1.0
2127 2127 2.0
2128 2128 1.0
2129 2233 2.0
2129 2129 2.0
2129 1009 2.0
2132 2158 1.0
2132 2132 1.0
2133 2133 1.0
2137 2139 1.0
2137 2138 1.0
2137 2137 2.0
2137 1832 1.0
2137 264 1.0
2138 2139 1.0
2138 2137 1.0
2138 1832 1.0
2138 264 1.0
2138 2138 2.0
2138 1720 1.0
2139 2139 1.0
2139 2138 1.0
2139 2137 1.0
2139 1832 1.0
2139 264 1.0
2143 2143 1.0
2143 994 1.0
2143 904 1.0
2154 2155 1.0
2154 2154 1.0
2155 2155 1.0
2155 2154 1.0
2158 2158 1.0
2158 2132 1.0
2160 420 1.0
2160 2160 2.0
2160 1271 1.0
2160 405 2.0
2163 2258 1.0
2163 2163 1.0
2163 45 1.0
2163 21 1.0
2164 2164 1.0
2164 112 1.0
2164 111 1.0
2165 2165 1.0
2168 2294 1.0
2168 2293 1.0
2168 2168 1.0
2168 713 1.0
2170 2248 2.0
2170 2247 2.0
2170 2171 2.0
2170 2170 2.0
2171 2248 2.0
2171 2247 2.0
2171 2171 2.0
2171 2170 2.0
2176 760 1.0
2176 2396 1.0
2176 2065 1.0
2176 82 1.0
2176 1056 2.0
2176 2067 1.0
2176 2275 1.0
2176 2176 6.0
2176 701 1.0
2178 2032 1.0
2178 2035 1.0
2178 1628 2.0
2178 2281 2.0
2178 2280 2.0
2178 2279 2.0
2178 2278 3.0
2178 2277 2.0
2178 2178 4.0
2181 2182 1.0
2181 2181 1.0
2181 1006 1.0
2182 2181 1.0
2182 1006 1.0
2182 2182 6.0
2191 2191 1.0
2191 1998 1.0
2191 168 1.0
2191 75 1.0
2192 1402 1.0
2192 2192 2.0
2192 1743 1.0
2192 752 1.0
2203 2203 1.0
2203 688 1.0
2206 1715 1.0
2206 2413 2.0
2206 2206 2.0
2206 439 2.0
2207 2207 2.0
2207 1082 1.0
2207 749 1.0
2208 2208 1.0
2208 888 1.0
2208 206 1.0
2208 88 1.0
2212 2212 1.0
2216 2216 1.0
2218 2218 1.0
2218 387 1.0
2220 2220 2.0
2220 74 2.0
2221 2221 1.0
2221 439 1.0
2225 1978 1.0
2225 1406 1.0
2225 15 2.0
2225 2225 3.0
2225 1979 3.0
2226 2226 1.0
2226 1977 1.0
2229 2229 2.0
2232 2232 2.0
2232 1014 2.0
2232 591 1.0
2233 2233 2.0
2233 2129 2.0
2233 1009 2.0
2234 2235 1.0
2234 2234 2.0
2234 1835 1.0
2235 1294 1.0
2235 596 1.0
2235 2235 2.0
2235 2234 1.0
2236 2253 1.0
2236 2236 2.0
2237 2237 2.0
2237 1564 2.0
2238 1582 1.0
2238 2238 2.0
2238 1344 2.0
2239 2239 2.0
2239 1292 1.0
2239 237 2.0
2240 2240 2.0
2240 560 1.0
2240 239 1.0
2240 238 2.0
2241 2411 1.0
2241 387 1.0
2241 2241 3.0
2241 293 1.0
2242 2242 2.0
2242 584 2.0
2243 2294 1.0
2243 2293 1.0
2243 2243 5.0
2243 1672 1.0
2243 1589 1.0
2243 713 5.0
2243 347 1.0
2244 1595 1.0
2244 2244 2.0
2245 2246 2.0
2245 2245 2.0
2245 1736 1.0
2245 1602 2.0
2245 596 2.0
2246 2246 2.0
2246 2245 2.0
2246 1736 1.0
2246 1602 2.0
2246 596 2.0
2247 2248 2.0
2247 2247 2.0
2247 2171 2.0
2247 2170 2.0
2248 2248 2.0
2248 2247 2.0
2248 2171 2.0
2248 2170 2.0
2249 2056 1.0
2249 2249 2.0
2249 2105 1.0
2249 1743 1.0
2249 1742 2.0
2250 2252 1.0
2250 2250 2.0
2250 2033 1.0
2250 2032 1.0
2250 1628 2.0
2251 2251 2.0
2251 1850 2.0
2251 1835 2.0
2252 2250 1.0
2252 2252 2.0
2252 1628 2.0
2253 1100 1.0
2253 2253 2.0
2253 2236 1.0
2254 2073 1.0
2254 2255 1.0
2254 2254 2.0
2254 1983 2.0
2255 2290 1.0
2255 2255 2.0
2255 2254 1.0
2255 1983 1.0
2256 2256 2.0
2256 1890 1.0
2256 976 2.0
2257 2257 2.0
2257 961 2.0
2258 2163 1.0
2258 45 1.0
2258 21 1.0
2258 2258 2.0
2259 1588 1.0
2259 2259 2.0
2259 260 1.0
2260 2398 1.0
2260 2363 2.0
2260 2362 2.0
2260 2260 4.0
2260 2030 2.0
2260 1706 2.0
2261 2262 1.0
2261 2261 2.0
2262 2262 2.0
2262 2261 1.0
2263 683 1.0
2263 2264 2.0
2263 2263 2.0
2263 887 1.0
2264 683 1.0
2264 2264 2.0
2264 2263 2.0
2264 887 1.0
2265 2265 2.0
2265 1918 2.0
2265 1387 2.0
2266 2267 2.0
2266 2266 3.0
2267 2267 2.0
2267 2266 2.0
2268 2269 2.0
2268 2268 2.0
2268 221 2.0
2269 2269 2.0
2269 2268 2.0
2269 221 2.0
2270 2270 2.0
2270 26 2.0
2271 2271 2.0
2272 1672 1.0
2272 2272 2.0
2272 2034 1.0
2272 347 2.0
2273 361 1.0
2273 710 2.0
2273 2273 3.0
2273 569 2.0
2274 2274 3.0
2274 955 1.0
2275 2176 1.0
2275 2275 2.0
2275 701 2.0
2276 257 1.0
2276 2276 2.0
2276 1305 1.0
2277 2035 1.0
2277 2281 2.0
2277 2280 2.0
2277 2279 2.0
2277 2278 2.0
2277 2277 2.0
2277 2178 2.0
2278 2032 1.0
2278 1628 1.0
2278 2035 1.0
2278 2281 2.0
2278 2280 2.0
2278 2279 2.0
2278 2278 3.0
2278 2277 2.0
2278 2178 3.0
2279 2035 1.0
2279 2281 2.0
2279 2280 2.0
2279 2279 2.0
2279 2278 2.0
2279 2277 2.0
2279 2178 2.0
2280 2035 1.0
2280 2281 2.0
2280 2280 2.0
2280 2279 2.0
2280 2278 2.0
2280 2277 2.0
2280 2178 2.0
2281 2035 1.0
2281 2281 2.0
2281 2280 2.0
2281 2279 2.0
2281 2278 2.0
2281 2277 2.0
2281 2178 2.0
2282 2282 2.0
2283 2087 1.0
2283 1897 1.0
2283 37 1.0
2283 2283 2.0
2284 2284 2.0
2284 1311 2.0
2285 2318 1.0
2285 2063 1.0
2285 2062 1.0
2285 2286 2.0
2285 2285 2.0
2286 2318 1.0
2286 2063 1.0
2286 2062 1.0
2286 2286 2.0
2286 2285 2.0
2287 2287 2.0
2287 1679 2.0
2287 199 1.0
2288 2289 2.0
2288 2288 3.0
2288 159 2.0
2289 2290 1.0
2289 2289 4.0
2289 2288 2.0
2289 159 4.0
2290 2289 1.0
2290 159 1.0
2290 2290 2.0
2290 2255 1.0
2291 1174 1.0
2291 788 1.0
2291 2291 2.0
2292 486 2.0
2292 2292 3.0
2293 2168 1.0
2293 2294 2.0
2293 2293 2.0
2293 2243 1.0
2293 713 2.0
2294 2168 1.0
2294 2294 2.0
2294 2293 2.0
2294 2243 1.0
2294 713 2.0
2295 1906 1.0
2295 2325 2.0
2295 2045 1.0
2295 1362 2.0
2295 147 2.0
2295 2295 3.0
2296 2017 1.0
2296 2296 2.0
2297 172 1.0
2297 2297 2.0
2297 2036 1.0
2297 2026 1.0
2297 2025 1.0
2298 2299 1.0
2298 2298 2.0
2298 172 1.0
2299 2299 2.0
2299 2298 1.0
2299 172 2.0
2300 2396 1.0
2300 2300 2.0
2301 2301 2.0
2301 1661 1.0
2302 2302 2.0
2302 1353 1.0
2303 2304 2.0
2303 2303 2.0
2303 164 1.0
2304 2304 2.0
2304 2303 2.0
2304 164 1.0
2305 1910 1.0
2305 2306 2.0
2305 2305 2.0
2305 1173 2.0
2306 1910 1.0
2306 2306 2.0
2306 2305 2.0
2306 1173 2.0
2307 2307 2.0
2308 2308 2.0
2308 70 2.0
2309 2309 2.0
2310 1664 1.0
2310 2311 2.0
2310 2310 2.0
2310 786 2.0
2311 1664 1.0
2311 2311 2.0
2311 2310 2.0
2311 786 2.0
2312 340 1.0
2312 2314 2.0
2312 2313 2.0
2312 2312 2.0
2312 1007 2.0
2312 70 1.0
2313 340 1.0
2313 2314 2.0
2313 2313 2.0
2313 2312 2.0
2313 1007 2.0
2313 70 1.0
2314 340 1.0
2314 2314 3.0
2314 2313 2.0
2314 2312 2.0
2314 1007 2.0
2314 70 2.0
2315 2315 2.0
2315 1426 2.0
2316 2317 1.0
2316 2316 2.0
2316 172 2.0
2317 2317 2.0
2317 2316 1.0
2317 172 2.0
2318 2286 1.0
2318 2285 1.0
2318 2063 1.0
2318 2062 2.0
2318 2319 2.0
2318 2318 3.0
2319 2062 1.0
2319 2319 2.0
2319 2318 2.0
2320 2320 2.0
2320 329 2.0
2320 70 2.0
2321 2385 1.0
2321 201 1.0
2321 2322 1.0
2321 2321 2.0
2321 1402 1.0
2322 1056 1.0
2322 2322 2.0
2322 2321 1.0
2322 1402 1.0
2323 2334 1.0
2323 639 1.0
2323 2323 2.0
2323 1245 2.0
2324 2324 2.0
2325 1906 1.0
2325 2325 2.0
2325 2295 2.0
2325 2045 1.0
2325 1362 2.0
2325 147 2.0
2326 2326 2.0
2326 666 2.0
2327 2327 2.0
2327 1418 2.0
2327 1369 1.0
2328 2328 2.0
2329 2331 2.0
2329 2330 2.0
2329 2329 2.0
2329 340 2.0
2330 2331 2.0
2330 2330 2.0
2330 2329 2.0
2330 340 2.0
2331 2331 2.0
2331 2330 2.0
2331 2329 2.0
2331 340 2.0
2332 2332 2.0
2333 1371 1.0
2333 2333 2.0
2333 1311 1.0
2334 2323 1.0
2334 639 1.0
2334 2334 2.0
2334 1245 2.0
2334 159 1.0
2335 2385 1.0
2335 2384 1.0
2335 201 1.0
2335 2335 2.0
2335 1171 1.0
2335 337 1.0
2336 2336 2.0
2336 1370 1.0
2336 1352 1.0
2337 2338 2.0
2337 2337 2.0
2337 2003 2.0
2338 2338 2.0
2338 2337 2.0
2338 2003 2.0
2339 2339 2.0
2339 1670 1.0
2339 1669 2.0
2340 2351 1.0
2340 2341 1.0
2340 2340 2.0
2340 1586 2.0
2341 620 1.0
2341 2341 2.0
2341 2340 1.0
2341 1586 1.0
2342 2344 3.0
2342 2343 3.0
2342 2342 3.0
2343 2344 3.0
2343 2343 3.0
2343 2342 3.0
2344 2344 3.0
2344 2343 3.0
2344 2342 3.0
2345 2370 1.0
2345 2345 2.0
2345 438 2.0
2346 2348 2.0
2346 2347 2.0
2346 2346 2.0
2347 2348 2.0
2347 2347 2.0
2347 2346 2.0
2348 2348 2.0
2348 2347 2.0
2348 2346 2.0
2349 2365 1.0
2349 2349 2.0
2349 2094 1.0
2349 211 2.0
2350 299 1.0
2350 2350 2.0
2350 1079 2.0
2351 2340 1.0
2351 2351 2.0
2351 1586 2.0
2352 2352 2.0
2352 1406 2.0
2353 620 1.0
2353 2353 2.0
2353 749 2.0
2354 2356 2.0
2354 2355 2.0
2354 2354 2.0
2354 620 2.0
2355 2356 2.0
2355 2355 2.0
2355 2354 2.0
2355 620 2.0
2356 2356 2.0
2356 2355 2.0
2356 2354 2.0
2356 620 2.0
2357 2073 1.0
2357 211 1.0
2357 2357 2.0
2357 1711 1.0
2357 1035 1.0
2358 2359 2.0
2358 2358 2.0
2359 2359 2.0
2359 2358 2.0
2360 2360 2.0
2361 2405 1.0
2361 49 3.0
2361 2361 4.0
2361 1680 4.0
2362 2363 2.0
2362 2362 2.0
2362 2260 2.0
2363 2099 1.0
2363 2363 3.0
2363 2362 2.0
2363 2260 2.0
2364 2364 2.0
2364 727 2.0
2365 2411 1.0
2365 2365 2.0
2365 2349 1.0
2365 211 1.0
2366 2366 2.0
2367 2367 2.0
2367 1673 2.0
2368 2369 2.0
2368 2368 2.0
2368 1257 2.0
2368 109 2.0
2369 2369 2.0
2369 2368 2.0
2369 1257 2.0
2369 109 2.0
2370 2085 1.0
2370 303 1.0
2370 2345 1.0
2370 438 1.0
2370 2370 3.0
2371 1702 1.0
2371 2371 2.0
2371 1181 2.0
2372 1668 1.0
2372 2372 2.0
2372 1188 2.0
2373 2400 1.0
2373 2399 1.0
2373 2373 2.0
2374 2374 2.0
2374 1929 2.0
2374 1671 1.0
2374 57 2.0
2375 2375 2.0
2376 2380 1.0
2376 2376 3.0
2377 2377 2.0
2377 1699 1.0
2377 33 2.0
2377 15 1.0
2378 2379 2.0
2378 2378 2.0
2378 50 2.0
2379 2379 2.0
2379 2378 2.0
2379 50 2.0
2380 2376 1.0
2380 2380 2.0
2381 1278 1.0
2381 2381 2.0
2381 62 1.0
2382 2382 2.0
2382 1311 2.0
2383 2383 2.0
2383 1925 2.0
2383 1918 2.0
2383 1387 2.0
2383 201 1.0
2384 2335 1.0
2384 2385 2.0
2384 2384 2.0
2384 201 2.0
2385 2321 1.0
2385 2335 1.0
2385 2385 3.0
2385 2384 2.0
2385 201 3.0
2386 2389 2.0
2386 2388 2.0
2386 2387 2.0
2386 2386 2.0
2386 758 2.0
2387 2389 2.0
2387 2388 2.0
2387 2387 2.0
2387 2386 2.0
2387 758 2.0
2388 2389 2.0
2388 2388 2.0
2388 2387 2.0
2388 2386 2.0
2388 758 2.0
2389 2389 2.0
2389 2388 2.0
2389 2387 2.0
2389 2386 2.0
2389 758 2.0
2390 2393 1.0
2390 2391 2.0
2390 2390 2.0
2390 23 2.0
2391 2393 1.0
2391 2391 2.0
2391 2390 2.0
2391 23 2.0
2392 284 1.0
2392 2392 2.0
2393 710 1.0
2393 2393 2.0
2393 2391 1.0
2393 2390 1.0
2393 23 1.0
2394 1969 1.0
2394 2394 2.0
2394 1332 1.0
2395 2395 2.0
2395 1710 1.0
2395 488 2.0
2396 2176 1.0
2396 2065 1.0
2396 2064 1.0
2396 1933 1.0
2396 329 1.0
2396 82 2.0
2396 2396 3.0
2396 2300 1.0
2397 1715 1.0
2397 439 1.0
2397 2397 3.0
2397 22 2.0
2398 2398 2.0
2398 2260 1.0
2398 2030 1.0
2398 1706 1.0
2399 1751 1.0
2399 2373 1.0
2399 2400 3.0
2399 2399 3.0
2400 1751 1.0
2400 2373 1.0
2400 2400 3.0
2400 2399 3.0
2401 2401 2.0
2401 1099 1.0
2401 100 1.0
2402 2402 2.0
2403 2403 2.0
2403 54 2.0
2404 2404 2.0
2405 2405 2.0
2405 2361 1.0
2405 1680 1.0
2405 49 2.0
2406 543 1.0
2406 541 1.0
2406 2406 2.0
2406 1644 1.0
2406 1183 1.0
2406 758 1.0
2407 1976 1.0
2407 388 1.0
2407 2408 1.0
2407 2407 2.0
2408 2409 1.0
2408 1403 1.0
2408 2408 3.0
2408 2407 1.0
2409 2408 1.0
2409 2409 2.0
2409 1872 1.0
2409 433 1.0
2410 2418 1.0
2410 2410 2.0
2411 2365 1.0
2411 2241 1.0
2411 2411 3.0
2411 1795 1.0
2412 2412 2.0
2413 1715 1.0
2413 2413 2.0
2413 2206 2.0
2413 439 2.0
2414 1182 1.0
2414 205 1.0
2414 2414 2.0
2414 2105 2.0
2415 2415 2.0
2415 283 2.0
2416 418 1.0
2416 2416 2.0
2417 2417 2.0
2418 1697 1.0
2418 2418 2.0
2418 2410 1.0
2419 195 1.0
2419 2419 2.0
2419 1974 1.0
2419 1806 1.0
