2730 2730
4 1695 1.0
4 4 1.0
8 8 1.0
10 58 1.0
10 10 1.0
12 12 1.0
14 2557 1.0
14 14 1.0
15 1696 1.0
15 2697 2.0
15 2131 1.0
15 1775 1.0
15 15 2.0
19 2638 2.0
19 763 1.0
19 19 2.0
20 2129 1.0
20 360 1.0
20 20 3.0
21 2258 1.0
21 2163 1.0
21 45 1.0
21 21 1.0
23 1868 1.0
23 1726 1.0
23 1519 1.0
23 865 1.0
23 1850 1.0
23 1902 1.0
23 518 1.0
23 2632 1.0
23 1064 1.0
23 23 11.0
26 26 1.0
28 1903 1.0
28 564 1.0
28 28 2.0
29 1023 1.0
29 49 1.0
29 211 1.0
29 29 2.0
30 2582 2.0
30 2581 2.0
30 1896 2.0
30 30 2.0
32 32 1.0
33 2377 1.0
33 33 1.0
34 1176 1.0
34 34 1.0
37 2283 1.0
37 37 1.0
38 1096 1.0
38 2639 1.0
38 38 2.0
39 1799 1.0
39 1764 1.0
39 1309 1.0
39 420 1.0
39 1614 1.0
39 39 2.0
45 2725 1.0
45 2471 1.0
45 2258 1.0
45 2163 1.0
45 45 3.0
45 21 1.0
49 2405 2.0
49 2721 2.0
49 2591 1.0
49 810 1.0
49 98 1.0
49 121 1.0
49 1023 1.0
49 29 1.0
49 2361 1.0
49 1680 2.0
49 49 8.0
50 2379 1.0
50 2378 1.0
50 918 1.0
50 50 2.0
52 1953 1.0
52 52 2.0
54 2366 1.0
54 2019 1.0
54 54 1.0
55 2670 1.0
55 1564 1.0
55 55 1.0
57 57 1.0
58 10 1.0
58 2124 1.0
58 590 1.0
58 236 1.0
58 150 1.0
58 1442 1.0
58 1089 2.0
58 58 6.0
59 2495 2.0
59 59 5.0
60 2113 1.0
60 2012 1.0
60 424 1.0
60 2597 1.0
60 1322 1.0
60 1954 1.0
60 1718 1.0
60 60 5.0
62 2600 2.0
62 62 3.0
64 64 1.0
69 1038 1.0
69 2567 1.0
69 2566 1.0
69 1933 1.0
69 82 1.0
69 70 2.0
69 69 4.0
70 2320 1.0
70 1373 1.0
70 329 2.0
70 2308 2.0
70 86 1.0
70 2176 1.0
70 1171 1.0
70 2578 2.0
70 332 2.0
70 70 11.0
70 69 2.0
71 89 1.0
71 71 1.0
73 2637 2.0
73 2636 2.0
73 2002 2.0
73 73 2.0
74 344 2.0
74 150 2.0
74 74 5.0
79 2707 2.0
79 2670 1.0
79 79 2.0
80 80 1.0
82 2396 1.0
82 2065 1.0
82 159 1.0
82 2585 1.0
82 1705 1.0
82 1170 1.0
82 2567 1.0
82 2566 1.0
82 69 1.0
82 2560 2.0
82 2559 2.0
82 1426 1.0
82 2556 1.0
82 2554 1.0
82 2553 2.0
82 2531 1.0
82 2530 1.0
82 2525 1.0
82 2069 1.0
82 1933 2.0
82 329 1.0
82 2462 2.0
82 2040 3.0
82 82 12.0
83 2577 1.0
83 83 1.0
86 70 1.0
86 86 2.0
88 2585 1.0
88 2021 1.0
88 1705 1.0
88 2717 1.0
88 2208 1.0
88 2081 1.0
88 1699 1.0
88 797 1.0
88 88 3.0
89 89 1.0
89 71 1.0
91 91 1.0
96 2644 1.0
96 1726 1.0
96 2552 1.0
96 96 5.0
98 1178 1.0
98 810 1.0
98 49 1.0
98 2624 2.0
98 2623 2.0
98 281 2.0
98 2594 3.0
98 2593 2.0
98 2591 2.0
98 1687 2.0
98 2433 2.0
98 1382 1.0
98 100 1.0
98 98 9.0
99 1968 1.0
99 99 1.0
100 2124 1.0
100 1099 1.0
100 2433 1.0
100 1382 1.0
100 100 2.0
100 98 1.0
102 521 1.0
102 102 2.0
103 811 1.0
103 103 1.0
105 105 1.0
110 1082 1.0
110 419 1.0
110 2606 1.0
110 1955 1.0
110 110 2.0
113 2058 1.0
113 113 1.0
118 118 1.0
121 1680 1.0
121 121 1.0
121 49 1.0
122 122 1.0
137 2713 1.0
137 137 1.0
147 2514 1.0
147 1056 1.0
147 2615 2.0
147 2295 1.0
147 1906 1.0
147 1362 2.0
147 2325 1.0
147 1695 1.0
147 2044 3.0
147 147 7.0
150 2124 1.0
150 590 1.0
150 236 1.0
150 58 1.0
150 2683 1.0
150 344 2.0
150 74 2.0
150 150 7.0
159 2040 1.0
159 82 1.0
159 2288 3.0
159 2290 5.0
159 2496 1.0
159 1245 1.0
159 2483 5.0
159 2289 8.0
159 159 12.0
165 2686 1.0
165 2359 1.0
165 362 1.0
165 1134 2.0
165 165 9.0
166 166 1.0
167 167 2.0
169 169 1.0
172 2317 1.0
172 2297 1.0
172 2551 2.0
172 2550 3.0
172 350 2.0
172 172 5.0
184 1245 1.0
184 184 1.0
185 1613 1.0
185 2278 1.0
185 2178 2.0
185 185 2.0
192 2287 1.0
192 2222 1.0
192 1801 1.0
192 1293 1.0
192 904 1.0
192 192 3.0
195 1949 1.0
195 2419 1.0
195 624 1.0
195 195 7.0
201 2572 1.0
201 2385 1.0
201 2384 1.0
201 1386 1.0
201 2521 1.0
201 1321 1.0
201 201 4.0
203 203 1.0
204 1677 1.0
204 2467 2.0
204 204 2.0
206 1968 1.0
206 206 1.0
207 2012 1.0
207 1322 1.0
207 2612 1.0
207 207 2.0
210 2630 2.0
210 2381 1.0
210 373 2.0
210 2627 2.0
210 2626 2.0
210 2625 2.0
210 1278 1.0
210 2620 3.0
210 2619 3.0
210 2614 5.0
210 1090 2.0
210 1945 3.0
210 210 11.0
211 2349 1.0
211 2100 1.0
211 211 3.0
211 29 1.0
217 217 2.0
218 865 1.0
218 2427 2.0
218 2420 3.0
218 218 6.0
221 223 1.0
221 221 1.0
223 221 1.0
223 223 2.0
227 2486 1.0
227 227 1.0
228 228 1.0
232 233 1.0
232 232 1.0
233 233 1.0
233 232 1.0
235 2646 1.0
235 2645 1.0
235 758 1.0
235 235 1.0
236 2124 1.0
236 590 1.0
236 150 1.0
236 58 1.0
236 236 2.0
237 1292 2.0
237 2616 3.0
237 2239 1.0
237 237 7.0
238 1627 1.0
238 577 1.0
238 576 1.0
238 264 1.0
238 2240 1.0
238 560 1.0
238 238 3.0
240 1493 1.0
240 919 1.0
240 240 1.0
241 241 2.0
242 2538 1.0
242 242 1.0
244 2672 2.0
244 590 1.0
244 244 3.0
246 2639 1.0
246 1295 1.0
246 246 4.0
247 2443 1.0
247 518 1.0
247 2492 2.0
247 247 3.0
257 993 1.0
257 257 2.0
259 1170 1.0
259 1960 1.0
259 259 6.0
260 2687 1.0
260 260 2.0
261 261 1.0
262 262 1.0
263 1690 1.0
263 2127 1.0
263 1984 1.0
263 936 1.0
263 263 3.0
264 2473 1.0
264 565 1.0
264 2445 2.0
264 2139 2.0
264 2138 1.0
264 1902 2.0
264 518 1.0
264 577 1.0
264 576 1.0
264 264 7.0
264 238 1.0
266 943 3.0
266 266 3.0
271 663 1.0
271 271 1.0
275 1702 1.0
275 275 1.0
278 1982 1.0
278 278 3.0
281 2593 1.0
281 2624 2.0
281 2623 2.0
281 2594 1.0
281 281 2.0
281 98 2.0
284 590 1.0
284 301 1.0
284 599 1.0
284 540 1.0
284 2393 1.0
284 1972 1.0
284 811 1.0
284 439 1.0
284 284 4.0
295 295 1.0
299 2350 1.0
299 1079 1.0
299 2588 1.0
299 299 2.0
301 590 1.0
301 301 1.0
301 284 1.0
302 2724 1.0
302 2607 1.0
302 302 1.0
303 1673 1.0
303 303 1.0
307 2555 1.0
307 1870 1.0
307 307 2.0
328 328 1.0
329 2320 1.0
329 1373 1.0
329 2308 1.0
329 70 2.0
329 2700 1.0
329 2435 1.0
329 666 1.0
329 488 1.0
329 2069 1.0
329 1933 1.0
329 329 4.0
329 82 1.0
332 2578 2.0
332 332 2.0
332 70 2.0
336 1973 1.0
336 811 1.0
336 1964 3.0
336 1401 3.0
336 1959 2.0
336 336 5.0
337 337 1.0
339 339 1.0
340 2475 1.0
340 2107 1.0
340 1689 1.0
340 1638 1.0
340 551 1.0
340 2331 1.0
340 2330 1.0
340 2329 1.0
340 340 2.0
344 344 2.0
344 150 2.0
344 74 2.0
346 346 1.0
347 1905 1.0
347 2689 1.0
347 2680 2.0
347 2034 2.0
347 2675 1.0
347 2549 1.0
347 2159 1.0
347 2077 1.0
347 1672 1.0
347 1339 1.0
347 1589 2.0
347 1508 1.0
347 1320 1.0
347 1989 1.0
347 2272 3.0
347 1613 3.0
347 347 12.0
350 2551 2.0
350 2550 2.0
350 350 2.0
350 172 2.0
358 2574 2.0
358 358 2.0
360 2129 1.0
360 20 1.0
360 1009 1.0
360 1097 1.0
360 955 1.0
360 784 1.0
360 360 3.0
361 2664 1.0
361 710 1.0
361 361 1.0
362 362 1.0
362 165 1.0
366 2177 2.0
366 366 2.0
369 438 1.0
369 369 3.0
370 2109 1.0
370 434 1.0
370 370 1.0
372 372 1.0
373 2630 2.0
373 2381 1.0
373 373 3.0
373 210 2.0
374 1985 1.0
374 1701 1.0
374 374 1.0
375 375 1.0
377 2516 3.0
377 2515 1.0
377 721 1.0
377 377 3.0
382 382 1.0
388 1976 1.0
388 2408 1.0
388 2407 1.0
388 388 3.0
389 418 1.0
389 389 1.0
390 390 1.0
392 392 1.0
396 2541 1.0
396 1669 1.0
396 396 1.0
397 2714 1.0
397 1876 1.0
397 2682 1.0
397 2681 1.0
397 2552 1.0
397 397 2.0
398 398 1.0
400 1335 1.0
400 400 2.0
401 2708 1.0
401 401 1.0
404 2561 1.0
404 2545 1.0
404 1665 1.0
404 786 1.0
404 404 1.0
405 2668 1.0
405 406 1.0
405 1702 1.0
405 1418 1.0
405 484 1.0
405 405 2.0
406 2668 1.0
406 406 1.0
406 405 1.0
412 487 1.0
412 412 1.0
414 2403 1.0
414 2109 1.0
414 1877 1.0
414 414 2.0
418 2037 1.0
418 389 1.0
418 794 1.0
418 418 3.0
419 1082 1.0
419 110 1.0
419 419 4.0
420 2213 1.0
420 541 1.0
420 1799 1.0
420 1764 1.0
420 39 1.0
420 2598 1.0
420 1874 1.0
420 1309 2.0
420 420 3.0
421 1793 1.0
421 2727 2.0
421 1948 2.0
421 1947 2.0
421 1800 1.0
421 421 3.0
424 2113 1.0
424 2012 1.0
424 424 1.0
424 60 1.0
426 426 1.0
427 427 1.0
430 430 1.0
432 1902 1.0
432 432 1.0
433 1872 1.0
433 433 1.0
434 2109 1.0
434 434 1.0
434 370 1.0
438 2720 1.0
438 438 2.0
438 369 1.0
439 2206 1.0
439 1942 1.0
439 2397 1.0
439 2641 3.0
439 1715 3.0
439 2621 2.0
439 1699 2.0
439 1972 1.0
439 811 1.0
439 284 1.0
439 2131 1.0
439 439 9.0
455 455 1.0
465 465 1.0
475 475 2.0
480 480 1.0
484 2729 1.0
484 1702 2.0
484 1418 1.0
484 405 1.0
484 2575 2.0
484 484 4.0
486 2273 1.0
486 2584 2.0
486 2249 1.0
486 486 3.0
487 487 1.0
487 412 1.0
488 1986 1.0
488 2716 2.0
488 2084 3.0
488 2706 2.0
488 2705 2.0
488 2198 2.0
488 2197 2.0
488 2196 2.0
488 2195 2.0
488 2702 3.0
488 1710 2.0
488 2700 2.0
488 2435 2.0
488 666 1.0
488 488 9.0
488 329 1.0
491 2450 1.0
491 491 3.0
492 1698 1.0
492 492 1.0
493 493 1.0
500 500 1.0
508 2385 1.0
508 508 2.0
510 727 1.0
510 2504 2.0
510 1349 2.0
510 728 2.0
510 510 2.0
518 247 1.0
518 23 1.0
518 1902 3.0
518 264 1.0
518 2443 2.0
518 518 5.0
521 102 1.0
521 521 2.0
522 522 1.0
530 530 2.0
533 533 1.0
539 1802 1.0
539 539 1.0
540 599 1.0
540 284 1.0
540 540 3.0
541 420 1.0
541 2213 2.0
541 2722 1.0
541 1949 1.0
541 541 3.0
543 1106 1.0
543 2703 1.0
543 1976 1.0
543 543 2.0
550 2168 1.0
550 713 1.0
550 2454 2.0
550 550 3.0
551 2336 1.0
551 340 1.0
551 2587 2.0
551 2586 2.0
551 1335 2.0
551 1638 2.0
551 2476 1.0
551 2475 2.0
551 2107 2.0
551 1689 2.0
551 551 8.0
552 552 1.0
554 2437 1.0
554 554 1.0
555 555 2.0
560 2240 1.0
560 560 1.0
560 238 1.0
561 1258 1.0
561 2657 3.0
561 562 3.0
561 561 5.0
562 1258 1.0
562 2657 3.0
562 562 3.0
562 561 3.0
563 1109 1.0
563 892 1.0
563 2500 2.0
563 2499 2.0
563 1592 1.0
563 563 5.0
564 1903 1.0
564 28 1.0
564 2461 1.0
564 1588 1.0
564 904 1.0
564 564 2.0
565 2473 2.0
565 565 2.0
565 264 1.0
568 2683 1.0
568 1116 1.0
568 568 1.0
569 569 1.0
571 571 1.0
574 574 2.0
576 1752 1.0
576 577 2.0
576 576 2.0
576 264 1.0
576 238 1.0
577 1752 1.0
577 577 2.0
577 576 2.0
577 264 1.0
577 238 1.0
578 2474 2.0
578 578 2.0
580 580 1.0
584 584 5.0
585 2156 1.0
585 585 1.0
586 2469 1.0
586 586 1.0
590 301 1.0
590 284 1.0
590 2599 1.0
590 2361 1.0
590 1680 1.0
590 2124 1.0
590 236 1.0
590 150 1.0
590 58 1.0
590 2672 1.0
590 244 1.0
590 590 7.0
591 591 1.0
592 592 2.0
593 593 1.0
595 595 1.0
596 2434 1.0
596 1602 1.0
596 2494 2.0
596 1850 1.0
596 1835 1.0
596 1598 2.0
596 1519 1.0
596 1599 2.0
596 596 6.0
599 599 1.0
599 540 1.0
599 284 1.0
603 692 1.0
603 603 1.0
606 606 1.0
620 1179 1.0
620 2356 1.0
620 759 1.0
620 620 5.0
624 195 1.0
624 2595 1.0
624 1949 1.0
624 624 2.0
626 2643 1.0
626 626 1.0
629 629 1.0
630 630 2.0
633 2595 1.0
633 1435 1.0
633 633 1.0
639 788 1.0
639 639 1.0
660 2052 2.0
660 660 2.0
663 663 1.0
663 271 1.0
666 2700 1.0
666 2435 1.0
666 666 1.0
666 488 1.0
666 329 1.0
668 668 1.0
669 692 2.0
669 669 2.0
671 2424 1.0
671 671 1.0
672 672 1.0
681 2485 1.0
681 1634 1.0
681 681 1.0
683 2661 1.0
683 683 1.0
685 685 1.0
687 687 1.0
688 2472 2.0
688 2203 2.0
688 688 2.0
689 2444 1.0
689 689 2.0
692 603 1.0
692 692 3.0
692 669 2.0
693 693 1.0
697 2694 1.0
697 697 2.0
701 2517 1.0
701 2275 1.0
701 2442 1.0
701 1595 1.0
701 701 3.0
708 2684 1.0
708 2505 3.0
708 2491 5.0
708 708 5.0
710 2664 1.0
710 710 1.0
710 361 1.0
713 550 1.0
713 2243 1.0
713 2168 2.0
713 713 4.0
714 714 1.0
721 2516 1.0
721 2515 1.0
721 377 1.0
721 721 2.0
724 1994 1.0
724 2298 1.0
724 2540 2.0
724 1938 3.0
724 724 3.0
725 725 1.0
727 2363 1.0
727 2504 1.0
727 1349 1.0
727 728 1.0
727 510 1.0
727 2477 1.0
727 2364 1.0
727 727 4.0
728 727 1.0
728 2504 2.0
728 1349 2.0
728 728 2.0
728 510 2.0
731 2537 1.0
731 1921 1.0
731 1402 1.0
731 731 1.0
746 746 1.0
747 747 3.0
749 1953 1.0
749 2207 1.0
749 2116 1.0
749 1093 1.0
749 749 4.0
756 756 1.0
758 2646 1.0
758 2645 1.0
758 235 1.0
758 2387 1.0
758 2386 1.0
758 1644 1.0
758 758 3.0
759 759 1.0
759 620 1.0
761 1453 1.0
761 2014 1.0
761 2635 1.0
761 1949 3.0
761 769 1.0
761 761 5.0
763 2638 1.0
763 763 1.0
763 19 1.0
764 1848 1.0
764 2589 2.0
764 1028 1.0
764 764 2.0
765 2013 2.0
765 765 2.0
766 2513 1.0
766 2322 1.0
766 766 1.0
769 794 1.0
769 2416 1.0
769 1949 2.0
769 769 4.0
769 761 1.0
772 1157 1.0
772 772 1.0
781 781 1.0
784 1268 1.0
784 360 1.0
784 1097 2.0
784 955 2.0
784 784 3.0
786 2075 1.0
786 404 1.0
786 1665 2.0
786 2561 2.0
786 2311 1.0
786 2546 2.0
786 2545 4.0
786 1311 1.0
786 786 5.0
788 788 1.0
788 639 1.0
794 769 1.0
794 794 2.0
794 418 1.0
797 2633 1.0
797 1949 1.0
797 2717 1.0
797 2081 1.0
797 1699 1.0
797 88 1.0
797 2208 2.0
797 1697 1.0
797 1668 1.0
797 1176 1.0
797 797 3.0
804 2617 1.0
804 804 1.0
808 2717 1.0
808 808 1.0
810 811 1.0
810 2591 1.0
810 810 2.0
810 98 1.0
810 49 1.0
811 810 1.0
811 103 1.0
811 1959 1.0
811 1401 1.0
811 336 1.0
811 1112 1.0
811 1972 1.0
811 811 5.0
811 439 1.0
811 284 1.0
816 816 1.0
817 817 1.0
857 2153 1.0
857 2145 2.0
857 857 2.0
858 2649 1.0
858 892 1.0
858 2667 1.0
858 953 1.0
858 861 1.0
858 860 1.0
858 858 4.0
860 861 1.0
860 860 1.0
860 858 1.0
861 861 2.0
861 860 1.0
861 858 1.0
865 2661 1.0
865 1726 1.0
865 1519 2.0
865 23 1.0
865 2427 1.0
865 2420 1.0
865 218 1.0
865 865 5.0
876 2470 1.0
876 2468 1.0
876 2162 3.0
876 1153 1.0
876 2463 1.0
876 1127 1.0
876 876 4.0
883 2124 1.0
883 1132 1.0
883 883 1.0
885 885 2.0
887 887 1.0
891 892 1.0
891 891 1.0
892 2649 1.0
892 858 1.0
892 891 1.0
892 2500 1.0
892 2499 1.0
892 892 4.0
892 563 1.0
894 2437 1.0
894 1836 1.0
894 894 1.0
902 902 1.0
904 1763 1.0
904 192 1.0
904 2461 1.0
904 1588 1.0
904 904 3.0
904 564 1.0
908 908 1.0
909 910 1.0
909 909 1.0
910 909 1.0
910 910 2.0
914 1250 1.0
914 914 1.0
918 918 1.0
918 50 1.0
919 1493 1.0
919 919 1.0
919 240 1.0
921 1493 1.0
921 1131 2.0
921 921 2.0
922 2451 2.0
922 922 2.0
924 924 1.0
928 928 2.0
936 936 2.0
936 263 1.0
937 1528 1.0
937 1527 1.0
937 937 2.0
942 942 1.0
943 943 3.0
943 266 3.0
947 947 1.0
948 2506 1.0
948 1542 1.0
948 948 1.0
951 951 2.0
952 2429 2.0
952 952 2.0
953 2667 1.0
953 953 2.0
953 858 1.0
955 360 1.0
955 2274 1.0
955 2050 1.0
955 1097 2.0
955 784 2.0
955 2490 2.0
955 955 5.0
956 956 1.0
958 958 1.0
961 961 1.0
962 962 1.0
970 970 1.0
971 971 1.0
976 2535 2.0
976 2256 3.0
976 1890 3.0
976 976 5.0
979 979 1.0
981 981 1.0
989 2688 1.0
989 2673 1.0
989 989 2.0
992 992 1.0
993 993 1.0
993 257 1.0
994 2143 1.0
994 994 2.0
995 995 1.0
998 998 1.0
1000 1000 1.0
1005 2455 1.0
1005 1005 2.0
1007 2314 1.0
1007 2313 1.0
1007 2312 1.0
1007 1638 1.0
1007 1007 1.0
1009 360 1.0
1009 2233 1.0
1009 2129 1.0
1009 1009 2.0
1014 2232 3.0
1014 1014 3.0
1021 1998 1.0
1021 1021 1.0
1023 1023 1.0
1023 49 1.0
1023 29 1.0
1028 2589 1.0
1028 1028 1.0
1028 764 1.0
1030 1030 1.0
1034 1034 1.0
1037 1951 1.0
1037 1037 1.0
1038 2060 1.0
1038 69 1.0
1038 2558 1.0
1038 1038 4.0
1044 2577 1.0
1044 1044 1.0
1045 1696 1.0
1045 1454 1.0
1045 1045 1.0
1046 1046 1.0
1050 2126 1.0
1050 1050 1.0
1056 2514 1.0
1056 2044 1.0
1056 1362 1.0
1056 147 1.0
1056 2513 1.0
1056 2322 1.0
1056 1369 1.0
1056 1056 3.0
1059 2617 1.0
1059 2580 1.0
1059 2324 1.0
1059 1059 2.0
1064 1064 2.0
1064 23 1.0
1069 1355 1.0
1069 1069 1.0
1073 1968 1.0
1073 1779 1.0
1073 1293 1.0
1073 1073 1.0
1079 2596 1.0
1079 2350 1.0
1079 299 1.0
1079 1618 2.0
1079 1079 5.0
1080 1080 1.0
1081 1081 1.0
1082 1082 1.0
1082 419 1.0
1082 110 1.0
1089 1442 1.0
1089 1089 2.0
1089 58 2.0
1090 2614 2.0
1090 1945 1.0
1090 1090 2.0
1090 210 2.0
1091 1093 1.0
1091 1091 1.0
1093 2211 1.0
1093 2640 2.0
1093 2116 1.0
1093 749 1.0
1093 1091 1.0
1093 2588 2.0
1093 2108 2.0
1093 1694 5.0
1093 1093 9.0
1094 1094 1.0
1096 38 1.0
1096 2669 2.0
1096 1096 3.0
1097 360 1.0
1097 1097 2.0
1097 955 2.0
1097 784 2.0
1098 1098 1.0
1099 2124 1.0
1099 1099 1.0
1099 100 1.0
1100 2604 3.0
1100 2253 2.0
1100 1100 5.0
1101 1101 1.0
1104 1104 1.0
1106 1106 2.0
1106 543 1.0
1109 563 1.0
1109 1109 2.0
1112 1477 1.0
1112 811 1.0
1112 1112 7.0
1116 2683 1.0
1116 1116 1.0
1116 568 1.0
1117 1873 1.0
1117 1118 1.0
1117 1117 3.0
1118 1118 1.0
1118 1117 1.0
1124 1124 1.0
1125 1125 1.0
1127 2463 1.0
1127 1127 4.0
1127 876 1.0
1131 1493 1.0
1131 1131 2.0
1131 921 2.0
1132 2124 1.0
1132 1132 1.0
1132 883 1.0
1134 1134 2.0
1134 165 2.0
1139 2175 1.0
1139 2663 2.0
1139 1139 2.0
1146 2457 2.0
1146 2456 2.0
1146 1146 2.0
1153 2470 1.0
1153 2468 1.0
1153 2162 1.0
1153 876 1.0
1153 2656 1.0
1153 1153 3.0
1156 1156 2.0
1157 1157 2.0
1157 772 1.0
1164 2160 1.0
1164 1164 1.0
1170 259 1.0
1170 2585 1.0
1170 1705 1.0
1170 1170 3.0
1170 82 1.0
1171 2176 1.0
1171 1171 1.0
1171 70 1.0
1173 2699 1.0
1173 2698 1.0
1173 2134 1.0
1173 2305 1.0
1173 1910 1.0
1173 1173 2.0
1176 34 1.0
1176 2208 1.0
1176 1697 1.0
1176 1668 1.0
1176 1176 2.0
1176 797 1.0
1177 1948 1.0
1177 1177 1.0
1178 1178 1.0
1178 98 1.0
1179 1179 1.0
1179 620 1.0
1180 2628 1.0
1180 1180 2.0
1181 2729 1.0
1181 1923 1.0
1181 2605 1.0
1181 2631 3.0
1181 2618 2.0
1181 2371 2.0
1181 2524 3.0
1181 1181 8.0
1183 1183 1.0
1187 1187 2.0
1188 2372 1.0
1188 1668 1.0
1188 1188 3.0
1191 1191 1.0
1210 1210 1.0
1222 2466 1.0
1222 1222 1.0
1233 1773 1.0
1233 1235 1.0
1233 2283 1.0
1233 1233 2.0
1235 1773 1.0
1235 1233 1.0
1235 2484 1.0
1235 1235 2.0
1239 1239 1.0
1242 1242 1.0
1243 2659 2.0
1243 2259 1.0
1243 1243 3.0
1244 2573 1.0
1244 2572 1.0
1244 1244 1.0
1245 2323 1.0
1245 1780 1.0
1245 2334 2.0
1245 184 1.0
1245 2496 3.0
1245 1245 6.0
1245 159 1.0
1248 2074 1.0
1248 1248 1.0
1250 1250 1.0
1250 914 1.0
1255 2447 1.0
1255 1255 1.0
1256 2598 1.0
1256 1874 1.0
1256 1256 1.0
1258 2657 1.0
1258 562 1.0
1258 561 1.0
1258 1258 2.0
1261 1792 2.0
1261 1261 3.0
1268 1268 1.0
1268 784 1.0
1270 2219 1.0
1270 2008 1.0
1270 1270 2.0
1275 2689 1.0
1275 1275 2.0
1278 2614 1.0
1278 1278 1.0
1278 210 1.0
1285 1285 1.0
1292 1292 2.0
1292 237 2.0
1293 1968 1.0
1293 1779 1.0
1293 1073 1.0
1293 2222 1.0
1293 1801 1.0
1293 1293 2.0
1293 192 1.0
1294 2662 1.0
1294 2235 1.0
1294 2493 1.0
1294 1315 1.0
1294 1294 2.0
1295 1295 1.0
1295 246 1.0
1296 1296 2.0
1297 2426 2.0
1297 1297 3.0
1302 2489 1.0
1302 2488 1.0
1302 2487 1.0
1302 1302 1.0
1309 1799 2.0
1309 1764 1.0
1309 39 1.0
1309 2598 1.0
1309 1874 1.0
1309 1309 3.0
1309 420 2.0
1311 2503 1.0
1311 2546 1.0
1311 2545 1.0
1311 786 1.0
1311 2512 2.0
1311 2511 2.0
1311 2510 2.0
1311 2103 3.0
1311 1311 8.0
1315 2493 1.0
1315 1315 1.0
1315 1294 1.0
1318 2525 1.0
1318 2024 1.0
1318 1320 1.0
1318 1318 1.0
1319 1320 1.0
1319 2538 2.0
1319 1918 1.0
1319 1387 1.0
1319 1319 2.0
1320 2062 1.0
1320 2538 1.0
1320 1319 1.0
1320 1589 1.0
1320 1508 1.0
1320 347 1.0
1320 2525 1.0
1320 2024 1.0
1320 1320 4.0
1320 1318 1.0
1321 2515 1.0
1321 1337 1.0
1321 1336 1.0
1321 2521 1.0
1321 1321 2.0
1321 201 1.0
1322 2012 1.0
1322 207 1.0
1322 1322 2.0
1322 60 1.0
1328 1328 1.0
1330 1330 1.0
1334 1334 3.0
1335 2336 1.0
1335 2587 2.0
1335 2586 2.0
1335 551 2.0
1335 1335 3.0
1335 400 1.0
1336 2515 1.0
1336 1337 1.0
1336 1336 1.0
1336 1321 1.0
1337 2515 1.0
1337 1337 1.0
1337 1336 1.0
1337 1321 1.0
1338 1338 1.0
1339 2077 1.0
1339 1672 1.0
1339 1339 1.0
1339 347 1.0
1344 1344 2.0
1347 1347 1.0
1349 727 1.0
1349 2504 2.0
1349 1349 2.0
1349 728 2.0
1349 510 2.0
1354 1354 1.0
1355 1355 1.0
1355 1069 1.0
1361 1361 1.0
1362 1741 1.0
1362 2044 1.0
1362 1056 1.0
1362 2615 1.0
1362 2295 1.0
1362 1906 1.0
1362 147 2.0
1362 2514 3.0
1362 1369 1.0
1362 1362 4.0
1364 1364 1.0
1365 2712 1.0
1365 2711 1.0
1365 2710 1.0
1365 1365 1.0
1369 2514 1.0
1369 1362 1.0
1369 2513 1.0
1369 2322 1.0
1369 1056 1.0
1369 1369 3.0
1373 2320 1.0
1373 1373 1.0
1373 329 1.0
1373 70 1.0
1376 2633 1.0
1376 1949 1.0
1376 1376 2.0
1380 1652 1.0
1380 1380 3.0
1381 1970 2.0
1381 1381 3.0
1382 2433 1.0
1382 1382 1.0
1382 100 1.0
1382 98 1.0
1385 1385 1.0
1386 2384 1.0
1386 1386 1.0
1386 201 1.0
1387 2538 1.0
1387 1918 1.0
1387 1387 1.0
1387 1319 1.0
1393 1393 2.0
1401 2603 1.0
1401 1959 1.0
1401 811 1.0
1401 1964 2.0
1401 336 3.0
1401 1401 5.0
1402 2192 1.0
1402 2537 1.0
1402 1921 1.0
1402 731 1.0
1402 1402 3.0
1406 2523 1.0
1406 1406 1.0
1407 1407 1.0
1412 2053 2.0
1412 1412 2.0
1417 1417 2.0
1418 2327 1.0
1418 2176 1.0
1418 1620 1.0
1418 1702 1.0
1418 1418 3.0
1418 484 1.0
1418 405 1.0
1424 1424 2.0
1425 1425 1.0
1426 2560 1.0
1426 2559 1.0
1426 1426 1.0
1426 82 1.0
1429 1429 1.0
1435 2595 1.0
1435 1435 1.0
1435 633 1.0
1438 1438 1.0
1442 1442 1.0
1442 1089 1.0
1442 58 1.0
1444 1701 1.0
1444 1699 1.0
1444 1444 1.0
1447 1447 1.0
1448 1448 1.0
1451 1451 1.0
1453 1453 1.0
1453 761 1.0
1454 2701 1.0
1454 1779 1.0
1454 1045 1.0
1454 1725 1.0
1454 1696 2.0
1454 1454 3.0
1476 2652 1.0
1476 1476 1.0
1477 1477 1.0
1477 1112 1.0
1480 1480 1.0
1490 1490 1.0
1491 2647 2.0
1491 1491 3.0
1493 919 1.0
1493 240 1.0
1493 1493 2.0
1493 1131 1.0
1493 921 1.0
1498 1498 1.0
1499 1499 1.0
1508 1589 1.0
1508 1508 1.0
1508 1320 1.0
1508 347 1.0
1518 1679 1.0
1518 1518 2.0
1519 2661 1.0
1519 1726 1.0
1519 865 2.0
1519 23 1.0
1519 2494 1.0
1519 1850 1.0
1519 1835 1.0
1519 1598 1.0
1519 1519 3.0
1519 596 1.0
1521 1521 1.0
1523 1523 1.0
1524 2514 1.0
1524 1525 2.0
1524 2446 3.0
1524 1524 4.0
1525 2514 1.0
1525 2446 1.0
1525 1525 2.0
1525 1524 2.0
1527 1528 2.0
1527 1527 2.0
1527 937 1.0
1528 1528 2.0
1528 1527 2.0
1528 937 1.0
1533 1533 1.0
1534 1534 2.0
1542 2506 1.0
1542 1542 1.0
1542 948 1.0
1543 2460 1.0
1543 2459 1.0
1543 2458 1.0
1543 1544 1.0
1543 1543 1.0
1544 2460 1.0
1544 2459 1.0
1544 2458 1.0
1544 1544 1.0
1544 1543 1.0
1548 2424 1.0
1548 1548 1.0
1550 1624 1.0
1550 2497 1.0
1550 1550 2.0
1553 1553 3.0
1557 1557 1.0
1562 1562 1.0
1564 2670 1.0
1564 1564 1.0
1564 55 1.0
1566 1567 1.0
1566 1566 1.0
1567 1566 1.0
1567 1567 2.0
1581 1581 1.0
1586 2351 1.0
1586 1586 1.0
1588 2461 2.0
1588 1588 2.0
1588 904 1.0
1588 564 1.0
1589 2689 1.0
1589 2680 1.0
1589 2034 1.0
1589 1589 2.0
1589 1508 1.0
1589 1320 1.0
1589 347 2.0
1592 1592 1.0
1592 563 1.0
1595 2244 1.0
1595 2442 2.0
1595 1595 2.0
1595 701 1.0
1596 1596 1.0
1598 2494 2.0
1598 1850 1.0
1598 1835 1.0
1598 1598 2.0
1598 1519 1.0
1598 596 2.0
1599 1602 1.0
1599 1599 2.0
1599 596 2.0
1602 1602 1.0
1602 1599 1.0
1602 596 1.0
1603 2180 1.0
1603 2179 1.0
1603 2165 1.0
1603 1603 2.0
1609 1609 1.0
1610 2109 1.0
1610 1610 1.0
1612 1612 1.0
1613 2178 1.0
1613 185 1.0
1613 1613 4.0
1613 347 3.0
1614 1614 1.0
1614 39 1.0
1618 1618 2.0
1618 1079 2.0
1620 2176 1.0
1620 1418 1.0
1620 2480 2.0
1620 2479 2.0
1620 2478 2.0
1620 1620 3.0
1624 1624 1.0
1624 1550 1.0
1627 1627 1.0
1627 238 1.0
1628 1628 1.0
1632 1632 1.0
1634 2485 2.0
1634 1634 2.0
1634 681 1.0
1636 1636 1.0
1638 2314 1.0
1638 2313 1.0
1638 2312 1.0
1638 1007 1.0
1638 2475 1.0
1638 2107 1.0
1638 1689 1.0
1638 340 1.0
1638 1638 3.0
1638 551 2.0
1644 1644 1.0
1644 758 1.0
1647 1647 2.0
1649 2704 2.0
1649 1649 2.0
1652 1652 1.0
1652 1380 1.0
1660 2568 1.0
1660 2068 1.0
1660 1939 1.0
1660 2557 1.0
1660 1660 4.0
1665 2561 1.0
1665 404 1.0
1665 2546 1.0
1665 2545 2.0
1665 1665 2.0
1665 786 2.0
1668 2208 1.0
1668 1697 1.0
1668 1176 1.0
1668 797 1.0
1668 2094 1.0
1668 2372 1.0
1668 1668 3.0
1668 1188 1.0
1669 396 1.0
1669 2541 2.0
1669 2027 1.0
1669 1669 2.0
1672 2077 1.0
1672 1672 1.0
1672 1339 1.0
1672 347 1.0
1673 1673 2.0
1673 303 1.0
1677 2467 1.0
1677 1677 1.0
1677 204 1.0
1679 1679 1.0
1679 1518 1.0
1680 590 1.0
1680 121 1.0
1680 49 2.0
1680 2599 2.0
1680 2375 1.0
1680 2361 3.0
1680 1680 4.0
1685 1685 2.0
1687 2591 1.0
1687 1687 2.0
1687 98 2.0
1689 2693 1.0
1689 2521 1.0
1689 2692 2.0
1689 2691 2.0
1689 2690 2.0
1689 1638 1.0
1689 340 1.0
1689 2476 3.0
1689 2475 2.0
1689 2107 2.0
1689 1689 5.0
1689 551 2.0
1690 1690 1.0
1690 263 1.0
1694 2211 1.0
1694 2640 2.0
1694 2588 1.0
1694 2108 1.0
1694 1694 7.0
1694 1093 5.0
1695 4 1.0
1695 2325 1.0
1695 1695 3.0
1695 147 1.0
1696 2697 1.0
1696 15 1.0
1696 2709 2.0
1696 1045 1.0
1696 1725 1.0
1696 1696 5.0
1696 1454 2.0
1697 2014 1.0
1697 1964 1.0
1697 2208 1.0
1697 1697 3.0
1697 1668 1.0
1697 1176 1.0
1697 797 1.0
1698 1698 1.0
1698 492 1.0
1699 1701 1.0
1699 1444 1.0
1699 2717 1.0
1699 2208 1.0
1699 2081 1.0
1699 797 1.0
1699 88 1.0
1699 2621 2.0
1699 1699 4.0
1699 439 2.0
1701 1985 1.0
1701 374 1.0
1701 1701 2.0
1701 1699 1.0
1701 1444 1.0
1702 2729 1.0
1702 2575 1.0
1702 275 1.0
1702 1702 3.0
1702 1418 1.0
1702 484 2.0
1702 405 1.0
1705 2021 1.0
1705 88 1.0
1705 2585 2.0
1705 1705 2.0
1705 1170 1.0
1705 82 1.0
1710 2702 2.0
1710 1710 2.0
1710 488 2.0
1712 1712 1.0
1715 2397 1.0
1715 2641 3.0
1715 1715 3.0
1715 439 3.0
1718 1954 1.0
1718 1718 1.0
1718 60 1.0
1722 1722 1.0
1725 1725 1.0
1725 1696 1.0
1725 1454 1.0
1726 1519 1.0
1726 865 1.0
1726 23 1.0
1726 2644 2.0
1726 1726 3.0
1726 96 1.0
1728 1728 1.0
1738 1738 1.0
1739 2662 1.0
1739 1739 1.0
1741 2715 1.0
1741 2536 1.0
1741 2436 1.0
1741 1921 1.0
1741 2514 1.0
1741 1362 1.0
1741 2602 1.0
1741 1741 3.0
1743 2539 1.0
1743 1743 1.0
1745 1745 1.0
1749 1749 1.0
1752 1752 1.0
1752 577 1.0
1752 576 1.0
1753 2425 1.0
1753 1753 1.0
1758 1758 1.0
1759 1759 1.0
1760 1760 1.0
1763 904 1.0
1763 1763 2.0
1764 2369 1.0
1764 1799 1.0
1764 1764 2.0
1764 1309 1.0
1764 420 1.0
1764 39 1.0
1769 1769 1.0
1773 1773 1.0
1773 1235 1.0
1773 1233 1.0
1775 2697 1.0
1775 2131 1.0
1775 1775 1.0
1775 15 1.0
1779 1968 1.0
1779 1293 1.0
1779 1073 1.0
1779 2701 1.0
1779 1779 2.0
1779 1454 1.0
1780 1780 1.0
1780 1245 1.0
1786 1786 1.0
1789 1789 1.0
1791 2722 1.0
1791 2218 1.0
1791 1791 3.0
1792 1792 2.0
1792 1261 2.0
1793 1793 1.0
1793 421 1.0
1795 2411 1.0
1795 1795 1.0
1799 1799 2.0
1799 1764 1.0
1799 1309 2.0
1799 420 1.0
1799 39 1.0
1800 1981 1.0
1800 2727 1.0
1800 1948 1.0
1800 1947 1.0
1800 1800 2.0
1800 421 1.0
1801 2222 1.0
1801 1801 1.0
1801 1293 1.0
1801 192 1.0
1802 1802 1.0
1802 539 1.0
1806 2603 1.0
1806 2590 2.0
1806 2419 2.0
1806 1974 1.0
1806 1806 2.0
1826 2677 1.0
1826 1850 1.0
1826 1826 1.0
1832 1832 1.0
1833 2449 2.0
1833 1833 2.0
1835 2234 1.0
1835 2494 1.0
1835 1850 3.0
1835 1835 3.0
1835 1598 1.0
1835 1519 1.0
1835 596 1.0
1836 2437 1.0
1836 1836 1.0
1836 894 1.0
1837 1838 1.0
1837 1837 1.0
1838 1838 1.0
1838 1837 1.0
1839 1839 1.0
1845 1845 1.0
1848 2589 1.0
1848 1848 1.0
1848 764 1.0
1850 2665 1.0
1850 1826 1.0
1850 2677 2.0
1850 23 1.0
1850 2234 1.0
1850 2641 1.0
1850 2494 1.0
1850 1850 9.0
1850 1835 3.0
1850 1598 1.0
1850 1519 1.0
1850 596 1.0
1856 1856 1.0
1857 1857 1.0
1860 2654 3.0
1860 1860 3.0
1867 2005 1.0
1867 2509 2.0
1867 2508 2.0
1867 2507 2.0
1867 1867 4.0
1868 1868 1.0
1868 23 1.0
1870 1870 1.0
1870 307 1.0
1872 1872 1.0
1872 433 1.0
1873 1117 1.0
1873 1873 3.0
1874 2685 1.0
1874 1256 1.0
1874 2598 2.0
1874 1309 1.0
1874 420 1.0
1874 1874 4.0
1876 2714 2.0
1876 1876 2.0
1876 397 1.0
1877 1877 1.0
1877 414 1.0
1886 1886 1.0
1890 2535 1.0
1890 2256 2.0
1890 1890 3.0
1890 976 3.0
1891 2423 1.0
1891 2422 1.0
1891 1892 1.0
1891 1891 1.0
1892 1891 1.0
1892 2423 2.0
1892 2422 2.0
1892 2421 1.0
1892 1892 2.0
1896 2582 2.0
1896 2581 2.0
1896 1896 2.0
1896 30 2.0
1897 1897 1.0
1902 432 1.0
1902 23 1.0
1902 2139 1.0
1902 1902 5.0
1902 518 3.0
1902 264 2.0
1903 1903 1.0
1903 564 1.0
1903 28 1.0
1904 1904 1.0
1905 1905 1.0
1905 347 1.0
1906 2615 1.0
1906 2295 1.0
1906 1906 1.0
1906 1362 1.0
1906 147 1.0
1910 2305 1.0
1910 1910 1.0
1910 1173 1.0
1913 1913 1.0
1914 1914 1.0
1916 1916 1.0
1918 2538 1.0
1918 1918 1.0
1918 1387 1.0
1918 1319 1.0
1921 2715 2.0
1921 1741 1.0
1921 1402 1.0
1921 731 1.0
1921 2537 2.0
1921 2536 3.0
1921 2436 3.0
1921 1921 4.0
1923 2729 1.0
1923 2631 1.0
1923 2524 1.0
1923 1923 1.0
1923 1181 1.0
1924 2293 3.0
1924 1924 3.0
1925 2523 1.0
1925 2522 1.0
1925 1925 1.0
1933 2567 1.0
1933 2566 1.0
1933 69 1.0
1933 2069 1.0
1933 1933 2.0
1933 329 1.0
1933 82 2.0
1934 2634 1.0
1934 1934 1.0
1938 1994 1.0
1938 2298 1.0
1938 2540 2.0
1938 1938 3.0
1938 724 3.0
1939 1939 1.0
1939 1660 1.0
1941 1941 1.0
1942 2206 1.0
1942 1942 1.0
1942 439 1.0
1945 2614 1.0
1945 1090 1.0
1945 1945 3.0
1945 210 3.0
1946 2555 1.0
1946 1946 1.0
1947 2727 2.0
1947 1948 2.0
1947 1947 2.0
1947 1800 1.0
1947 421 2.0
1948 2727 2.0
1948 1947 2.0
1948 1800 1.0
1948 421 2.0
1948 1948 3.0
1948 1177 1.0
1949 195 1.0
1949 797 1.0
1949 541 1.0
1949 2722 2.0
1949 2703 1.0
1949 2014 2.0
1949 2633 2.0
1949 1376 1.0
1949 2595 1.0
1949 624 1.0
1949 1949 10.0
1949 769 2.0
1949 761 3.0
1951 1951 1.0
1951 1037 1.0
1953 749 1.0
1953 1953 3.0
1953 52 1.0
1954 1954 1.0
1954 1718 1.0
1954 60 1.0
1955 2606 1.0
1955 1955 1.0
1955 110 1.0
1959 1401 1.0
1959 811 1.0
1959 336 2.0
1959 1961 1.0
1959 1960 1.0
1959 1959 3.0
1960 259 1.0
1960 1961 1.0
1960 1960 2.0
1960 1959 1.0
1961 1961 2.0
1961 1960 1.0
1961 1959 1.0
1964 2722 1.0
1964 2014 2.0
1964 1697 1.0
1964 1973 1.0
1964 1964 5.0
1964 1401 2.0
1964 336 3.0
1965 2610 2.0
1965 1965 2.0
1968 99 1.0
1968 1779 1.0
1968 1293 1.0
1968 1073 1.0
1968 1968 3.0
1968 206 1.0
1969 2394 1.0
1969 2174 3.0
1969 2609 2.0
1969 1969 6.0
1970 1970 2.0
1970 1381 2.0
1972 1972 1.0
1972 811 1.0
1972 439 1.0
1972 284 1.0
1973 1973 2.0
1973 1964 1.0
1973 336 1.0
1974 2590 1.0
1974 2419 1.0
1974 1974 1.0
1974 1806 1.0
1976 388 1.0
1976 2703 1.0
1976 1976 2.0
1976 543 1.0
1977 2226 1.0
1977 1977 2.0
1978 2622 1.0
1978 1978 1.0
1979 2225 1.0
1979 1979 1.0
1981 1981 1.0
1981 1800 1.0
1982 1982 1.0
1982 278 1.0
1984 2127 1.0
1984 1984 1.0
1984 263 1.0
1985 1985 1.0
1985 1701 1.0
1985 374 1.0
1986 2084 1.0
1986 1986 1.0
1986 488 1.0
1987 1987 1.0
1989 1989 1.0
1989 347 1.0
1994 2540 1.0
1994 1994 1.0
1994 1938 1.0
1994 724 1.0
1998 1998 1.0
1998 1021 1.0
2002 2637 2.0
2002 2636 2.0
2002 2002 2.0
2002 73 2.0
2003 2337 1.0
2003 2003 1.0
2005 2005 1.0
2005 1867 1.0
2006 2006 1.0
2008 2219 1.0
2008 2008 1.0
2008 1270 1.0
2012 1322 1.0
2012 207 1.0
2012 2113 1.0
2012 2012 2.0
2012 424 1.0
2012 60 1.0
2013 2013 2.0
2013 765 2.0
2014 1964 2.0
2014 1697 1.0
2014 2722 2.0
2014 2703 1.0
2014 2014 4.0
2014 1949 2.0
2014 761 1.0
2017 2017 2.0
2019 54 1.0
2019 2366 2.0
2019 2019 2.0
2021 2585 1.0
2021 2021 1.0
2021 1705 1.0
2021 88 1.0
2024 2525 1.0
2024 2024 1.0
2024 1320 1.0
2024 1318 1.0
2025 2025 1.0
2027 2541 1.0
2027 2027 1.0
2027 1669 1.0
2029 2030 1.0
2029 2029 1.0
2030 2029 1.0
2030 2030 2.0
2034 2689 1.0
2034 1589 1.0
2034 2680 2.0
2034 2272 1.0
2034 2034 2.0
2034 347 2.0
2037 418 1.0
2037 2037 2.0
2040 159 1.0
2040 2462 2.0
2040 2040 3.0
2040 82 3.0
2044 2514 1.0
2044 1362 1.0
2044 1056 1.0
2044 2044 3.0
2044 147 3.0
2050 2050 1.0
2050 955 1.0
2052 2052 2.0
2052 660 2.0
2053 2053 2.0
2053 1412 2.0
2058 2058 1.0
2058 113 1.0
2059 2059 1.0
2060 2060 1.0
2060 1038 1.0
2062 1320 1.0
2062 2318 1.0
2062 2286 1.0
2062 2285 1.0
2062 2062 3.0
2065 2559 1.0
2065 2065 1.0
2065 82 1.0
2068 1660 1.0
2068 2068 3.0
2069 2069 1.0
2069 1933 1.0
2069 329 1.0
2069 82 1.0
2074 2074 1.0
2074 1248 1.0
2075 2075 1.0
2075 786 1.0
2077 2077 1.0
2077 1672 1.0
2077 1339 1.0
2077 347 1.0
2081 2717 1.0
2081 2208 1.0
2081 2081 1.0
2081 1699 1.0
2081 797 1.0
2081 88 1.0
2082 2082 1.0
2084 1986 1.0
2084 2716 2.0
2084 2702 1.0
2084 2084 3.0
2084 488 3.0
2094 2094 1.0
2094 1668 1.0
2097 2097 2.0
2099 2363 1.0
2099 2260 1.0
2099 2099 1.0
2100 2349 1.0
2100 2100 1.0
2100 211 1.0
2103 2103 3.0
2103 1311 3.0
2107 1638 1.0
2107 340 1.0
2107 2476 1.0
2107 2475 2.0
2107 2107 2.0
2107 1689 2.0
2107 551 2.0
2108 2588 1.0
2108 2108 2.0
2108 1694 1.0
2108 1093 2.0
2109 434 1.0
2109 370 1.0
2109 2403 1.0
2109 414 1.0
2109 2109 3.0
2109 1610 1.0
2113 2113 1.0
2113 2012 1.0
2113 424 1.0
2113 60 1.0
2116 2116 1.0
2116 1093 1.0
2116 749 1.0
2124 590 1.0
2124 236 1.0
2124 150 1.0
2124 58 1.0
2124 1099 1.0
2124 100 1.0
2124 2124 3.0
2124 1132 1.0
2124 883 1.0
2126 2126 1.0
2126 1050 1.0
2127 2127 1.0
2127 1984 1.0
2127 263 1.0
2129 360 1.0
2129 20 1.0
2129 2233 1.0
2129 2129 2.0
2129 1009 1.0
2131 2697 1.0
2131 1775 1.0
2131 15 1.0
2131 2131 2.0
2131 439 1.0
2134 1173 1.0
2134 2699 2.0
2134 2698 2.0
2134 2134 2.0
2137 2520 2.0
2137 2519 2.0
2137 2518 2.0
2137 2137 2.0
2138 2139 1.0
2138 2138 1.0
2138 264 1.0
2139 2651 1.0
2139 1902 1.0
2139 2139 3.0
2139 2138 1.0
2139 264 2.0
2142 2142 1.0
2143 2143 1.0
2143 994 1.0
2145 2486 1.0
2145 2153 2.0
2145 2145 3.0
2145 857 2.0
2147 2147 1.0
2151 2151 1.0
2153 2486 1.0
2153 2153 2.0
2153 2145 2.0
2153 857 1.0
2154 2154 1.0
2156 2156 1.0
2156 585 1.0
2159 2159 1.0
2159 347 1.0
2160 2668 1.0
2160 2160 2.0
2160 1164 1.0
2162 1153 1.0
2162 876 3.0
2162 2470 2.0
2162 2469 1.0
2162 2468 2.0
2162 2162 4.0
2163 2725 1.0
2163 2471 2.0
2163 2258 1.0
2163 2163 3.0
2163 45 1.0
2163 21 1.0
2165 2180 1.0
2165 2179 1.0
2165 2165 1.0
2165 1603 1.0
2168 550 1.0
2168 2168 2.0
2168 713 2.0
2170 2265 1.0
2170 2230 1.0
2170 2171 1.0
2170 2170 1.0
2171 2265 1.0
2171 2230 1.0
2171 2171 1.0
2171 2170 1.0
2174 2609 1.0
2174 2174 3.0
2174 1969 3.0
2175 2663 1.0
2175 2175 1.0
2175 1139 1.0
2176 1620 1.0
2176 1418 1.0
2176 1171 1.0
2176 70 1.0
2176 2176 4.0
2177 2177 2.0
2177 366 2.0
2178 1613 1.0
2178 2278 1.0
2178 2178 2.0
2178 185 2.0
2179 2180 1.0
2179 2179 1.0
2179 2165 1.0
2179 1603 1.0
2180 2179 1.0
2180 2165 1.0
2180 1603 1.0
2180 2650 1.0
2180 2180 2.0
2185 2186 1.0
2185 2185 1.0
2186 2186 2.0
2186 2185 1.0
2189 2189 1.0
2192 2192 1.0
2192 1402 1.0
2195 2706 2.0
2195 2705 2.0
2195 2198 2.0
2195 2197 2.0
2195 2196 2.0
2195 2195 2.0
2195 488 2.0
2196 2706 2.0
2196 2705 2.0
2196 2198 2.0
2196 2197 2.0
2196 2196 2.0
2196 2195 2.0
2196 488 2.0
2197 2706 2.0
2197 2705 2.0
2197 2198 2.0
2197 2197 2.0
2197 2196 2.0
2197 2195 2.0
2197 488 2.0
2198 2706 2.0
2198 2705 2.0
2198 2198 2.0
2198 2197 2.0
2198 2196 2.0
2198 2195 2.0
2198 488 2.0
2203 2472 2.0
2203 2203 2.0
2203 688 2.0
2206 1942 1.0
2206 439 1.0
2206 2206 2.0
2207 2207 1.0
2207 749 1.0
2208 2717 1.0
2208 2081 1.0
2208 1699 1.0
2208 88 1.0
2208 2208 2.0
2208 1697 1.0
2208 1668 1.0
2208 1176 1.0
2208 797 2.0
2209 2209 1.0
2211 2211 1.0
2211 1694 1.0
2211 1093 1.0
2212 2212 1.0
2213 420 1.0
2213 541 2.0
2213 2213 3.0
2214 2215 1.0
2214 2214 1.0
2215 2215 1.0
2215 2214 1.0
2218 2218 1.0
2218 1791 1.0
2219 2219 1.0
2219 2008 1.0
2219 1270 1.0
2221 2719 1.0
2221 2718 1.0
2221 2221 1.0
2222 1801 1.0
2222 1293 1.0
2222 192 1.0
2222 2601 1.0
2222 2222 2.0
2225 2225 1.0
2225 1979 1.0
2226 2226 1.0
2226 1977 1.0
2229 2229 1.0
2230 2265 1.0
2230 2230 1.0
2230 2171 1.0
2230 2170 1.0
2232 2232 3.0
2232 1014 3.0
2233 2233 1.0
2233 2129 1.0
2233 1009 1.0
2234 2234 1.0
2234 1850 1.0
2234 1835 1.0
2235 2662 1.0
2235 1294 1.0
2235 2235 2.0
2239 2239 1.0
2239 237 1.0
2240 2240 1.0
2240 560 1.0
2240 238 1.0
2243 2243 1.0
2243 713 1.0
2244 2442 1.0
2244 2244 1.0
2244 1595 1.0
2249 2584 1.0
2249 2249 1.0
2249 486 1.0
2253 2253 2.0
2253 1100 2.0
2255 2255 1.0
2256 2256 3.0
2256 1890 2.0
2256 976 3.0
2258 2258 1.0
2258 2163 1.0
2258 45 1.0
2258 21 1.0
2259 2259 1.0
2259 1243 1.0
2260 2363 1.0
2260 2260 1.0
2260 2099 1.0
2261 2262 1.0
2261 2261 1.0
2262 2262 1.0
2262 2261 1.0
2265 2265 1.0
2265 2230 1.0
2265 2171 1.0
2265 2170 1.0
2266 2567 1.0
2266 2566 1.0
2266 2266 1.0
2272 2680 1.0
2272 2034 1.0
2272 2675 1.0
2272 2549 1.0
2272 2272 3.0
2272 347 3.0
2273 2584 1.0
2273 2273 1.0
2273 486 1.0
2274 2490 1.0
2274 2274 1.0
2274 955 1.0
2275 2517 1.0
2275 2275 1.0
2275 701 1.0
2278 2278 1.0
2278 2178 1.0
2278 185 1.0
2283 37 1.0
2283 2283 2.0
2283 1233 1.0
2285 2318 1.0
2285 2286 1.0
2285 2285 1.0
2285 2062 1.0
2286 2318 1.0
2286 2286 1.0
2286 2285 1.0
2286 2062 1.0
2287 2287 1.0
2287 192 1.0
2288 2483 1.0
2288 159 3.0
2288 2290 5.0
2288 2289 5.0
2288 2288 5.0
2289 2290 7.0
2289 2288 5.0
2289 2483 6.0
2289 2289 11.0
2289 159 8.0
2290 2512 1.0
2290 2483 2.0
2290 159 5.0
2290 2529 1.0
2290 2528 1.0
2290 2527 1.0
2290 2526 1.0
2290 2290 9.0
2290 2289 7.0
2290 2288 5.0
2293 2293 3.0
2293 1924 3.0
2295 2615 1.0
2295 2295 1.0
2295 1906 1.0
2295 1362 1.0
2295 147 1.0
2296 2608 1.0
2296 2296 3.0
2297 2550 1.0
2297 2297 1.0
2297 172 1.0
2298 2298 1.0
2298 1938 1.0
2298 724 1.0
2300 2300 1.0
2301 2301 1.0
2305 2305 1.0
2305 1910 1.0
2305 1173 1.0
2307 2544 2.0
2307 2307 2.0
2308 329 1.0
2308 2308 2.0
2308 70 2.0
2309 2309 1.0
2311 2561 1.0
2311 2545 1.0
2311 2311 1.0
2311 786 1.0
2312 2314 1.0
2312 2313 1.0
2312 2312 1.0
2312 1638 1.0
2312 1007 1.0
2313 2314 1.0
2313 2313 1.0
2313 2312 1.0
2313 1638 1.0
2313 1007 1.0
2314 2314 1.0
2314 2313 1.0
2314 2312 1.0
2314 1638 1.0
2314 1007 1.0
2315 2315 1.0
2317 2317 1.0
2317 172 1.0
2318 2318 1.0
2318 2286 1.0
2318 2285 1.0
2318 2062 1.0
2320 2320 1.0
2320 1373 1.0
2320 329 1.0
2320 70 1.0
2322 766 1.0
2322 2513 2.0
2322 2322 2.0
2322 1369 1.0
2322 1056 1.0
2323 2496 1.0
2323 2334 1.0
2323 2323 1.0
2323 1245 1.0
2324 2580 2.0
2324 2324 2.0
2324 1059 1.0
2325 2615 1.0
2325 2325 2.0
2325 1695 1.0
2325 147 1.0
2327 2327 1.0
2327 1418 1.0
2329 2331 1.0
2329 2330 1.0
2329 2329 1.0
2329 340 1.0
2330 2331 1.0
2330 2330 1.0
2330 2329 1.0
2330 340 1.0
2331 2331 1.0
2331 2330 1.0
2331 2329 1.0
2331 340 1.0
2332 2332 2.0
2333 2333 1.0
2334 2496 1.0
2334 2323 1.0
2334 2334 2.0
2334 1245 2.0
2336 2587 1.0
2336 2586 1.0
2336 2336 1.0
2336 1335 1.0
2336 551 1.0
2337 2337 1.0
2337 2003 1.0
2342 2344 1.0
2342 2343 1.0
2342 2342 1.0
2343 2342 1.0
2343 2607 1.0
2343 2344 2.0
2343 2343 2.0
2344 2342 1.0
2344 2607 1.0
2344 2344 2.0
2344 2343 2.0
2349 2349 1.0
2349 2100 1.0
2349 211 1.0
2350 2350 1.0
2350 1079 1.0
2350 299 1.0
2351 2351 1.0
2351 1586 1.0
2356 2356 1.0
2356 620 1.0
2359 2359 1.0
2359 165 1.0
2361 590 1.0
2361 49 1.0
2361 2599 2.0
2361 2375 1.0
2361 2361 4.0
2361 1680 3.0
2363 2260 1.0
2363 2099 1.0
2363 2363 2.0
2363 727 1.0
2364 2477 1.0
2364 2364 1.0
2364 727 1.0
2366 54 1.0
2366 2366 2.0
2366 2019 2.0
2369 2369 1.0
2369 1764 1.0
2370 2370 1.0
2371 2618 2.0
2371 2371 2.0
2371 1181 2.0
2372 2372 1.0
2372 1668 1.0
2372 1188 1.0
2375 2599 1.0
2375 2375 1.0
2375 2361 1.0
2375 1680 1.0
2377 2377 1.0
2377 33 1.0
2378 2379 1.0
2378 2378 1.0
2378 50 1.0
2379 2379 1.0
2379 2378 1.0
2379 50 1.0
2381 2630 1.0
2381 2381 1.0
2381 373 1.0
2381 210 1.0
2384 2384 1.0
2384 1386 1.0
2384 201 1.0
2385 201 1.0
2385 2385 2.0
2385 508 1.0
2386 2387 1.0
2386 2386 1.0
2386 758 1.0
2387 2387 1.0
2387 2386 1.0
2387 758 1.0
2393 2393 1.0
2393 284 1.0
2394 2394 1.0
2394 1969 1.0
2396 2553 1.0
2396 2396 1.0
2396 82 1.0
2397 2641 1.0
2397 2397 1.0
2397 1715 1.0
2397 439 1.0
2399 2400 1.0
2399 2399 1.0
2400 2400 1.0
2400 2399 1.0
2403 2403 1.0
2403 2109 1.0
2403 414 1.0
2405 2721 1.0
2405 2405 2.0
2405 49 2.0
2407 2408 1.0
2407 2407 1.0
2407 388 1.0
2408 2408 3.0
2408 2407 1.0
2408 388 1.0
2411 2411 1.0
2411 1795 1.0
2416 2416 2.0
2416 769 1.0
2419 195 1.0
2419 2603 1.0
2419 2590 2.0
2419 2419 3.0
2419 1974 1.0
2419 1806 2.0
2420 2427 1.0
2420 865 1.0
2420 2420 3.0
2420 218 3.0
2421 2423 1.0
2421 2422 2.0
2421 2421 2.0
2421 1892 1.0
2422 1891 1.0
2422 2423 2.0
2422 2422 4.0
2422 2421 2.0
2422 1892 2.0
2423 1891 1.0
2423 2423 2.0
2423 2422 2.0
2423 2421 1.0
2423 1892 2.0
2424 671 1.0
2424 2424 2.0
2424 1548 1.0
2425 1753 1.0
2425 2425 2.0
2426 2426 2.0
2426 1297 2.0
2427 2420 1.0
2427 865 1.0
2427 2427 2.0
2427 218 2.0
2428 2434 1.0
2428 2428 3.0
2429 2429 2.0
2429 952 2.0
2430 2432 2.0
2430 2431 2.0
2430 2430 2.0
2431 2432 2.0
2431 2431 2.0
2431 2430 2.0
2432 2432 2.0
2432 2431 2.0
2432 2430 2.0
2433 2594 1.0
2433 2433 2.0
2433 1382 1.0
2433 100 1.0
2433 98 2.0
2434 596 1.0
2434 2434 2.0
2434 2428 1.0
2435 2700 2.0
2435 666 1.0
2435 488 2.0
2435 329 1.0
2435 2435 3.0
2436 2539 1.0
2436 2715 3.0
2436 1741 1.0
2436 2708 1.0
2436 2602 1.0
2436 2537 1.0
2436 2536 3.0
2436 1921 3.0
2436 2436 7.0
2437 554 1.0
2437 2437 2.0
2437 1836 1.0
2437 894 1.0
2438 2438 2.0
2439 2441 3.0
2439 2440 3.0
2439 2439 3.0
2440 2441 3.0
2440 2440 3.0
2440 2439 3.0
2441 2441 3.0
2441 2440 3.0
2441 2439 3.0
2442 2244 1.0
2442 2442 2.0
2442 1595 2.0
2442 701 1.0
2443 247 1.0
2443 2443 2.0
2443 518 2.0
2444 689 1.0
2444 2444 2.0
2445 2445 2.0
2445 264 2.0
2446 1525 1.0
2446 2446 3.0
2446 1524 3.0
2447 2447 2.0
2447 1255 1.0
2448 2448 2.0
2449 2449 2.0
2449 1833 2.0
2450 491 1.0
2450 2450 2.0
2451 2451 2.0
2451 922 2.0
2452 2453 2.0
2452 2452 2.0
2453 2453 2.0
2453 2452 2.0
2454 2454 2.0
2454 550 2.0
2455 1005 1.0
2455 2455 3.0
2456 2457 2.0
2456 2456 2.0
2456 1146 2.0
2457 2457 2.0
2457 2456 2.0
2457 1146 2.0
2458 1544 1.0
2458 1543 1.0
2458 2460 2.0
2458 2459 2.0
2458 2458 2.0
2459 1544 1.0
2459 1543 1.0
2459 2460 2.0
2459 2459 2.0
2459 2458 2.0
2460 1544 1.0
2460 1543 1.0
2460 2460 2.0
2460 2459 2.0
2460 2458 2.0
2461 2461 2.0
2461 1588 2.0
2461 904 1.0
2461 564 1.0
2462 2462 2.0
2462 2040 2.0
2462 82 2.0
2463 2463 2.0
2463 1127 1.0
2463 876 1.0
2464 2464 2.0
2465 2465 2.0
2466 1222 1.0
2466 2466 2.0
2467 1677 1.0
2467 2467 3.0
2467 204 2.0
2468 1153 1.0
2468 876 1.0
2468 2470 3.0
2468 2469 1.0
2468 2468 3.0
2468 2162 2.0
2469 586 1.0
2469 2470 1.0
2469 2469 2.0
2469 2468 1.0
2469 2162 1.0
2470 1153 1.0
2470 876 1.0
2470 2470 3.0
2470 2469 1.0
2470 2468 3.0
2470 2162 2.0
2471 2725 1.0
2471 45 1.0
2471 2471 4.0
2471 2163 2.0
2472 2472 2.0
2472 2203 2.0
2472 688 2.0
2473 2473 2.0
2473 565 2.0
2473 264 1.0
2474 2474 2.0
2474 578 2.0
2475 1638 1.0
2475 340 1.0
2475 2476 1.0
2475 2475 2.0
2475 2107 2.0
2475 1689 2.0
2475 551 2.0
2476 2521 1.0
2476 2692 1.0
2476 2691 2.0
2476 2690 2.0
2476 2476 3.0
2476 2475 1.0
2476 2107 1.0
2476 1689 3.0
2476 551 1.0
2477 2477 2.0
2477 2364 1.0
2477 727 1.0
2478 2480 2.0
2478 2479 2.0
2478 2478 2.0
2478 1620 2.0
2479 2480 2.0
2479 2479 2.0
2479 2478 2.0
2479 1620 2.0
2480 2480 2.0
2480 2479 2.0
2480 2478 2.0
2480 1620 2.0
2481 2482 2.0
2481 2481 2.0
2482 2482 2.0
2482 2481 2.0
2483 2288 1.0
2483 2290 2.0
2483 2483 6.0
2483 2289 6.0
2483 159 5.0
2484 1235 1.0
2484 2484 2.0
2485 2485 2.0
2485 1634 2.0
2485 681 1.0
2486 2153 1.0
2486 2145 1.0
2486 2674 1.0
2486 227 1.0
2486 2486 5.0
2487 1302 1.0
2487 2489 2.0
2487 2488 2.0
2487 2487 2.0
2488 1302 1.0
2488 2489 2.0
2488 2488 2.0
2488 2487 2.0
2489 1302 1.0
2489 2489 2.0
2489 2488 2.0
2489 2487 2.0
2490 2274 1.0
2490 2490 2.0
2490 955 2.0
2491 2684 1.0
2491 2505 3.0
2491 2491 6.0
2491 708 5.0
2492 2492 2.0
2492 247 2.0
2493 1315 1.0
2493 1294 1.0
2493 2493 2.0
2494 2494 2.0
2494 1850 1.0
2494 1835 1.0
2494 1598 2.0
2494 1519 1.0
2494 596 2.0
2495 2495 2.0
2495 59 2.0
2496 2334 1.0
2496 2323 1.0
2496 2496 3.0
2496 1245 3.0
2496 159 1.0
2497 2497 2.0
2497 1550 1.0
2498 2693 1.0
2498 2498 2.0
2499 892 1.0
2499 2500 2.0
2499 2499 2.0
2499 563 2.0
2500 892 1.0
2500 2500 2.0
2500 2499 2.0
2500 563 2.0
2501 2501 2.0
2502 2502 4.0
2503 1311 1.0
2503 2503 2.0
2504 727 1.0
2504 2504 2.0
2504 1349 2.0
2504 728 2.0
2504 510 2.0
2505 2505 4.0
2505 2491 3.0
2505 708 3.0
2506 2506 2.0
2506 1542 1.0
2506 948 1.0
2507 2509 2.0
2507 2508 2.0
2507 2507 2.0
2507 1867 2.0
2508 2509 2.0
2508 2508 2.0
2508 2507 2.0
2508 1867 2.0
2509 2509 2.0
2509 2508 2.0
2509 2507 2.0
2509 1867 2.0
2510 2512 2.0
2510 2511 2.0
2510 2510 2.0
2510 1311 2.0
2511 2512 2.0
2511 2511 2.0
2511 2510 2.0
2511 1311 2.0
2512 2290 1.0
2512 2512 3.0
2512 2511 2.0
2512 2510 2.0
2512 1311 2.0
2513 766 1.0
2513 2513 2.0
2513 2322 2.0
2513 1369 1.0
2513 1056 1.0
2514 1741 1.0
2514 2044 1.0
2514 1056 1.0
2514 147 1.0
2514 1525 1.0
2514 1524 1.0
2514 2514 4.0
2514 1369 1.0
2514 1362 3.0
2515 1337 1.0
2515 1336 1.0
2515 1321 1.0
2515 2516 1.0
2515 2515 2.0
2515 721 1.0
2515 377 1.0
2516 2516 3.0
2516 2515 1.0
2516 721 1.0
2516 377 3.0
2517 2275 1.0
2517 701 1.0
2517 2517 3.0
2518 2520 2.0
2518 2519 2.0
2518 2518 2.0
2518 2137 2.0
2519 2520 2.0
2519 2519 2.0
2519 2518 2.0
2519 2137 2.0
2520 2520 2.0
2520 2519 2.0
2520 2518 2.0
2520 2137 2.0
2521 2691 1.0
2521 2690 1.0
2521 2476 1.0
2521 1689 1.0
2521 2521 3.0
2521 1321 1.0
2521 201 1.0
2522 2523 2.0
2522 2522 2.0
2522 1925 1.0
2523 1406 1.0
2523 2523 3.0
2523 2522 2.0
2523 1925 1.0
2524 2729 1.0
2524 1923 1.0
2524 2631 2.0
2524 2524 3.0
2524 1181 3.0
2525 2554 1.0
2525 2553 1.0
2525 2531 1.0
2525 2530 1.0
2525 82 1.0
2525 2525 2.0
2525 2024 1.0
2525 1320 1.0
2525 1318 1.0
2526 2675 1.0
2526 2549 1.0
2526 2548 1.0
2526 2529 2.0
2526 2528 1.0
2526 2527 2.0
2526 2526 3.0
2526 2290 1.0
2527 2529 2.0
2527 2528 1.0
2527 2527 2.0
2527 2526 2.0
2527 2290 1.0
2528 2529 1.0
2528 2528 2.0
2528 2527 1.0
2528 2526 1.0
2528 2290 1.0
2529 2529 2.0
2529 2528 1.0
2529 2527 2.0
2529 2526 2.0
2529 2290 1.0
2530 2554 1.0
2530 2553 1.0
2530 2525 1.0
2530 82 1.0
2530 2531 2.0
2530 2530 2.0
2531 2554 1.0
2531 2553 1.0
2531 2525 1.0
2531 82 1.0
2531 2531 2.0
2531 2530 2.0
2532 2701 1.0
2532 2534 2.0
2532 2533 2.0
2532 2532 2.0
2533 2701 1.0
2533 2534 2.0
2533 2533 3.0
2533 2532 2.0
2534 2701 1.0
2534 2534 2.0
2534 2533 2.0
2534 2532 2.0
2535 2535 2.0
2535 1890 1.0
2535 976 2.0
2536 2715 2.0
2536 1741 1.0
2536 2537 1.0
2536 2536 3.0
2536 2436 3.0
2536 1921 3.0
2537 1402 1.0
2537 731 1.0
2537 2537 2.0
2537 2536 1.0
2537 2436 1.0
2537 1921 2.0
2538 242 1.0
2538 1320 1.0
2538 2538 3.0
2538 1918 1.0
2538 1387 1.0
2538 1319 2.0
2539 2715 1.0
2539 2436 1.0
2539 2539 2.0
2539 1743 1.0
2540 1994 1.0
2540 2540 2.0
2540 1938 2.0
2540 724 2.0
2541 396 1.0
2541 2541 2.0
2541 2027 1.0
2541 1669 2.0
2542 2543 2.0
2542 2542 2.0
2543 2543 2.0
2543 2542 2.0
2544 2544 2.0
2544 2307 2.0
2545 404 1.0
2545 1665 2.0
2545 2561 2.0
2545 2311 1.0
2545 2546 2.0
2545 2545 4.0
2545 1311 1.0
2545 786 4.0
2546 1665 1.0
2546 2546 2.0
2546 2545 2.0
2546 1311 1.0
2546 786 2.0
2547 2547 2.0
2548 2675 1.0
2548 2526 1.0
2548 2549 2.0
2548 2548 2.0
2549 2272 1.0
2549 347 1.0
2549 2675 2.0
2549 2526 1.0
2549 2549 4.0
2549 2548 2.0
2550 2297 1.0
2550 2551 2.0
2550 2550 3.0
2550 350 2.0
2550 172 3.0
2551 2551 2.0
2551 2550 2.0
2551 350 2.0
2551 172 2.0
2552 397 1.0
2552 2682 2.0
2552 2681 2.0
2552 2552 3.0
2552 96 1.0
2553 2396 1.0
2553 2554 1.0
2553 2553 2.0
2553 2531 1.0
2553 2530 1.0
2553 2525 1.0
2553 82 2.0
2554 2554 2.0
2554 2553 1.0
2554 2531 1.0
2554 2530 1.0
2554 2525 1.0
2554 82 1.0
2555 307 1.0
2555 2555 2.0
2555 1946 1.0
2556 2556 2.0
2556 82 1.0
2557 14 1.0
2557 2557 4.0
2557 1660 1.0
2558 1038 1.0
2558 2558 2.0
2559 2065 1.0
2559 2560 1.0
2559 2559 2.0
2559 1426 1.0
2559 82 2.0
2560 2560 2.0
2560 2559 1.0
2560 1426 1.0
2560 82 2.0
2561 1665 1.0
2561 404 1.0
2561 2561 2.0
2561 2545 2.0
2561 2311 1.0
2561 786 2.0
2562 2564 2.0
2562 2563 2.0
2562 2562 2.0
2563 2564 2.0
2563 2563 2.0
2563 2562 2.0
2564 2564 3.0
2564 2563 2.0
2564 2562 2.0
2565 2565 2.0
2566 2266 1.0
2566 2642 1.0
2566 2567 2.0
2566 2566 3.0
2566 1933 1.0
2566 82 1.0
2566 69 1.0
2567 2266 1.0
2567 2567 2.0
2567 2566 2.0
2567 1933 1.0
2567 82 1.0
2567 69 1.0
2568 1660 1.0
2568 2568 2.0
2569 2571 2.0
2569 2570 2.0
2569 2569 2.0
2570 2571 2.0
2570 2570 2.0
2570 2569 2.0
2571 2571 2.0
2571 2570 2.0
2571 2569 2.0
2572 201 1.0
2572 1244 1.0
2572 2573 2.0
2572 2572 3.0
2573 1244 1.0
2573 2573 3.0
2573 2572 2.0
2574 2574 2.0
2574 358 2.0
2575 2729 1.0
2575 1702 1.0
2575 2575 2.0
2575 484 2.0
2576 2592 1.0
2576 2576 3.0
2577 83 1.0
2577 2577 2.0
2577 1044 1.0
2578 2578 2.0
2578 332 2.0
2578 70 2.0
2579 2579 2.0
2580 2580 2.0
2580 2324 2.0
2580 1059 1.0
2581 2582 2.0
2581 2581 2.0
2581 1896 2.0
2581 30 2.0
2582 2582 2.0
2582 2581 2.0
2582 1896 2.0
2582 30 2.0
2583 2583 2.0
2584 2273 1.0
2584 2584 2.0
2584 2249 1.0
2584 486 2.0
2585 2021 1.0
2585 88 1.0
2585 2585 2.0
2585 1705 2.0
2585 1170 1.0
2585 82 1.0
2586 2336 1.0
2586 2587 2.0
2586 2586 2.0
2586 1335 2.0
2586 551 2.0
2587 2336 1.0
2587 2587 2.0
2587 2586 2.0
2587 1335 2.0
2587 551 2.0
2588 299 1.0
2588 2588 3.0
2588 2108 1.0
2588 1694 1.0
2588 1093 2.0
2589 1848 1.0
2589 2589 2.0
2589 1028 1.0
2589 764 2.0
2590 2603 1.0
2590 2590 2.0
2590 2419 2.0
2590 1974 1.0
2590 1806 2.0
2591 810 1.0
2591 49 1.0
2591 2591 2.0
2591 1687 1.0
2591 98 2.0
2592 2576 1.0
2592 2592 2.0
2593 2624 1.0
2593 2623 1.0
2593 281 1.0
2593 2594 1.0
2593 2593 2.0
2593 98 2.0
2594 2624 1.0
2594 2623 1.0
2594 281 1.0
2594 2433 1.0
2594 2594 3.0
2594 2593 1.0
2594 98 3.0
2595 1435 1.0
2595 633 1.0
2595 2595 2.0
2595 1949 1.0
2595 624 1.0
2596 1079 1.0
2596 2597 1.0
2596 2596 2.0
2597 60 1.0
2597 2597 2.0
2597 2596 1.0
2598 1256 1.0
2598 2598 2.0
2598 1874 2.0
2598 1309 1.0
2598 420 1.0
2599 590 1.0
2599 2599 2.0
2599 2375 1.0
2599 2361 2.0
2599 1680 2.0
2600 2600 2.0
2600 62 2.0
2601 2222 1.0
2601 2601 2.0
2602 2708 1.0
2602 2436 1.0
2602 2602 2.0
2602 1741 1.0
2603 1401 1.0
2603 2603 2.0
2603 2590 1.0
2603 2419 1.0
2603 1806 1.0
2604 2604 3.0
2604 1100 3.0
2605 1181 1.0
2605 2605 2.0
2606 2606 2.0
2606 1955 1.0
2606 110 1.0
2607 2724 1.0
2607 302 1.0
2607 2607 2.0
2607 2344 1.0
2607 2343 1.0
2608 2608 2.0
2608 2296 1.0
2609 2174 1.0
2609 2609 2.0
2609 1969 2.0
2610 2610 2.0
2610 1965 2.0
2611 2612 2.0
2611 2611 2.0
2612 207 1.0
2612 2612 3.0
2612 2611 2.0
2613 2646 1.0
2613 2613 2.0
2614 1278 1.0
2614 2620 2.0
2614 2619 2.0
2614 2614 5.0
2614 1945 1.0
2614 1090 2.0
2614 210 5.0
2615 2295 1.0
2615 1906 1.0
2615 1362 1.0
2615 147 2.0
2615 2615 4.0
2615 2325 1.0
2616 2616 3.0
2616 237 3.0
2617 1059 1.0
2617 2617 2.0
2617 804 1.0
2618 2618 2.0
2618 2371 2.0
2618 1181 2.0
2619 2627 1.0
2619 2626 1.0
2619 2625 1.0
2619 2620 3.0
2619 2619 3.0
2619 2614 2.0
2619 210 3.0
2620 2627 1.0
2620 2626 1.0
2620 2625 1.0
2620 2620 3.0
2620 2619 3.0
2620 2614 2.0
2620 210 3.0
2621 2621 2.0
2621 1699 2.0
2621 439 2.0
2622 2622 2.0
2622 1978 1.0
2623 2593 1.0
2623 2624 2.0
2623 2623 2.0
2623 2594 1.0
2623 281 2.0
2623 98 2.0
2624 2593 1.0
2624 2624 2.0
2624 2623 2.0
2624 2594 1.0
2624 281 2.0
2624 98 2.0
2625 2627 2.0
2625 2626 2.0
2625 2625 2.0
2625 2620 1.0
2625 2619 1.0
2625 210 2.0
2626 2627 2.0
2626 2626 2.0
2626 2625 2.0
2626 2620 1.0
2626 2619 1.0
2626 210 2.0
2627 2627 2.0
2627 2626 2.0
2627 2625 2.0
2627 2620 1.0
2627 2619 1.0
2627 210 2.0
2628 1180 1.0
2628 2628 2.0
2629 2629 2.0
2630 2630 2.0
2630 2381 1.0
2630 373 2.0
2630 210 2.0
2631 2729 1.0
2631 1923 1.0
2631 2631 3.0
2631 2524 2.0
2631 1181 3.0
2632 2632 2.0
2632 23 1.0
2633 797 1.0
2633 2633 2.0
2633 1949 2.0
2633 1376 1.0
2634 1934 1.0
2634 2634 2.0
2635 2635 2.0
2635 761 1.0
2636 2637 2.0
2636 2636 2.0
2636 2002 2.0
2636 73 2.0
2637 2637 2.0
2637 2636 2.0
2637 2002 2.0
2637 73 2.0
2638 2638 2.0
2638 763 1.0
2638 19 2.0
2639 246 1.0
2639 2639 2.0
2639 38 1.0
2640 2640 2.0
2640 1694 2.0
2640 1093 2.0
2641 2397 1.0
2641 1850 1.0
2641 2641 5.0
2641 1715 3.0
2641 439 3.0
2642 2642 3.0
2642 2566 1.0
2643 626 1.0
2643 2643 2.0
2644 2644 3.0
2644 1726 2.0
2644 96 1.0
2645 2646 1.0
2645 2645 2.0
2645 758 1.0
2645 235 1.0
2646 2613 1.0
2646 2646 2.0
2646 2645 1.0
2646 758 1.0
2646 235 1.0
2647 2647 2.0
2647 1491 2.0
2648 2649 1.0
2648 2648 2.0
2649 892 1.0
2649 858 1.0
2649 2649 2.0
2649 2648 1.0
2650 2180 1.0
2650 2650 2.0
2651 2139 1.0
2651 2651 2.0
2652 2653 2.0
2652 2652 3.0
2652 1476 1.0
2653 2653 3.0
2653 2652 2.0
2654 2654 3.0
2654 1860 3.0
2655 2655 3.0
2656 1153 1.0
2656 2656 2.0
2657 1258 1.0
2657 2657 3.0
2657 562 3.0
2657 561 3.0
2658 2658 2.0
2659 2659 2.0
2659 1243 2.0
2660 2660 2.0
2661 1519 1.0
2661 865 1.0
2661 2661 2.0
2661 683 1.0
2662 2235 1.0
2662 1294 1.0
2662 2662 2.0
2662 1739 1.0
2663 2175 1.0
2663 2663 2.0
2663 1139 2.0
2664 710 1.0
2664 361 1.0
2664 2664 2.0
2665 1850 1.0
2665 2665 2.0
2666 2666 3.0
2667 953 1.0
2667 2667 2.0
2667 858 1.0
2668 406 1.0
2668 405 1.0
2668 2668 2.0
2668 2160 1.0
2669 2669 2.0
2669 1096 2.0
2670 2707 1.0
2670 79 1.0
2670 2670 2.0
2670 1564 1.0
2670 55 1.0
2671 2671 2.0
2672 2672 2.0
2672 590 1.0
2672 244 2.0
2673 989 1.0
2673 2688 2.0
2673 2673 3.0
2674 2486 1.0
2674 2674 2.0
2675 2272 1.0
2675 347 1.0
2675 2675 2.0
2675 2549 2.0
2675 2548 1.0
2675 2526 1.0
2676 2676 2.0
2677 1826 1.0
2677 2677 2.0
2677 1850 2.0
2678 2679 2.0
2678 2678 2.0
2679 2679 2.0
2679 2678 2.0
2680 2689 1.0
2680 1589 1.0
2680 2680 2.0
2680 2272 1.0
2680 2034 2.0
2680 347 2.0
2681 397 1.0
2681 2682 2.0
2681 2681 2.0
2681 2552 2.0
2682 397 1.0
2682 2682 2.0
2682 2681 2.0
2682 2552 2.0
2683 1116 1.0
2683 568 1.0
2683 2683 2.0
2683 150 1.0
2684 2491 1.0
2684 708 1.0
2684 2684 2.0
2685 1874 1.0
2685 2685 2.0
2686 165 1.0
2686 2686 2.0
2687 260 1.0
2687 2687 2.0
2688 989 1.0
2688 2688 2.0
2688 2673 2.0
2689 1275 1.0
2689 2689 2.0
2689 2680 1.0
2689 2034 1.0
2689 1589 1.0
2689 347 1.0
2690 2521 1.0
2690 2692 1.0
2690 2691 2.0
2690 2690 2.0
2690 2476 2.0
2690 1689 2.0
2691 2521 1.0
2691 2692 1.0
2691 2691 2.0
2691 2690 2.0
2691 2476 2.0
2691 1689 2.0
2692 2693 1.0
2692 2692 2.0
2692 2691 1.0
2692 2690 1.0
2692 2476 1.0
2692 1689 2.0
2693 2498 1.0
2693 2693 2.0
2693 2692 1.0
2693 1689 1.0
2694 697 1.0
2694 2694 2.0
2695 2696 2.0
2695 2695 2.0
2696 2696 2.0
2696 2695 2.0
2697 1696 1.0
2697 2697 2.0
2697 2131 1.0
2697 1775 1.0
2697 15 2.0
2698 1173 1.0
2698 2699 2.0
2698 2698 2.0
2698 2134 2.0
2699 1173 1.0
2699 2699 2.0
2699 2698 2.0
2699 2134 2.0
2700 2700 2.0
2700 2435 2.0
2700 666 1.0
2700 488 2.0
2700 329 1.0
2701 2534 1.0
2701 2533 1.0
2701 2532 1.0
2701 2701 2.0
2701 1779 1.0
2701 1454 1.0
2702 2716 1.0
2702 2084 1.0
2702 2702 3.0
2702 1710 2.0
2702 488 3.0
2703 2722 1.0
2703 2014 1.0
2703 1949 1.0
2703 2703 2.0
2703 1976 1.0
2703 543 1.0
2704 2704 2.0
2704 1649 2.0
2705 2706 2.0
2705 2705 2.0
2705 2198 2.0
2705 2197 2.0
2705 2196 2.0
2705 2195 2.0
2705 488 2.0
2706 2706 2.0
2706 2705 2.0
2706 2198 2.0
2706 2197 2.0
2706 2196 2.0
2706 2195 2.0
2706 488 2.0
2707 2707 2.0
2707 2670 1.0
2707 79 2.0
2708 2602 1.0
2708 2436 1.0
2708 2708 2.0
2708 401 1.0
2709 2709 2.0
2709 1696 2.0
2710 2712 2.0
2710 2711 2.0
2710 2710 2.0
2710 1365 1.0
2711 2712 2.0
2711 2711 2.0
2711 2710 2.0
2711 1365 1.0
2712 2712 2.0
2712 2711 2.0
2712 2710 2.0
2712 1365 1.0
2713 2713 2.0
2713 137 1.0
2714 2714 2.0
2714 1876 2.0
2714 397 1.0
2715 2539 1.0
2715 2715 3.0
2715 2536 2.0
2715 2436 3.0
2715 1921 2.0
2715 1741 1.0
2716 2716 2.0
2716 2702 1.0
2716 2084 2.0
2716 488 2.0
2717 808 1.0
2717 2717 2.0
2717 2208 1.0
2717 2081 1.0
2717 1699 1.0
2717 797 1.0
2717 88 1.0
2718 2221 1.0
2718 2719 2.0
2718 2718 2.0
2719 2221 1.0
2719 2719 2.0
2719 2718 2.0
2720 2720 2.0
2720 438 1.0
2721 2405 1.0
2721 2721 2.0
2721 49 2.0
2722 1964 1.0
2722 1791 1.0
2722 541 1.0
2722 2722 4.0
2722 2703 1.0
2722 2014 2.0
2722 1949 2.0
2723 2723 2.0
2724 2607 1.0
2724 302 1.0
2724 2724 2.0
2725 45 1.0
2725 2725 2.0
2725 2471 1.0
2725 2163 1.0
2726 2726 2.0
2727 2727 2.0
2727 1948 2.0
2727 1947 2.0
2727 1800 1.0
2727 421 2.0
2728 2728 2.0
2729 2631 1.0
2729 2524 1.0
2729 1923 1.0
2729 1181 1.0
2729 2575 1.0
2729 1702 1.0
2729 484 1.0
2729 2729 3.0
