2971 2971
15 2955 1.0
15 2883 1.0
15 1699 1.0
15 2131 1.0
15 2841 1.0
15 1406 1.0
15 414 1.0
15 15 4.0
19 2895 1.0
19 19 1.0
20 20 1.0
22 22 1.0
23 2962 1.0
23 2745 1.0
23 1541 1.0
23 23 10.0
25 25 1.0
26 26 2.0
28 28 1.0
29 2815 2.0
29 2814 2.0
29 29 2.0
30 30 1.0
31 2905 1.0
31 2718 1.0
31 1985 1.0
31 1701 1.0
31 2869 2.0
31 2868 2.0
31 2867 2.0
31 1444 3.0
31 31 3.0
32 2949 1.0
32 2950 1.0
32 2417 2.0
32 32 2.0
33 2377 1.0
33 975 1.0
33 33 2.0
34 1176 1.0
34 34 1.0
36 2799 1.0
36 36 3.0
37 37 1.0
38 2033 1.0
38 2906 2.0
38 38 3.0
39 2791 1.0
39 39 1.0
43 1317 1.0
43 43 1.0
45 2163 1.0
45 1298 2.0
45 45 3.0
49 2361 1.0
49 2721 2.0
49 810 1.0
49 280 1.0
49 2745 1.0
49 49 6.0
50 2732 2.0
50 2731 1.0
50 2256 1.0
50 976 1.0
50 50 2.0
53 391 1.0
53 53 1.0
54 2019 1.0
54 2907 2.0
54 541 3.0
54 54 5.0
55 1564 1.0
55 55 2.0
57 2374 2.0
57 1929 2.0
57 2870 1.0
57 57 3.0
58 2964 1.0
58 58 1.0
59 2495 1.0
59 59 4.0
60 1701 1.0
60 74 1.0
60 2954 2.0
60 2902 1.0
60 2114 1.0
60 2113 1.0
60 2012 1.0
60 2866 2.0
60 60 6.0
62 2206 1.0
62 1966 1.0
62 62 2.0
64 2784 2.0
64 64 2.0
65 65 1.0
67 67 1.0
68 68 1.0
69 2567 1.0
69 2566 1.0
69 82 1.0
69 2810 1.0
69 1038 1.0
69 69 2.0
70 2938 2.0
70 2852 1.0
70 2826 1.0
70 2064 1.0
70 505 1.0
70 82 1.0
70 2935 1.0
70 2308 1.0
70 2320 2.0
70 2578 1.0
70 332 1.0
70 70 8.0
71 1342 1.0
71 718 1.0
71 71 1.0
74 60 1.0
74 110 1.0
74 74 2.0
75 2191 1.0
75 75 1.0
82 159 1.0
82 88 1.0
82 2826 2.0
82 505 1.0
82 70 1.0
82 2924 1.0
82 2462 1.0
82 1081 1.0
82 1080 1.0
82 1933 1.0
82 2873 2.0
82 2872 2.0
82 2384 1.0
82 201 1.0
82 1499 1.0
82 2742 1.0
82 2064 5.0
82 2040 2.0
82 2567 1.0
82 2566 1.0
82 82 12.0
82 69 1.0
83 83 1.0
86 86 1.0
88 2040 1.0
88 159 1.0
88 82 1.0
88 2595 1.0
88 88 2.0
91 91 1.0
96 2898 1.0
96 2004 1.0
96 2601 1.0
96 96 2.0
98 2623 1.0
98 2593 1.0
98 1687 1.0
98 281 2.0
98 98 3.0
99 2861 1.0
99 764 1.0
99 99 1.0
100 100 1.0
101 101 1.0
103 1679 1.0
103 103 1.0
104 2717 1.0
104 2208 2.0
104 1176 1.0
104 104 2.0
105 2955 1.0
105 2108 1.0
105 105 2.0
108 2968 1.0
108 2966 1.0
108 2794 1.0
108 434 1.0
108 108 1.0
109 2368 1.0
109 1257 1.0
109 2407 1.0
109 109 2.0
110 1407 1.0
110 2793 1.0
110 2792 1.0
110 627 1.0
110 1764 1.0
110 74 1.0
110 2273 1.0
110 486 1.0
110 2894 2.0
110 2606 3.0
110 2885 1.0
110 1082 1.0
110 110 9.0
111 2759 1.0
111 2758 1.0
111 2234 2.0
111 111 2.0
112 1955 1.0
112 112 1.0
113 2897 1.0
113 2058 2.0
113 113 2.0
122 2970 1.0
122 122 2.0
127 1172 1.0
127 136 1.0
127 127 1.0
136 1172 1.0
136 136 1.0
136 127 1.0
144 848 1.0
144 144 1.0
147 2930 2.0
147 2929 2.0
147 2160 1.0
147 2044 1.0
147 2615 2.0
147 2295 1.0
147 661 1.0
147 1906 2.0
147 1362 2.0
147 2325 3.0
147 1660 2.0
147 147 8.0
150 1825 1.0
150 1480 1.0
150 150 1.0
151 151 1.0
157 157 1.0
158 2577 1.0
158 1786 1.0
158 158 1.0
159 2040 1.0
159 88 1.0
159 82 1.0
159 2288 1.0
159 2483 2.0
159 2828 2.0
159 2290 4.0
159 2289 5.0
159 159 7.0
161 161 1.0
164 2818 1.0
164 164 1.0
165 1112 1.0
165 165 1.0
172 2550 1.0
172 2297 1.0
172 2853 2.0
172 2317 2.0
172 172 2.0
185 2278 1.0
185 2178 1.0
185 185 2.0
193 193 1.0
195 2419 1.0
195 1949 1.0
195 195 4.0
198 198 1.0
199 199 1.0
201 2103 1.0
201 1311 1.0
201 1780 1.0
201 2335 1.0
201 2873 1.0
201 2872 1.0
201 82 1.0
201 2849 1.0
201 2848 1.0
201 2385 3.0
201 2248 2.0
201 2171 1.0
201 2170 1.0
201 2805 4.0
201 2804 5.0
201 2384 7.0
201 1386 2.0
201 1081 1.0
201 1080 2.0
201 201 11.0
203 203 2.0
205 2945 1.0
205 2876 1.0
205 2883 1.0
205 2882 1.0
205 2105 2.0
205 1182 2.0
205 2718 1.0
205 205 6.0
207 2862 1.0
207 2612 1.0
207 207 3.0
210 1780 1.0
210 1035 1.0
210 2630 1.0
210 373 1.0
210 779 1.0
210 1945 1.0
210 2881 2.0
210 2880 2.0
210 2879 2.0
210 2878 2.0
210 2749 2.0
210 2403 2.0
210 1090 2.0
210 210 5.0
211 2094 2.0
211 1188 2.0
211 287 1.0
211 1695 1.0
211 2116 1.0
211 749 1.0
211 1088 2.0
211 2875 2.0
211 2100 1.0
211 211 10.0
213 2127 1.0
213 213 1.0
214 214 1.0
215 215 1.0
216 999 1.0
216 345 1.0
216 216 1.0
217 217 1.0
218 1964 1.0
218 2427 1.0
218 218 2.0
221 221 1.0
227 227 1.0
228 2737 2.0
228 228 2.0
232 233 1.0
232 232 3.0
233 233 1.0
233 232 1.0
237 434 1.0
237 1595 1.0
237 237 2.0
238 1627 1.0
238 238 2.0
239 2759 1.0
239 2235 1.0
239 2234 1.0
239 239 1.0
240 2153 1.0
240 2145 1.0
240 240 1.0
241 284 1.0
241 241 1.0
246 1732 1.0
246 1295 1.0
246 2639 1.0
246 246 2.0
247 2484 1.0
247 518 1.0
247 247 2.0
248 248 1.0
259 1960 1.0
259 259 2.0
260 2741 1.0
260 1588 1.0
260 904 1.0
260 260 1.0
261 1595 1.0
261 261 2.0
262 262 1.0
263 2127 1.0
263 2890 1.0
263 2889 4.0
263 1984 3.0
263 263 4.0
264 2139 1.0
264 264 2.0
271 2270 1.0
271 271 1.0
275 275 2.0
279 289 1.0
279 279 1.0
280 280 1.0
280 49 1.0
281 2623 1.0
281 2593 1.0
281 281 2.0
281 98 2.0
282 282 1.0
284 599 1.0
284 540 1.0
284 1932 1.0
284 284 3.0
284 241 1.0
287 287 1.0
287 211 1.0
289 289 1.0
289 279 1.0
293 293 1.0
302 2724 1.0
302 302 1.0
303 303 1.0
307 1870 1.0
307 2555 1.0
307 307 2.0
323 323 1.0
329 2809 1.0
329 2700 1.0
329 2435 1.0
329 666 1.0
329 488 1.0
329 2826 1.0
329 1933 1.0
329 614 1.0
329 2525 1.0
329 1320 1.0
329 329 4.0
332 2924 1.0
332 2578 1.0
332 332 3.0
332 70 1.0
336 1401 1.0
336 747 1.0
336 1959 3.0
336 336 4.0
339 1346 1.0
339 2934 1.0
339 2062 1.0
339 339 3.0
340 2329 1.0
340 736 1.0
340 2314 1.0
340 2753 1.0
340 2331 3.0
340 2107 1.0
340 551 1.0
340 340 3.0
345 999 1.0
345 345 1.0
345 216 1.0
347 597 1.0
347 2809 1.0
347 2272 1.0
347 2800 1.0
347 2680 1.0
347 2034 1.0
347 2783 1.0
347 2779 1.0
347 1347 1.0
347 347 5.0
349 2936 1.0
349 349 1.0
358 2574 1.0
358 2829 2.0
358 358 3.0
359 359 1.0
360 1703 1.0
360 1009 3.0
360 360 3.0
361 2823 1.0
361 1998 1.0
361 361 1.0
366 2395 1.0
366 366 2.0
369 2965 1.0
369 2951 1.0
369 1693 2.0
369 369 6.0
373 2630 1.0
373 373 1.0
373 210 1.0
374 765 1.0
374 764 1.0
374 374 2.0
375 375 1.0
376 495 1.0
376 376 3.0
382 382 1.0
391 391 1.0
391 53 1.0
392 2305 1.0
392 392 1.0
395 395 1.0
397 2752 2.0
397 397 2.0
398 956 1.0
398 398 1.0
401 401 1.0
405 405 1.0
408 408 3.0
412 487 1.0
412 412 1.0
414 15 1.0
414 2794 1.0
414 2793 1.0
414 2792 1.0
414 414 2.0
418 755 1.0
418 418 3.0
419 1799 1.0
419 419 2.0
421 1800 1.0
421 421 3.0
427 811 2.0
427 427 3.0
429 429 2.0
433 1872 1.0
433 433 2.0
434 2969 2.0
434 2019 1.0
434 541 1.0
434 2968 2.0
434 2966 2.0
434 2794 2.0
434 108 1.0
434 434 5.0
434 237 1.0
438 438 2.0
439 2466 1.0
439 1715 1.0
439 2206 1.0
439 2910 2.0
439 2414 1.0
439 2221 1.0
439 2243 1.0
439 713 1.0
439 439 7.0
449 449 1.0
450 450 1.0
455 2748 1.0
455 455 2.0
477 477 1.0
484 2446 1.0
484 484 3.0
486 2292 1.0
486 2273 1.0
486 110 1.0
486 2793 1.0
486 486 3.0
487 412 1.0
487 2888 1.0
487 2887 1.0
487 487 2.0
488 2807 1.0
488 2873 1.0
488 2702 1.0
488 2942 2.0
488 2941 2.0
488 2716 2.0
488 2940 2.0
488 2084 2.0
488 1080 2.0
488 2764 2.0
488 1628 2.0
488 2700 1.0
488 2435 1.0
488 666 1.0
488 488 10.0
488 329 1.0
495 2877 1.0
495 2056 1.0
495 376 1.0
495 495 3.0
505 2826 1.0
505 2064 1.0
505 82 1.0
505 70 1.0
505 1056 1.0
505 1338 1.0
505 505 3.0
507 2832 1.0
507 507 1.0
511 511 1.0
518 1902 1.0
518 2484 1.0
518 247 1.0
518 518 3.0
523 2603 1.0
523 2233 2.0
523 1009 1.0
523 523 2.0
524 1238 1.0
524 524 1.0
530 2816 2.0
530 530 2.0
531 2844 1.0
531 2888 1.0
531 2887 1.0
531 2845 1.0
531 2830 1.0
531 2092 2.0
531 2801 2.0
531 531 5.0
532 752 1.0
532 532 1.0
540 284 1.0
540 1852 1.0
540 599 2.0
540 540 4.0
541 2968 1.0
541 2966 1.0
541 2794 1.0
541 2019 1.0
541 434 1.0
541 2945 1.0
541 543 1.0
541 2907 2.0
541 541 7.0
541 54 3.0
543 541 1.0
543 2945 2.0
543 1377 1.0
543 2603 1.0
543 2703 1.0
543 761 1.0
543 2730 1.0
543 2635 1.0
543 2014 1.0
543 543 5.0
546 546 1.0
547 1918 1.0
547 1387 1.0
547 547 1.0
548 548 1.0
550 2802 2.0
550 550 3.0
551 2331 1.0
551 2107 2.0
551 340 1.0
551 2753 2.0
551 1638 2.0
551 551 3.0
552 1844 1.0
552 552 1.0
554 554 2.0
555 1488 1.0
555 555 1.0
561 2657 1.0
561 1258 1.0
561 562 2.0
561 561 2.0
562 2657 1.0
562 1258 1.0
562 562 2.0
562 561 2.0
563 563 1.0
564 2756 1.0
564 2755 1.0
564 2461 1.0
564 2259 1.0
564 1588 1.0
564 904 1.0
564 564 1.0
565 565 1.0
569 569 1.0
573 573 1.0
578 578 3.0
584 2738 2.0
584 584 3.0
590 2957 1.0
590 590 4.0
591 593 1.0
591 591 1.0
592 976 1.0
592 592 3.0
593 593 1.0
593 591 1.0
596 2245 1.0
596 1599 1.0
596 2785 1.0
596 1602 3.0
596 2494 1.0
596 1598 1.0
596 1587 1.0
596 596 5.0
597 347 1.0
597 2769 1.0
597 597 2.0
599 284 1.0
599 1852 1.0
599 599 2.0
599 540 2.0
603 692 1.0
603 603 1.0
606 613 1.0
606 606 1.0
613 613 1.0
613 606 1.0
614 2826 1.0
614 1933 1.0
614 614 1.0
614 329 1.0
615 615 1.0
620 1179 1.0
620 1987 1.0
620 2356 1.0
620 620 4.0
624 1964 1.0
624 624 1.0
627 2793 1.0
627 2792 1.0
627 110 1.0
627 627 2.0
630 630 2.0
633 2928 1.0
633 2236 1.0
633 633 1.0
644 1471 1.0
644 644 1.0
660 2847 1.0
660 2052 1.0
660 1656 1.0
660 2747 1.0
660 2746 1.0
660 660 3.0
661 2615 1.0
661 2295 1.0
661 1906 1.0
661 1362 1.0
661 661 1.0
661 147 1.0
663 663 1.0
666 2700 1.0
666 2435 1.0
666 488 1.0
666 329 1.0
666 2326 1.0
666 666 3.0
667 1932 1.0
667 667 1.0
669 1901 1.0
669 692 2.0
669 669 4.0
688 2203 1.0
688 1885 1.0
688 966 1.0
688 688 1.0
689 2787 1.0
689 2750 2.0
689 2444 2.0
689 689 3.0
692 603 1.0
692 692 3.0
692 669 2.0
701 2517 1.0
701 1902 2.0
701 701 3.0
706 706 1.0
710 2890 1.0
710 2889 1.0
710 723 1.0
710 710 5.0
713 2943 2.0
713 2243 2.0
713 439 1.0
713 2168 1.0
713 713 5.0
718 1342 1.0
718 718 1.0
718 71 1.0
721 2092 1.0
721 2074 1.0
721 721 2.0
723 769 1.0
723 1682 1.0
723 723 5.0
723 710 1.0
724 2191 1.0
724 1998 1.0
724 2540 1.0
724 2303 1.0
724 1938 1.0
724 724 2.0
727 1717 1.0
727 2419 1.0
727 727 2.0
731 2908 1.0
731 2856 1.0
731 747 1.0
731 731 1.0
736 2331 1.0
736 2329 1.0
736 736 1.0
736 340 1.0
747 2856 1.0
747 731 1.0
747 1959 1.0
747 1401 1.0
747 336 1.0
747 2908 2.0
747 747 4.0
749 2207 1.0
749 2956 2.0
749 2116 1.0
749 211 1.0
749 1692 2.0
749 2353 2.0
749 2216 1.0
749 749 6.0
751 751 2.0
752 532 1.0
752 2877 1.0
752 2609 1.0
752 1969 1.0
752 752 2.0
753 1391 1.0
753 754 1.0
753 753 1.0
754 1391 1.0
754 753 1.0
754 2857 1.0
754 754 2.0
755 755 1.0
755 418 1.0
756 756 3.0
760 2886 2.0
760 760 2.0
761 2864 2.0
761 1257 1.0
761 2703 1.0
761 761 4.0
761 543 1.0
764 374 1.0
764 99 1.0
764 2861 2.0
764 2589 1.0
764 765 2.0
764 764 3.0
765 374 1.0
765 2013 1.0
765 2861 1.0
765 2589 1.0
765 764 2.0
765 765 5.0
769 2058 1.0
769 2952 1.0
769 794 1.0
769 769 3.0
769 723 1.0
772 2918 1.0
772 2917 1.0
772 772 1.0
779 2881 1.0
779 2880 1.0
779 2879 1.0
779 2878 1.0
779 2749 1.0
779 2403 1.0
779 1090 1.0
779 779 1.0
779 210 1.0
784 2840 1.0
784 784 1.0
786 2850 1.0
786 2822 1.0
786 2821 1.0
786 2546 1.0
786 2545 1.0
786 786 2.0
794 2416 1.0
794 2952 1.0
794 794 2.0
794 769 1.0
797 2208 1.0
797 1688 1.0
797 797 1.0
799 1278 1.0
799 799 1.0
810 810 1.0
810 49 1.0
811 811 3.0
811 427 2.0
816 816 1.0
848 848 1.0
848 144 1.0
853 853 1.0
858 861 1.0
858 860 1.0
858 858 1.0
860 861 1.0
860 860 1.0
860 858 1.0
861 861 1.0
861 860 1.0
861 858 1.0
865 2735 2.0
865 2734 2.0
865 1526 2.0
865 2733 3.0
865 865 4.0
867 869 1.0
867 867 1.0
869 867 1.0
869 2743 1.0
869 995 1.0
869 869 2.0
883 2124 1.0
883 1132 1.0
883 1586 1.0
883 883 3.0
891 892 2.0
891 891 2.0
892 892 2.0
892 891 2.0
894 894 1.0
904 2741 1.0
904 260 1.0
904 2756 2.0
904 2755 2.0
904 2461 1.0
904 2259 1.0
904 1588 3.0
904 904 3.0
904 564 1.0
908 908 1.0
918 918 1.0
928 928 2.0
936 2803 3.0
936 936 4.0
938 938 1.0
947 2807 1.0
947 947 1.0
951 1542 1.0
951 951 1.0
955 2806 1.0
955 2274 1.0
955 1117 1.0
955 2772 2.0
955 2050 2.0
955 955 3.0
956 2078 1.0
956 398 1.0
956 2851 2.0
956 2836 2.0
956 2835 1.0
956 2834 2.0
956 956 8.0
958 958 1.0
962 962 1.0
966 2203 1.0
966 1885 1.0
966 966 1.0
966 688 1.0
975 975 1.0
975 33 1.0
976 592 1.0
976 2732 1.0
976 2731 2.0
976 2256 1.0
976 976 5.0
976 50 1.0
986 986 1.0
988 988 1.0
994 2757 1.0
994 994 1.0
995 2767 1.0
995 869 1.0
995 2743 2.0
995 995 3.0
996 2447 1.0
996 2760 1.0
996 996 2.0
999 999 1.0
999 345 1.0
999 216 1.0
1003 1003 1.0
1009 2233 1.0
1009 523 1.0
1009 1703 1.0
1009 1009 5.0
1009 360 3.0
1014 2232 1.0
1014 1014 1.0
1028 2928 1.0
1028 1926 1.0
1028 1028 2.0
1030 1030 1.0
1034 1034 1.0
1035 1780 1.0
1035 1035 1.0
1035 210 1.0
1038 2558 1.0
1038 2810 3.0
1038 1038 3.0
1038 69 1.0
1039 1039 1.0
1046 1046 1.0
1050 2933 2.0
1050 2932 2.0
1050 2931 2.0
1050 2708 2.0
1050 1050 2.0
1056 2820 1.0
1056 2176 1.0
1056 1362 1.0
1056 1170 1.0
1056 505 1.0
1056 2513 1.0
1056 2322 1.0
1056 1369 1.0
1056 1056 4.0
1059 2617 1.0
1059 2575 1.0
1059 1059 1.0
1064 1064 1.0
1068 1677 2.0
1068 2798 2.0
1068 2797 2.0
1068 1127 3.0
1068 1097 2.0
1068 1068 4.0
1069 1069 2.0
1079 2588 1.0
1079 1079 2.0
1080 2941 1.0
1080 2873 2.0
1080 2872 1.0
1080 82 1.0
1080 2084 1.0
1080 488 2.0
1080 201 2.0
1080 2248 2.0
1080 2247 1.0
1080 2171 2.0
1080 2170 2.0
1080 1081 3.0
1080 1080 6.0
1081 2873 1.0
1081 2872 1.0
1081 82 1.0
1081 201 1.0
1081 2248 1.0
1081 2247 1.0
1081 2171 2.0
1081 2170 2.0
1081 1081 4.0
1081 1080 3.0
1082 2948 2.0
1082 2885 1.0
1082 1082 3.0
1082 110 1.0
1083 2952 1.0
1083 1083 1.0
1088 1088 2.0
1088 211 2.0
1090 779 1.0
1090 2881 2.0
1090 2880 2.0
1090 2879 2.0
1090 2878 2.0
1090 2749 2.0
1090 2403 2.0
1090 1090 2.0
1090 210 2.0
1091 1093 1.0
1091 1091 1.0
1093 2640 1.0
1093 2912 3.0
1093 1694 1.0
1093 1091 1.0
1093 1093 9.0
1094 2558 1.0
1094 1094 1.0
1096 1096 1.0
1097 2798 1.0
1097 2797 1.0
1097 1127 1.0
1097 1097 2.0
1097 1068 2.0
1100 1100 1.0
1103 1103 1.0
1109 2744 1.0
1109 1109 1.0
1112 165 1.0
1112 1112 2.0
1117 2806 1.0
1117 2274 1.0
1117 955 1.0
1117 1873 1.0
1117 1117 3.0
1118 2766 1.0
1118 1118 1.0
1127 1677 2.0
1127 2798 2.0
1127 2797 2.0
1127 1127 3.0
1127 1097 1.0
1127 1068 3.0
1132 2124 1.0
1132 1132 1.0
1132 883 1.0
1146 1146 1.0
1157 2922 1.0
1157 2920 2.0
1157 1162 1.0
1157 1157 3.0
1162 2920 1.0
1162 1162 1.0
1162 1157 1.0
1164 1164 1.0
1167 1977 1.0
1167 1167 1.0
1170 1362 1.0
1170 1170 1.0
1170 1056 1.0
1172 1172 1.0
1172 136 1.0
1172 127 1.0
1173 2306 2.0
1173 2305 4.0
1173 1173 4.0
1176 2208 1.0
1176 104 1.0
1176 1176 2.0
1176 34 1.0
1179 620 1.0
1179 2433 1.0
1179 2356 1.0
1179 2354 1.0
1179 1179 2.0
1181 2729 1.0
1181 2605 1.0
1181 1923 1.0
1181 2618 1.0
1181 2371 1.0
1181 1702 1.0
1181 2631 1.0
1181 2896 2.0
1181 2524 1.0
1181 2858 1.0
1181 2393 1.0
1181 1181 6.0
1182 2883 1.0
1182 2882 1.0
1182 2105 2.0
1182 1182 2.0
1182 205 2.0
1183 2646 1.0
1183 1183 1.0
1186 1186 1.0
1188 2094 3.0
1188 211 2.0
1188 2372 1.0
1188 1668 1.0
1188 1188 5.0
1191 1191 1.0
1236 1236 2.0
1237 2776 1.0
1237 2775 1.0
1237 1237 2.0
1238 1238 1.0
1238 524 1.0
1243 2259 1.0
1243 2762 2.0
1243 2740 1.0
1243 2659 2.0
1243 1903 2.0
1243 1243 3.0
1244 1560 1.0
1244 1244 1.0
1245 2323 1.0
1245 1245 2.0
1248 1248 1.0
1250 1250 1.0
1251 1251 1.0
1255 1255 1.0
1257 2368 1.0
1257 109 1.0
1257 2864 1.0
1257 1257 2.0
1257 761 1.0
1258 2657 1.0
1258 1258 1.0
1258 562 1.0
1258 561 1.0
1275 1275 1.0
1277 1277 1.0
1278 799 1.0
1278 1278 2.0
1279 2774 1.0
1279 1279 1.0
1293 2740 1.0
1293 1293 1.0
1295 1732 1.0
1295 1295 1.0
1295 246 1.0
1297 2426 1.0
1297 1297 1.0
1298 2163 1.0
1298 1298 2.0
1298 45 2.0
1310 2850 2.0
1310 1310 2.0
1311 2804 1.0
1311 2384 1.0
1311 201 1.0
1311 2511 1.0
1311 2103 2.0
1311 2768 2.0
1311 1311 4.0
1317 1317 1.0
1317 43 1.0
1320 1337 1.0
1320 1336 1.0
1320 2525 1.0
1320 329 1.0
1320 2760 1.0
1320 1320 3.0
1328 1329 1.0
1328 1328 1.0
1329 1329 1.0
1329 1328 1.0
1334 2937 2.0
1334 1334 3.0
1336 1337 1.0
1336 1336 1.0
1336 1320 1.0
1337 2543 1.0
1337 2542 1.0
1337 2101 1.0
1337 1337 2.0
1337 1336 1.0
1337 1320 1.0
1338 1338 1.0
1338 505 1.0
1339 2778 1.0
1339 2777 1.0
1339 1589 1.0
1339 1339 1.0
1342 1342 1.0
1342 718 1.0
1342 71 1.0
1344 1344 1.0
1346 1346 1.0
1346 339 1.0
1347 2783 1.0
1347 2779 1.0
1347 1347 1.0
1347 347 1.0
1353 2118 1.0
1353 1353 1.0
1356 1356 1.0
1362 1741 1.0
1362 1426 1.0
1362 1170 1.0
1362 1056 1.0
1362 2615 1.0
1362 2295 1.0
1362 661 1.0
1362 1906 2.0
1362 1660 1.0
1362 1362 4.0
1362 147 2.0
1364 1364 1.0
1365 2710 1.0
1365 1365 1.0
1369 2513 1.0
1369 2322 1.0
1369 1369 1.0
1369 1056 1.0
1376 1376 1.0
1377 2945 1.0
1377 1377 1.0
1377 543 1.0
1379 2870 1.0
1379 1379 1.0
1380 1380 1.0
1381 1381 1.0
1385 1385 2.0
1386 2107 1.0
1386 2849 3.0
1386 2848 3.0
1386 2805 1.0
1386 2804 1.0
1386 2384 1.0
1386 1386 5.0
1386 201 2.0
1387 547 1.0
1387 2383 1.0
1387 1918 2.0
1387 1387 2.0
1391 1391 1.0
1391 754 1.0
1391 753 1.0
1393 1393 1.0
1401 1959 1.0
1401 1401 2.0
1401 747 1.0
1401 336 1.0
1402 2936 1.0
1402 2856 1.0
1402 2218 1.0
1402 1402 2.0
1406 2841 1.0
1406 15 1.0
1406 2352 1.0
1406 2859 1.0
1406 1406 3.0
1407 110 1.0
1407 2871 1.0
1407 2788 1.0
1407 1407 4.0
1411 2084 1.0
1411 1411 1.0
1412 2053 1.0
1412 1412 1.0
1416 1416 1.0
1417 2884 2.0
1417 1417 3.0
1418 2944 2.0
1418 1418 2.0
1424 1425 1.0
1424 1424 2.0
1425 1425 1.0
1425 1424 1.0
1426 1741 1.0
1426 1426 1.0
1426 1362 1.0
1438 1438 1.0
1439 1439 1.0
1440 1440 1.0
1444 2718 1.0
1444 2905 2.0
1444 1985 2.0
1444 1701 2.0
1444 2869 2.0
1444 2868 2.0
1444 2867 2.0
1444 1444 4.0
1444 31 3.0
1462 1462 1.0
1471 1471 1.0
1471 644 1.0
1475 1811 1.0
1475 1475 1.0
1480 1825 1.0
1480 1480 1.0
1480 150 1.0
1488 1488 1.0
1488 555 1.0
1489 1489 1.0
1490 1490 1.0
1492 1492 1.0
1497 1497 1.0
1499 2064 1.0
1499 82 1.0
1499 2822 1.0
1499 2821 1.0
1499 2820 1.0
1499 2176 1.0
1499 1499 3.0
1524 2446 1.0
1524 1524 1.0
1526 2735 2.0
1526 2734 2.0
1526 2733 2.0
1526 1526 2.0
1526 865 2.0
1530 2763 2.0
1530 1530 2.0
1541 1541 1.0
1541 23 1.0
1542 1542 1.0
1542 951 1.0
1543 2269 1.0
1543 1543 1.0
1553 1553 1.0
1560 1560 1.0
1560 1244 1.0
1564 55 1.0
1564 1564 2.0
1565 1567 1.0
1565 1566 1.0
1565 1565 1.0
1566 1567 1.0
1566 1566 1.0
1566 1565 1.0
1567 1567 2.0
1567 1566 1.0
1567 1565 1.0
1578 1617 1.0
1578 1578 1.0
1586 1586 1.0
1586 883 1.0
1587 1587 1.0
1587 596 1.0
1588 2741 1.0
1588 260 1.0
1588 2756 2.0
1588 2755 2.0
1588 2461 1.0
1588 2259 1.0
1588 1588 3.0
1588 904 3.0
1588 564 1.0
1589 2778 1.0
1589 2777 1.0
1589 1589 1.0
1589 1339 1.0
1592 1592 1.0
1595 261 1.0
1595 2442 1.0
1595 1595 3.0
1595 237 1.0
1596 1596 3.0
1598 2494 1.0
1598 1598 1.0
1598 596 1.0
1599 1602 1.0
1599 596 1.0
1599 2785 1.0
1599 1599 2.0
1602 2245 1.0
1602 1599 1.0
1602 2785 1.0
1602 596 3.0
1602 1602 4.0
1606 1606 1.0
1610 2885 1.0
1610 1610 1.0
1617 1617 1.0
1617 1578 1.0
1620 1620 1.0
1627 1627 1.0
1627 238 1.0
1628 488 2.0
1628 2764 3.0
1628 1628 3.0
1629 1881 1.0
1629 1629 1.0
1638 2107 1.0
1638 2753 1.0
1638 1638 2.0
1638 551 2.0
1649 1649 1.0
1650 2328 1.0
1650 1650 1.0
1651 1651 1.0
1656 2052 1.0
1656 1656 1.0
1656 660 1.0
1657 1657 1.0
1660 2068 1.0
1660 1906 1.0
1660 1362 1.0
1660 2325 1.0
1660 1660 3.0
1660 147 2.0
1664 2030 1.0
1664 1664 2.0
1668 2372 1.0
1668 1668 1.0
1668 1188 1.0
1669 2027 1.0
1669 1669 2.0
1673 1673 2.0
1677 2798 1.0
1677 2797 1.0
1677 1127 2.0
1677 1068 2.0
1677 2467 1.0
1677 1677 4.0
1679 103 1.0
1679 1679 2.0
1680 2599 2.0
1680 2865 2.0
1680 2375 2.0
1680 2361 3.0
1680 1680 4.0
1682 1682 1.0
1682 723 1.0
1685 2827 2.0
1685 1685 3.0
1687 1687 1.0
1687 98 1.0
1688 2208 1.0
1688 1688 1.0
1688 797 1.0
1689 2476 1.0
1689 2475 1.0
1689 2107 1.0
1689 1689 1.0
1692 2956 1.0
1692 2353 1.0
1692 1692 2.0
1692 749 2.0
1693 1693 2.0
1693 369 2.0
1694 2965 1.0
1694 1952 1.0
1694 2912 1.0
1694 1093 1.0
1694 1694 5.0
1695 2875 1.0
1695 1695 1.0
1695 211 1.0
1697 2014 2.0
1697 1949 2.0
1697 1697 2.0
1699 2955 1.0
1699 2883 1.0
1699 1699 1.0
1699 15 1.0
1701 2954 1.0
1701 60 1.0
1701 2718 1.0
1701 31 1.0
1701 2905 2.0
1701 1985 2.0
1701 1701 4.0
1701 1444 2.0
1702 2618 1.0
1702 2371 1.0
1702 1181 1.0
1702 1702 2.0
1703 1703 1.0
1703 1009 1.0
1703 360 1.0
1705 1705 1.0
1711 2084 1.0
1711 1711 1.0
1715 1717 1.0
1715 2466 1.0
1715 439 1.0
1715 1715 3.0
1717 1715 1.0
1717 1717 2.0
1717 727 1.0
1729 1729 1.0
1732 2376 1.0
1732 1295 1.0
1732 246 1.0
1732 2771 2.0
1732 2423 2.0
1732 2422 2.0
1732 1732 4.0
1741 1426 1.0
1741 1362 1.0
1741 2808 2.0
1741 2602 1.0
1741 1741 3.0
1743 1743 1.0
1751 2400 1.0
1751 2399 1.0
1751 1751 1.0
1753 2425 1.0
1753 1753 1.0
1759 1759 1.0
1762 1762 1.0
1763 1763 1.0
1764 1764 1.0
1764 110 1.0
1776 1776 1.0
1780 1035 1.0
1780 210 1.0
1780 2805 1.0
1780 2804 1.0
1780 2384 1.0
1780 1780 2.0
1780 201 1.0
1786 2577 1.0
1786 1786 1.0
1786 158 1.0
1791 2218 1.0
1791 1791 3.0
1794 1794 1.0
1795 2411 1.0
1795 1795 1.0
1799 1799 1.0
1799 419 1.0
1800 1800 1.0
1800 421 1.0
1801 2740 1.0
1801 1903 1.0
1801 1801 1.0
1802 2372 1.0
1802 1802 1.0
1806 2590 1.0
1806 2419 1.0
1806 2603 1.0
1806 1806 2.0
1811 1811 1.0
1811 1475 1.0
1825 1825 1.0
1825 1480 1.0
1825 150 1.0
1831 1831 1.0
1832 1832 1.0
1835 1835 1.0
1837 1838 2.0
1837 1837 2.0
1838 1838 2.0
1838 1837 2.0
1839 1839 1.0
1844 1844 1.0
1844 552 1.0
1847 1847 1.0
1850 2677 1.0
1850 1850 2.0
1852 1852 1.0
1852 599 1.0
1852 540 1.0
1855 2786 1.0
1855 1856 1.0
1855 1855 1.0
1856 2786 1.0
1856 1856 1.0
1856 1855 1.0
1867 2508 1.0
1867 1867 1.0
1870 307 1.0
1870 1870 2.0
1872 1872 1.0
1872 433 1.0
1873 1117 1.0
1873 1873 2.0
1877 2966 1.0
1877 1944 1.0
1877 1877 3.0
1879 1879 1.0
1881 1881 1.0
1881 1629 1.0
1885 2203 1.0
1885 1885 1.0
1885 966 1.0
1885 688 1.0
1898 2203 1.0
1898 1898 1.0
1901 1901 1.0
1901 669 1.0
1902 518 1.0
1902 1902 3.0
1902 701 2.0
1903 1801 1.0
1903 2762 3.0
1903 2740 3.0
1903 2659 3.0
1903 1903 4.0
1903 1243 2.0
1904 1904 1.0
1906 2615 1.0
1906 2295 1.0
1906 661 1.0
1906 1906 2.0
1906 1660 1.0
1906 1362 2.0
1906 147 2.0
1908 1910 1.0
1908 1908 1.0
1910 1910 1.0
1910 1908 1.0
1915 2335 1.0
1915 2233 1.0
1915 1915 1.0
1918 547 1.0
1918 2383 1.0
1918 1918 2.0
1918 1387 2.0
1923 2896 1.0
1923 2729 1.0
1923 2605 1.0
1923 1181 1.0
1923 2858 1.0
1923 1923 2.0
1925 2523 1.0
1925 2522 1.0
1925 1925 1.0
1926 1926 1.0
1926 1028 1.0
1929 2374 2.0
1929 1929 2.0
1929 57 2.0
1932 284 1.0
1932 1932 3.0
1932 667 1.0
1933 2064 1.0
1933 82 1.0
1933 2826 1.0
1933 1933 2.0
1933 614 1.0
1933 329 1.0
1934 1934 1.0
1936 2843 1.0
1936 2548 1.0
1936 1936 1.0
1938 2540 1.0
1938 2303 1.0
1938 724 1.0
1938 1938 2.0
1944 1944 1.0
1944 1877 1.0
1945 1945 1.0
1945 210 1.0
1949 2014 2.0
1949 1697 2.0
1949 1949 3.0
1949 195 1.0
1950 2813 2.0
1950 2812 2.0
1950 2523 1.0
1950 1950 2.0
1952 2874 1.0
1952 1953 1.0
1952 1952 2.0
1952 1694 1.0
1953 1952 1.0
1953 2957 1.0
1953 2874 2.0
1953 1953 5.0
1955 1955 1.0
1955 112 1.0
1956 1957 1.0
1956 1956 1.0
1957 1957 1.0
1957 1956 1.0
1959 1401 1.0
1959 747 1.0
1959 1959 3.0
1959 336 3.0
1960 1960 1.0
1960 259 1.0
1961 1961 1.0
1964 2901 2.0
1964 2900 2.0
1964 2899 2.0
1964 218 1.0
1964 1964 4.0
1964 624 1.0
1966 1966 1.0
1966 62 1.0
1969 2958 2.0
1969 2895 1.0
1969 2174 2.0
1969 2877 1.0
1969 752 1.0
1969 2609 3.0
1969 1969 6.0
1973 2422 1.0
1973 1973 2.0
1975 2833 1.0
1975 2301 1.0
1975 1975 1.0
1977 2227 1.0
1977 2226 1.0
1977 1167 1.0
1977 2891 2.0
1977 1977 5.0
1978 2622 1.0
1978 1978 1.0
1979 2225 1.0
1979 2863 2.0
1979 1979 3.0
1983 2355 1.0
1983 1983 1.0
1984 2127 1.0
1984 2890 1.0
1984 2889 3.0
1984 1984 3.0
1984 263 3.0
1985 2718 1.0
1985 31 1.0
1985 2905 2.0
1985 1985 2.0
1985 1701 2.0
1985 1444 2.0
1987 620 1.0
1987 1987 3.0
1998 2921 1.0
1998 2191 2.0
1998 724 1.0
1998 2823 1.0
1998 1998 3.0
1998 361 1.0
2004 96 1.0
2004 2898 2.0
2004 2004 2.0
2012 2902 1.0
2012 2114 1.0
2012 2113 1.0
2012 2012 1.0
2012 60 1.0
2013 765 1.0
2013 2013 2.0
2014 1949 2.0
2014 1697 2.0
2014 2730 1.0
2014 2635 1.0
2014 2014 3.0
2014 543 1.0
2015 2015 1.0
2019 2968 1.0
2019 2966 1.0
2019 541 1.0
2019 434 1.0
2019 54 1.0
2019 2794 2.0
2019 2366 1.0
2019 2019 3.0
2027 2027 1.0
2027 1669 1.0
2030 2030 1.0
2030 1664 1.0
2033 2033 1.0
2033 38 1.0
2034 2680 1.0
2034 2034 1.0
2034 347 1.0
2035 2035 1.0
2037 2751 2.0
2037 2037 2.0
2040 159 1.0
2040 88 1.0
2040 2040 2.0
2040 82 2.0
2044 2044 1.0
2044 147 1.0
2047 2477 1.0
2047 2047 1.0
2050 2772 2.0
2050 2050 2.0
2050 955 2.0
2052 2052 1.0
2052 1656 1.0
2052 660 1.0
2053 1412 1.0
2053 2053 3.0
2056 2877 1.0
2056 2056 1.0
2056 495 1.0
2058 769 1.0
2058 2225 1.0
2058 2897 2.0
2058 2058 5.0
2058 113 2.0
2062 2850 1.0
2062 2934 2.0
2062 2062 2.0
2062 339 1.0
2064 2826 2.0
2064 505 1.0
2064 70 1.0
2064 1933 1.0
2064 1499 1.0
2064 2742 1.0
2064 2064 5.0
2064 82 5.0
2068 2068 1.0
2068 1660 1.0
2074 2092 1.0
2074 2074 1.0
2074 721 1.0
2075 2770 1.0
2075 2436 1.0
2075 2075 1.0
2078 2836 1.0
2078 2078 1.0
2078 956 1.0
2081 2208 1.0
2081 2081 2.0
2082 2082 2.0
2084 2942 1.0
2084 2702 1.0
2084 1711 1.0
2084 1080 1.0
2084 488 2.0
2084 2084 4.0
2084 1411 1.0
2092 531 2.0
2092 2074 1.0
2092 721 1.0
2092 2830 2.0
2092 2565 1.0
2092 2092 4.0
2094 2094 3.0
2094 1188 3.0
2094 211 2.0
2099 2260 1.0
2099 2363 2.0
2099 2362 1.0
2099 2099 3.0
2100 2875 1.0
2100 2100 1.0
2100 211 1.0
2101 2543 1.0
2101 2542 1.0
2101 2101 1.0
2101 1337 1.0
2103 2804 1.0
2103 2384 1.0
2103 201 1.0
2103 2511 1.0
2103 2103 2.0
2103 1311 2.0
2105 2944 1.0
2105 2883 1.0
2105 2882 4.0
2105 2105 6.0
2105 1182 2.0
2105 205 2.0
2107 2476 1.0
2107 2475 1.0
2107 1689 1.0
2107 1386 1.0
2107 1638 1.0
2107 2753 1.0
2107 2331 1.0
2107 2107 4.0
2107 551 2.0
2107 340 1.0
2108 105 1.0
2108 2108 3.0
2113 2902 1.0
2113 2114 1.0
2113 2113 1.0
2113 2012 1.0
2113 60 1.0
2114 2902 1.0
2114 2114 1.0
2114 2113 1.0
2114 2012 1.0
2114 60 1.0
2116 2116 1.0
2116 749 1.0
2116 211 1.0
2118 2118 1.0
2118 1353 1.0
2120 2120 1.0
2124 2124 1.0
2124 1132 1.0
2124 883 1.0
2125 2125 1.0
2127 2889 1.0
2127 1984 1.0
2127 263 1.0
2127 2127 2.0
2127 213 1.0
2131 2131 1.0
2131 15 1.0
2137 2663 1.0
2137 2137 1.0
2139 2139 1.0
2139 264 1.0
2141 2141 1.0
2144 2825 1.0
2144 2824 1.0
2144 2144 1.0
2145 2153 1.0
2145 2145 1.0
2145 240 1.0
2150 2150 1.0
2153 2153 1.0
2153 2145 1.0
2153 240 1.0
2154 2155 1.0
2154 2154 1.0
2155 2155 1.0
2155 2154 1.0
2160 2930 1.0
2160 2929 1.0
2160 2160 1.0
2160 147 1.0
2163 2163 1.0
2163 1298 1.0
2163 45 1.0
2168 713 1.0
2168 2773 2.0
2168 2168 4.0
2170 201 1.0
2170 2248 2.0
2170 2247 1.0
2170 2171 3.0
2170 2170 3.0
2170 1081 2.0
2170 1080 2.0
2171 201 1.0
2171 2248 2.0
2171 2247 1.0
2171 2171 3.0
2171 2170 3.0
2171 1081 2.0
2171 1080 2.0
2174 2609 1.0
2174 2895 1.0
2174 2174 2.0
2174 1969 2.0
2176 1056 1.0
2176 2822 1.0
2176 2821 1.0
2176 2820 2.0
2176 2176 2.0
2176 1499 1.0
2178 2278 1.0
2178 2178 1.0
2178 185 1.0
2186 2186 1.0
2188 2911 1.0
2188 2188 1.0
2189 2189 1.0
2191 75 1.0
2191 2921 1.0
2191 2191 3.0
2191 1998 2.0
2191 724 1.0
2192 2192 1.0
2203 1898 1.0
2203 2472 1.0
2203 2203 3.0
2203 1885 1.0
2203 966 1.0
2203 688 1.0
2206 62 1.0
2206 439 1.0
2206 2206 3.0
2207 2207 1.0
2207 749 1.0
2208 1688 1.0
2208 797 1.0
2208 2717 1.0
2208 1176 1.0
2208 104 2.0
2208 2208 4.0
2208 2081 1.0
2209 2209 1.0
2210 2210 1.0
2213 2963 2.0
2213 2213 2.0
2214 2215 1.0
2214 2214 1.0
2215 2215 1.0
2215 2214 1.0
2216 2353 1.0
2216 2216 1.0
2216 749 1.0
2218 1791 1.0
2218 2856 1.0
2218 2218 2.0
2218 1402 1.0
2221 439 1.0
2221 2221 2.0
2223 2223 1.0
2225 1979 1.0
2225 2225 2.0
2225 2058 1.0
2226 2226 1.0
2226 1977 1.0
2227 2227 1.0
2227 1977 1.0
2231 2414 1.0
2231 2909 2.0
2231 2231 2.0
2232 2232 1.0
2232 1014 1.0
2233 2335 1.0
2233 1915 1.0
2233 2603 1.0
2233 2233 3.0
2233 1009 1.0
2233 523 2.0
2234 2235 1.0
2234 239 1.0
2234 2759 2.0
2234 2758 1.0
2234 2234 3.0
2234 111 2.0
2235 2759 1.0
2235 2235 1.0
2235 2234 1.0
2235 239 1.0
2236 2928 1.0
2236 2236 1.0
2236 633 1.0
2243 2243 2.0
2243 713 2.0
2243 439 1.0
2245 2245 1.0
2245 1602 1.0
2245 596 1.0
2247 2314 1.0
2247 2248 1.0
2247 2247 2.0
2247 2171 1.0
2247 2170 1.0
2247 1081 1.0
2247 1080 1.0
2248 2804 1.0
2248 2384 1.0
2248 2335 1.0
2248 201 2.0
2248 2248 3.0
2248 2247 1.0
2248 2171 2.0
2248 2170 2.0
2248 1081 1.0
2248 1080 2.0
2256 2732 1.0
2256 2731 1.0
2256 2256 1.0
2256 976 1.0
2256 50 1.0
2259 1243 1.0
2259 2756 1.0
2259 2755 1.0
2259 2461 1.0
2259 2259 2.0
2259 1588 1.0
2259 904 1.0
2259 564 1.0
2260 2363 1.0
2260 2260 1.0
2260 2099 1.0
2261 2262 1.0
2261 2261 1.0
2262 2262 1.0
2262 2261 1.0
2269 2269 1.0
2269 1543 1.0
2270 2270 1.0
2270 271 1.0
2272 2809 1.0
2272 2272 1.0
2272 347 1.0
2273 2273 1.0
2273 486 1.0
2273 110 1.0
2274 1117 1.0
2274 955 1.0
2274 2806 2.0
2274 2274 3.0
2278 2278 1.0
2278 2178 1.0
2278 185 1.0
2279 2781 3.0
2279 2780 2.0
2279 2478 3.0
2279 2279 3.0
2285 2286 1.0
2285 2285 1.0
2286 2286 2.0
2286 2285 1.0
2287 2740 2.0
2287 2739 2.0
2287 2287 2.0
2288 2290 2.0
2288 2289 2.0
2288 2288 2.0
2288 159 1.0
2289 2828 1.0
2289 2288 2.0
2289 2483 2.0
2289 2290 5.0
2289 2289 6.0
2289 159 5.0
2290 2483 1.0
2290 2828 1.0
2290 2288 2.0
2290 2290 5.0
2290 2289 5.0
2290 159 4.0
2292 2292 1.0
2292 486 1.0
2295 2615 1.0
2295 2295 1.0
2295 1906 1.0
2295 1362 1.0
2295 661 1.0
2295 147 1.0
2296 2296 1.0
2297 2853 1.0
2297 2550 1.0
2297 2317 1.0
2297 2297 1.0
2297 172 1.0
2300 2748 1.0
2300 2300 1.0
2301 2833 2.0
2301 2301 2.0
2301 1975 1.0
2303 2540 1.0
2303 2303 1.0
2303 1938 1.0
2303 724 1.0
2305 2306 2.0
2305 1173 4.0
2305 2305 5.0
2305 392 1.0
2306 2306 2.0
2306 2305 2.0
2306 1173 2.0
2307 2307 1.0
2308 2935 1.0
2308 2308 1.0
2308 70 1.0
2309 2309 1.0
2314 2331 1.0
2314 340 1.0
2314 2247 1.0
2314 2314 4.0
2317 2550 1.0
2317 2297 1.0
2317 2853 2.0
2317 2317 2.0
2317 172 2.0
2320 2938 1.0
2320 2320 2.0
2320 70 2.0
2322 2513 1.0
2322 2322 1.0
2322 1369 1.0
2322 1056 1.0
2323 2323 1.0
2323 1245 1.0
2325 2930 1.0
2325 2929 1.0
2325 2615 1.0
2325 2325 3.0
2325 1660 1.0
2325 147 3.0
2326 2326 1.0
2326 666 1.0
2328 2328 1.0
2328 1650 1.0
2329 2331 1.0
2329 2329 1.0
2329 736 1.0
2329 340 1.0
2331 2329 1.0
2331 736 1.0
2331 2314 1.0
2331 2753 1.0
2331 2331 3.0
2331 2107 1.0
2331 551 1.0
2331 340 3.0
2332 2332 1.0
2335 2233 1.0
2335 1915 1.0
2335 2804 1.0
2335 2384 1.0
2335 2335 2.0
2335 2248 1.0
2335 201 1.0
2342 2344 1.0
2342 2342 1.0
2343 2607 1.0
2343 2344 1.0
2343 2343 1.0
2344 2342 1.0
2344 2607 1.0
2344 2344 2.0
2344 2343 1.0
2351 2953 1.0
2351 2351 1.0
2352 2352 1.0
2352 1406 1.0
2353 1692 1.0
2353 2353 2.0
2353 2216 1.0
2353 749 2.0
2354 2433 1.0
2354 2356 1.0
2354 2354 1.0
2354 1179 1.0
2355 2355 1.0
2355 1983 1.0
2356 2433 1.0
2356 2354 1.0
2356 1179 1.0
2356 2356 2.0
2356 620 1.0
2361 49 1.0
2361 2599 1.0
2361 2865 1.0
2361 2375 1.0
2361 2361 4.0
2361 1680 3.0
2362 2363 1.0
2362 2362 1.0
2362 2099 1.0
2363 2260 1.0
2363 2363 3.0
2363 2362 1.0
2363 2099 2.0
2366 2794 1.0
2366 2366 1.0
2366 2019 1.0
2368 2368 1.0
2368 1257 1.0
2368 109 1.0
2371 1702 1.0
2371 1181 1.0
2371 2618 2.0
2371 2371 2.0
2372 1802 1.0
2372 2372 2.0
2372 1668 1.0
2372 1188 1.0
2374 2374 2.0
2374 1929 2.0
2374 57 2.0
2375 2599 1.0
2375 2865 2.0
2375 2375 3.0
2375 2361 1.0
2375 1680 2.0
2376 2376 1.0
2376 1732 1.0
2377 2377 1.0
2377 33 1.0
2380 2380 1.0
2383 2383 1.0
2383 1918 1.0
2383 1387 1.0
2384 2103 1.0
2384 1311 1.0
2384 1780 1.0
2384 2335 1.0
2384 2248 1.0
2384 2873 1.0
2384 2872 1.0
2384 82 1.0
2384 2385 2.0
2384 2805 4.0
2384 2804 5.0
2384 2384 7.0
2384 1386 1.0
2384 201 7.0
2385 2805 2.0
2385 2804 1.0
2385 2384 2.0
2385 2385 3.0
2385 201 3.0
2393 2858 1.0
2393 2393 1.0
2393 1181 1.0
2395 2395 1.0
2395 366 1.0
2399 1751 1.0
2399 2400 2.0
2399 2399 2.0
2400 1751 1.0
2400 2399 2.0
2400 2841 1.0
2400 2400 3.0
2403 779 1.0
2403 2881 2.0
2403 2880 2.0
2403 2879 2.0
2403 2878 2.0
2403 2749 2.0
2403 2403 2.0
2403 1090 2.0
2403 210 2.0
2405 2721 1.0
2405 2405 2.0
2406 2840 1.0
2406 2406 1.0
2407 2904 2.0
2407 2903 2.0
2407 2408 2.0
2407 2407 3.0
2407 109 1.0
2408 2904 2.0
2408 2903 2.0
2408 2408 3.0
2408 2407 2.0
2411 2411 1.0
2411 1795 1.0
2414 2909 1.0
2414 2231 1.0
2414 2910 1.0
2414 2414 3.0
2414 439 1.0
2416 2416 1.0
2416 794 1.0
2417 2949 1.0
2417 2950 2.0
2417 2417 3.0
2417 32 2.0
2419 2590 1.0
2419 1806 1.0
2419 195 1.0
2419 2419 4.0
2419 727 1.0
2422 1973 1.0
2422 2771 2.0
2422 2423 2.0
2422 2422 3.0
2422 1732 2.0
2423 2771 2.0
2423 2423 2.0
2423 2422 2.0
2423 1732 2.0
2425 2425 2.0
2425 1753 1.0
2426 2426 1.0
2426 1297 1.0
2427 2427 1.0
2427 218 1.0
2428 2428 1.0
2433 2433 1.0
2433 2356 1.0
2433 2354 1.0
2433 1179 1.0
2435 2700 1.0
2435 2435 1.0
2435 666 1.0
2435 488 1.0
2435 329 1.0
2436 2770 1.0
2436 2075 1.0
2436 2843 1.0
2436 2842 1.0
2436 2782 1.0
2436 2436 4.0
2442 2442 1.0
2442 1595 1.0
2444 2750 2.0
2444 2444 2.0
2444 689 2.0
2446 1524 1.0
2446 2446 2.0
2446 484 1.0
2447 2447 2.0
2447 996 1.0
2448 2448 1.0
2452 2453 1.0
2452 2452 1.0
2453 2453 1.0
2453 2452 1.0
2461 2756 1.0
2461 2755 1.0
2461 2461 1.0
2461 2259 1.0
2461 1588 1.0
2461 904 1.0
2461 564 1.0
2462 2462 1.0
2462 82 1.0
2466 2466 1.0
2466 1715 1.0
2466 439 1.0
2467 2467 1.0
2467 1677 1.0
2472 2472 1.0
2472 2203 1.0
2475 2476 1.0
2475 2475 1.0
2475 2107 1.0
2475 1689 1.0
2476 2476 1.0
2476 2475 1.0
2476 2107 1.0
2476 1689 1.0
2477 2477 2.0
2477 2047 1.0
2478 2781 3.0
2478 2780 2.0
2478 2478 3.0
2478 2279 3.0
2483 2290 1.0
2483 2483 2.0
2483 2289 2.0
2483 159 2.0
2484 2484 1.0
2484 518 1.0
2484 247 1.0
2494 2494 1.0
2494 1598 1.0
2494 596 1.0
2495 2495 1.0
2495 59 1.0
2502 2761 2.0
2502 2736 3.0
2502 2502 3.0
2508 2608 1.0
2508 2508 2.0
2508 1867 1.0
2511 2511 1.0
2511 2103 1.0
2511 1311 1.0
2513 2513 1.0
2513 2322 1.0
2513 1369 1.0
2513 1056 1.0
2516 2927 1.0
2516 2926 1.0
2516 2925 1.0
2516 2516 1.0
2517 2517 1.0
2517 701 1.0
2522 2523 1.0
2522 2522 1.0
2522 1925 1.0
2523 2522 1.0
2523 1925 1.0
2523 2813 1.0
2523 2812 1.0
2523 2523 2.0
2523 1950 1.0
2524 2524 1.0
2524 1181 1.0
2525 2525 1.0
2525 1320 1.0
2525 329 1.0
2526 2529 1.0
2526 2526 1.0
2529 2529 1.0
2529 2526 1.0
2540 2540 1.0
2540 2303 1.0
2540 1938 1.0
2540 724 1.0
2542 2543 1.0
2542 2542 1.0
2542 2101 1.0
2542 1337 1.0
2543 2543 1.0
2543 2542 1.0
2543 2101 1.0
2543 1337 1.0
2545 2546 1.0
2545 2545 1.0
2545 786 1.0
2546 2546 1.0
2546 2545 1.0
2546 786 1.0
2548 2843 1.0
2548 1936 1.0
2548 2549 1.0
2548 2548 2.0
2549 2549 1.0
2549 2548 1.0
2550 2853 1.0
2550 2550 1.0
2550 2317 1.0
2550 2297 1.0
2550 172 1.0
2555 2555 1.0
2555 307 1.0
2558 2810 1.0
2558 1038 1.0
2558 2558 2.0
2558 1094 1.0
2562 2564 1.0
2562 2563 1.0
2562 2562 1.0
2563 2564 1.0
2563 2563 1.0
2563 2562 1.0
2564 2564 1.0
2564 2563 1.0
2564 2562 1.0
2565 2845 1.0
2565 2844 1.0
2565 2830 1.0
2565 2565 2.0
2565 2092 1.0
2566 2567 1.0
2566 2566 1.0
2566 82 1.0
2566 69 1.0
2567 2855 3.0
2567 2854 3.0
2567 2567 4.0
2567 2566 1.0
2567 82 1.0
2567 69 1.0
2568 2568 2.0
2573 2573 1.0
2574 2574 1.0
2574 358 1.0
2575 2617 1.0
2575 1059 1.0
2575 2575 2.0
2577 2577 1.0
2577 1786 1.0
2577 158 1.0
2578 2578 1.0
2578 332 1.0
2578 70 1.0
2581 2581 1.0
2583 2583 1.0
2586 2587 1.0
2586 2586 1.0
2587 2587 1.0
2587 2586 1.0
2588 2588 1.0
2588 1079 1.0
2589 2861 1.0
2589 2589 1.0
2589 765 1.0
2589 764 1.0
2590 2590 1.0
2590 2419 1.0
2590 1806 1.0
2593 2623 1.0
2593 2593 1.0
2593 281 1.0
2593 98 1.0
2595 2595 1.0
2595 88 1.0
2599 2361 1.0
2599 2865 1.0
2599 2599 2.0
2599 2375 1.0
2599 1680 2.0
2601 2601 2.0
2601 96 1.0
2602 2808 1.0
2602 2602 1.0
2602 1741 1.0
2603 543 1.0
2603 1806 1.0
2603 2603 3.0
2603 2233 1.0
2603 523 1.0
2605 2896 1.0
2605 2729 1.0
2605 2605 1.0
2605 1923 1.0
2605 1181 1.0
2606 2894 2.0
2606 2606 3.0
2606 110 3.0
2607 2607 1.0
2607 2344 1.0
2607 2343 1.0
2608 2608 1.0
2608 2508 1.0
2609 2174 1.0
2609 2877 1.0
2609 752 1.0
2609 2609 3.0
2609 1969 3.0
2611 2611 1.0
2612 2862 1.0
2612 2612 1.0
2612 207 1.0
2615 2930 1.0
2615 2929 1.0
2615 2325 1.0
2615 2615 2.0
2615 2295 1.0
2615 1906 1.0
2615 1362 1.0
2615 661 1.0
2615 147 2.0
2617 2617 1.0
2617 2575 1.0
2617 1059 1.0
2618 1702 1.0
2618 1181 1.0
2618 2618 2.0
2618 2371 2.0
2622 2622 2.0
2622 1978 1.0
2623 2623 1.0
2623 2593 1.0
2623 281 1.0
2623 98 1.0
2629 2629 1.0
2630 2630 1.0
2630 373 1.0
2630 210 1.0
2631 2631 1.0
2631 1181 1.0
2634 2634 2.0
2635 2014 1.0
2635 543 1.0
2635 2730 2.0
2635 2635 2.0
2639 246 1.0
2639 2639 2.0
2640 2640 1.0
2640 1093 1.0
2641 2641 2.0
2642 2642 1.0
2646 2646 1.0
2646 1183 1.0
2655 2655 1.0
2657 2657 1.0
2657 1258 1.0
2657 562 1.0
2657 561 1.0
2658 2658 1.0
2659 2762 3.0
2659 2740 2.0
2659 2659 3.0
2659 1903 3.0
2659 1243 2.0
2663 2663 1.0
2663 2137 1.0
2668 2796 1.0
2668 2668 1.0
2671 2671 1.0
2676 2676 1.0
2677 2677 1.0
2677 1850 1.0
2680 2680 1.0
2680 2034 1.0
2680 347 1.0
2686 2791 1.0
2686 2686 1.0
2695 2696 1.0
2695 2695 1.0
2696 2696 1.0
2696 2695 1.0
2699 2699 1.0
2700 2700 1.0
2700 2435 1.0
2700 666 1.0
2700 488 1.0
2700 329 1.0
2702 2942 1.0
2702 2702 1.0
2702 2084 1.0
2702 488 1.0
2703 2703 1.0
2703 761 1.0
2703 543 1.0
2708 2933 2.0
2708 2932 2.0
2708 2931 2.0
2708 2708 2.0
2708 1050 2.0
2710 2712 1.0
2710 2711 1.0
2710 2710 2.0
2710 1365 1.0
2711 2712 1.0
2711 2711 1.0
2711 2710 1.0
2712 2712 1.0
2712 2711 1.0
2712 2710 1.0
2716 2942 1.0
2716 2941 1.0
2716 2940 1.0
2716 2716 2.0
2716 488 2.0
2717 2208 1.0
2717 104 1.0
2717 2717 3.0
2718 2905 1.0
2718 1985 1.0
2718 1701 1.0
2718 1444 1.0
2718 31 1.0
2718 2876 1.0
2718 2719 1.0
2718 2718 3.0
2718 205 1.0
2719 2876 1.0
2719 2719 1.0
2719 2718 1.0
2720 2720 1.0
2721 2405 1.0
2721 2721 3.0
2721 49 2.0
2724 2724 1.0
2724 302 1.0
2725 2725 1.0
2726 2726 1.0
2728 2728 3.0
2729 2896 1.0
2729 2729 1.0
2729 2605 1.0
2729 1923 1.0
2729 1181 1.0
2730 2014 1.0
2730 543 1.0
2730 2730 2.0
2730 2635 2.0
2731 2732 1.0
2731 2731 2.0
2731 2256 1.0
2731 976 2.0
2731 50 1.0
2732 2732 2.0
2732 2731 1.0
2732 2256 1.0
2732 976 1.0
2732 50 2.0
2733 2735 2.0
2733 2734 2.0
2733 1526 2.0
2733 2733 3.0
2733 865 3.0
2734 2735 2.0
2734 2734 2.0
2734 2733 2.0
2734 1526 2.0
2734 865 2.0
2735 2735 2.0
2735 2734 2.0
2735 2733 2.0
2735 1526 2.0
2735 865 2.0
2736 2761 2.0
2736 2736 3.0
2736 2502 3.0
2737 2737 2.0
2737 228 2.0
2738 2738 2.0
2738 584 2.0
2739 2740 2.0
2739 2739 2.0
2739 2287 2.0
2740 1293 1.0
2740 1801 1.0
2740 2762 2.0
2740 2659 2.0
2740 1903 3.0
2740 1243 1.0
2740 2740 7.0
2740 2739 2.0
2740 2287 2.0
2741 1588 1.0
2741 904 1.0
2741 260 1.0
2741 2741 2.0
2742 2064 1.0
2742 82 1.0
2742 2742 2.0
2743 869 1.0
2743 2743 2.0
2743 995 2.0
2744 1109 1.0
2744 2744 2.0
2745 23 1.0
2745 2745 3.0
2745 49 1.0
2746 2747 2.0
2746 2746 2.0
2746 660 1.0
2747 2747 2.0
2747 2746 2.0
2747 660 1.0
2748 455 1.0
2748 2748 2.0
2748 2300 1.0
2749 779 1.0
2749 2881 2.0
2749 2880 2.0
2749 2879 2.0
2749 2878 2.0
2749 2403 2.0
2749 1090 2.0
2749 210 2.0
2749 2749 3.0
2750 2750 2.0
2750 2444 2.0
2750 689 2.0
2751 2751 2.0
2751 2037 2.0
2752 2752 2.0
2752 397 2.0
2753 2331 1.0
2753 2107 1.0
2753 340 1.0
2753 2753 2.0
2753 1638 1.0
2753 551 2.0
2754 2754 2.0
2755 2756 2.0
2755 2755 2.0
2755 2461 1.0
2755 2259 1.0
2755 1588 2.0
2755 904 2.0
2755 564 1.0
2756 2786 1.0
2756 2756 3.0
2756 2755 2.0
2756 2461 1.0
2756 2259 1.0
2756 1588 2.0
2756 904 2.0
2756 564 1.0
2757 994 1.0
2757 2757 2.0
2758 2759 1.0
2758 2758 2.0
2758 2234 1.0
2758 111 1.0
2759 2235 1.0
2759 239 1.0
2759 2759 2.0
2759 2758 1.0
2759 2234 2.0
2759 111 1.0
2760 996 1.0
2760 1320 1.0
2760 2760 3.0
2761 2761 2.0
2761 2736 2.0
2761 2502 2.0
2762 2762 3.0
2762 2740 2.0
2762 2659 3.0
2762 1903 3.0
2762 1243 2.0
2763 2763 2.0
2763 1530 2.0
2764 488 2.0
2764 2764 3.0
2764 1628 3.0
2765 2765 2.0
2766 1118 1.0
2766 2766 2.0
2767 995 1.0
2767 2767 2.0
2768 2768 2.0
2768 1311 2.0
2769 2769 2.0
2769 597 1.0
2770 2436 1.0
2770 2075 1.0
2770 2770 2.0
2771 2771 2.0
2771 2423 2.0
2771 2422 2.0
2771 1732 2.0
2772 2772 2.0
2772 2050 2.0
2772 955 2.0
2773 2773 2.0
2773 2168 2.0
2774 2774 2.0
2774 1279 1.0
2775 2776 2.0
2775 2775 2.0
2775 1237 1.0
2776 2776 2.0
2776 2775 2.0
2776 1237 1.0
2777 1589 1.0
2777 1339 1.0
2777 2779 1.0
2777 2778 2.0
2777 2777 2.0
2778 1589 1.0
2778 1339 1.0
2778 2779 1.0
2778 2778 2.0
2778 2777 2.0
2779 2783 1.0
2779 1347 1.0
2779 347 1.0
2779 2779 2.0
2779 2778 1.0
2779 2777 1.0
2780 2781 2.0
2780 2780 2.0
2780 2478 2.0
2780 2279 2.0
2781 2781 3.0
2781 2780 2.0
2781 2478 3.0
2781 2279 3.0
2782 2782 2.0
2782 2436 1.0
2783 2783 2.0
2783 2779 1.0
2783 1347 1.0
2783 347 1.0
2784 2784 2.0
2784 64 2.0
2785 1602 1.0
2785 596 1.0
2785 2785 2.0
2785 1599 1.0
2786 1856 1.0
2786 1855 1.0
2786 2786 2.0
2786 2756 1.0
2787 689 1.0
2787 2787 2.0
2788 1407 1.0
2788 2788 2.0
2789 2966 1.0
2789 2789 2.0
2790 2790 2.0
2791 39 1.0
2791 2791 2.0
2791 2686 1.0
2792 627 1.0
2792 110 1.0
2792 2794 1.0
2792 2793 2.0
2792 2792 2.0
2792 414 1.0
2793 627 1.0
2793 110 1.0
2793 486 1.0
2793 2794 1.0
2793 2793 3.0
2793 2792 2.0
2793 414 1.0
2794 541 1.0
2794 2968 2.0
2794 2966 2.0
2794 434 2.0
2794 108 1.0
2794 2366 1.0
2794 2019 2.0
2794 2794 4.0
2794 2793 1.0
2794 2792 1.0
2794 414 1.0
2795 2795 2.0
2796 2796 2.0
2796 2668 1.0
2797 1677 1.0
2797 2798 2.0
2797 2797 2.0
2797 1127 2.0
2797 1097 1.0
2797 1068 2.0
2798 1677 1.0
2798 2798 2.0
2798 2797 2.0
2798 1127 2.0
2798 1097 1.0
2798 1068 2.0
2799 36 1.0
2799 2799 2.0
2800 2800 3.0
2800 347 1.0
2801 2844 1.0
2801 2801 2.0
2801 531 2.0
2802 2802 2.0
2802 550 2.0
2803 2803 3.0
2803 936 3.0
2804 2103 1.0
2804 1311 1.0
2804 1780 1.0
2804 2335 1.0
2804 2248 1.0
2804 2385 1.0
2804 2805 3.0
2804 2804 5.0
2804 2384 5.0
2804 1386 1.0
2804 201 5.0
2805 1780 1.0
2805 2385 2.0
2805 2805 4.0
2805 2804 3.0
2805 2384 4.0
2805 1386 1.0
2805 201 4.0
2806 1117 1.0
2806 955 1.0
2806 2806 2.0
2806 2274 2.0
2807 488 1.0
2807 2807 2.0
2807 947 1.0
2808 2808 2.0
2808 2602 1.0
2808 1741 2.0
2809 329 1.0
2809 2809 2.0
2809 2272 1.0
2809 347 1.0
2810 2558 1.0
2810 2810 3.0
2810 1038 3.0
2810 69 1.0
2811 2832 1.0
2811 2811 2.0
2812 2813 2.0
2812 2812 2.0
2812 2523 1.0
2812 1950 2.0
2813 2813 2.0
2813 2812 2.0
2813 2523 1.0
2813 1950 2.0
2814 2815 2.0
2814 2814 2.0
2814 29 2.0
2815 2815 2.0
2815 2814 2.0
2815 29 2.0
2816 2816 2.0
2816 530 2.0
2817 2817 3.0
2818 164 1.0
2818 2818 2.0
2819 2847 1.0
2819 2831 2.0
2819 2819 3.0
2820 1056 1.0
2820 2822 1.0
2820 2821 1.0
2820 2820 2.0
2820 2176 2.0
2820 1499 1.0
2821 786 1.0
2821 2850 2.0
2821 2822 3.0
2821 2821 3.0
2821 2820 1.0
2821 2176 1.0
2821 1499 1.0
2822 786 1.0
2822 2850 2.0
2822 2822 3.0
2822 2821 3.0
2822 2820 1.0
2822 2176 1.0
2822 1499 1.0
2823 2823 2.0
2823 1998 1.0
2823 361 1.0
2824 2144 1.0
2824 2825 2.0
2824 2824 2.0
2825 2144 1.0
2825 2825 2.0
2825 2824 2.0
2826 2064 2.0
2826 505 1.0
2826 82 2.0
2826 70 1.0
2826 2826 3.0
2826 1933 1.0
2826 614 1.0
2826 329 1.0
2827 2827 2.0
2827 1685 2.0
2828 2290 1.0
2828 2289 1.0
2828 2828 2.0
2828 159 2.0
2829 2829 2.0
2829 358 2.0
2830 531 1.0
2830 2830 2.0
2830 2565 1.0
2830 2092 2.0
2831 2847 1.0
2831 2831 2.0
2831 2819 2.0
2832 2811 1.0
2832 2832 2.0
2832 507 1.0
2833 2833 2.0
2833 2301 2.0
2833 1975 1.0
2834 2835 1.0
2834 2834 2.0
2834 956 2.0
2835 2835 2.0
2835 2834 1.0
2835 956 1.0
2836 2078 1.0
2836 2836 2.0
2836 956 2.0
2837 2939 1.0
2837 2839 2.0
2837 2838 1.0
2837 2837 2.0
2838 2939 1.0
2838 2839 2.0
2838 2838 2.0
2838 2837 1.0
2839 2939 2.0
2839 2839 3.0
2839 2838 2.0
2839 2837 2.0
2840 2406 1.0
2840 2840 2.0
2840 784 1.0
2841 1406 1.0
2841 15 1.0
2841 2841 2.0
2841 2400 1.0
2842 2843 2.0
2842 2842 2.0
2842 2436 1.0
2843 2548 1.0
2843 1936 1.0
2843 2843 3.0
2843 2842 2.0
2843 2436 1.0
2844 2801 1.0
2844 531 1.0
2844 2845 1.0
2844 2844 2.0
2844 2565 1.0
2845 2888 1.0
2845 2887 1.0
2845 531 1.0
2845 2845 2.0
2845 2844 1.0
2845 2565 1.0
2846 2846 2.0
2847 660 1.0
2847 2847 2.0
2847 2831 1.0
2847 2819 1.0
2848 201 1.0
2848 2849 3.0
2848 2848 3.0
2848 1386 3.0
2849 201 1.0
2849 2849 3.0
2849 2848 3.0
2849 1386 3.0
2850 2934 1.0
2850 2062 1.0
2850 786 1.0
2850 2822 2.0
2850 2821 2.0
2850 2850 5.0
2850 1310 2.0
2851 2851 2.0
2851 956 2.0
2852 70 1.0
2852 2852 2.0
2853 2550 1.0
2853 2297 1.0
2853 2853 2.0
2853 2317 2.0
2853 172 2.0
2854 2855 3.0
2854 2854 3.0
2854 2567 3.0
2855 2855 3.0
2855 2854 3.0
2855 2567 3.0
2856 2908 1.0
2856 747 1.0
2856 731 1.0
2856 2856 2.0
2856 2218 1.0
2856 1402 1.0
2857 754 1.0
2857 2857 2.0
2858 1923 1.0
2858 2858 2.0
2858 2393 1.0
2858 1181 1.0
2859 1406 1.0
2859 2859 2.0
2860 2860 3.0
2861 99 1.0
2861 2861 2.0
2861 2589 1.0
2861 765 1.0
2861 764 2.0
2862 2862 2.0
2862 2612 1.0
2862 207 1.0
2863 2863 2.0
2863 1979 2.0
2864 2864 2.0
2864 1257 1.0
2864 761 2.0
2865 2599 1.0
2865 2865 3.0
2865 2375 2.0
2865 2361 1.0
2865 1680 2.0
2866 2866 2.0
2866 60 2.0
2867 2869 2.0
2867 2868 2.0
2867 2867 2.0
2867 1444 2.0
2867 31 2.0
2868 2869 2.0
2868 2868 2.0
2868 2867 2.0
2868 1444 2.0
2868 31 2.0
2869 2869 2.0
2869 2868 2.0
2869 2867 2.0
2869 1444 2.0
2869 31 2.0
2870 1379 1.0
2870 2870 2.0
2870 57 1.0
2871 1407 1.0
2871 2871 2.0
2872 1081 1.0
2872 1080 1.0
2872 2873 2.0
2872 2872 2.0
2872 2384 1.0
2872 201 1.0
2872 82 2.0
2873 2941 1.0
2873 488 1.0
2873 1081 1.0
2873 1080 2.0
2873 2873 3.0
2873 2872 2.0
2873 2384 1.0
2873 201 1.0
2873 82 2.0
2874 1952 1.0
2874 2874 2.0
2874 1953 2.0
2875 1695 1.0
2875 2875 2.0
2875 2100 1.0
2875 211 2.0
2876 205 1.0
2876 2876 2.0
2876 2719 1.0
2876 2718 1.0
2877 2056 1.0
2877 495 1.0
2877 2877 2.0
2877 2609 1.0
2877 1969 1.0
2877 752 1.0
2878 779 1.0
2878 2881 2.0
2878 2880 2.0
2878 2879 2.0
2878 2878 2.0
2878 2749 2.0
2878 2403 2.0
2878 1090 2.0
2878 210 2.0
2879 779 1.0
2879 2881 2.0
2879 2880 2.0
2879 2879 2.0
2879 2878 2.0
2879 2749 2.0
2879 2403 2.0
2879 1090 2.0
2879 210 2.0
2880 779 1.0
2880 2881 2.0
2880 2880 2.0
2880 2879 2.0
2880 2878 2.0
2880 2749 2.0
2880 2403 2.0
2880 1090 2.0
2880 210 2.0
2881 779 1.0
2881 2881 2.0
2881 2880 2.0
2881 2879 2.0
2881 2878 2.0
2881 2749 2.0
2881 2403 2.0
2881 1090 2.0
2881 210 2.0
2882 2944 1.0
2882 2883 1.0
2882 2882 4.0
2882 2105 4.0
2882 1182 1.0
2882 205 1.0
2883 2955 1.0
2883 1699 1.0
2883 15 1.0
2883 2883 2.0
2883 2882 1.0
2883 2105 1.0
2883 1182 1.0
2883 205 1.0
2884 2884 2.0
2884 1417 2.0
2885 1610 1.0
2885 2885 3.0
2885 1082 1.0
2885 110 1.0
2886 2886 2.0
2886 760 2.0
2887 2845 1.0
2887 531 1.0
2887 2888 2.0
2887 2887 2.0
2887 487 1.0
2888 2845 1.0
2888 531 1.0
2888 2888 2.0
2888 2887 2.0
2888 487 1.0
2889 2127 1.0
2889 710 1.0
2889 2890 1.0
2889 2889 5.0
2889 1984 3.0
2889 263 4.0
2890 710 1.0
2890 2890 2.0
2890 2889 1.0
2890 1984 1.0
2890 263 1.0
2891 2891 2.0
2891 1977 2.0
2892 2959 1.0
2892 2893 2.0
2892 2892 2.0
2893 2959 2.0
2893 2893 3.0
2893 2892 2.0
2894 2894 2.0
2894 2606 2.0
2894 110 2.0
2895 19 1.0
2895 2895 2.0
2895 2174 1.0
2895 1969 1.0
2896 2729 1.0
2896 2605 1.0
2896 1923 1.0
2896 2896 2.0
2896 1181 2.0
2897 2897 2.0
2897 2058 2.0
2897 113 1.0
2898 96 1.0
2898 2898 2.0
2898 2004 2.0
2899 2901 2.0
2899 2900 2.0
2899 2899 2.0
2899 1964 2.0
2900 2901 2.0
2900 2900 2.0
2900 2899 2.0
2900 1964 2.0
2901 2901 2.0
2901 2900 2.0
2901 2899 2.0
2901 1964 2.0
2902 2902 2.0
2902 2114 1.0
2902 2113 1.0
2902 2012 1.0
2902 60 1.0
2903 2904 2.0
2903 2903 2.0
2903 2408 2.0
2903 2407 2.0
2904 2904 2.0
2904 2903 2.0
2904 2408 2.0
2904 2407 2.0
2905 2718 1.0
2905 31 1.0
2905 2905 2.0
2905 1985 2.0
2905 1701 2.0
2905 1444 2.0
2906 2906 2.0
2906 38 2.0
2907 2907 2.0
2907 541 2.0
2907 54 2.0
2908 2856 1.0
2908 731 1.0
2908 2908 2.0
2908 747 2.0
2909 2414 1.0
2909 2909 2.0
2909 2231 2.0
2910 2910 2.0
2910 2414 1.0
2910 439 2.0
2911 2911 2.0
2911 2188 1.0
2912 2912 3.0
2912 1694 1.0
2912 1093 3.0
2913 2916 2.0
2913 2915 2.0
2913 2914 2.0
2913 2913 2.0
2914 2916 2.0
2914 2915 2.0
2914 2914 2.0
2914 2913 2.0
2915 2916 2.0
2915 2915 2.0
2915 2914 2.0
2915 2913 2.0
2916 2916 2.0
2916 2915 2.0
2916 2914 2.0
2916 2913 2.0
2917 772 1.0
2917 2918 2.0
2917 2917 2.0
2918 772 1.0
2918 2918 2.0
2918 2917 2.0
2919 2919 2.0
2920 2922 1.0
2920 2920 2.0
2920 1162 1.0
2920 1157 2.0
2921 2191 1.0
2921 1998 1.0
2921 2921 2.0
2922 2920 1.0
2922 1157 1.0
2922 2922 2.0
2923 2923 2.0
2924 332 1.0
2924 2924 2.0
2924 82 1.0
2925 2927 2.0
2925 2926 2.0
2925 2925 2.0
2925 2516 1.0
2926 2927 2.0
2926 2926 2.0
2926 2925 2.0
2926 2516 1.0
2927 2927 2.0
2927 2926 2.0
2927 2925 2.0
2927 2516 1.0
2928 2236 1.0
2928 633 1.0
2928 2928 2.0
2928 1028 1.0
2929 2615 1.0
2929 2325 1.0
2929 2930 2.0
2929 2929 2.0
2929 2160 1.0
2929 147 2.0
2930 2615 1.0
2930 2325 1.0
2930 2930 2.0
2930 2929 2.0
2930 2160 1.0
2930 147 2.0
2931 2933 2.0
2931 2932 2.0
2931 2931 2.0
2931 2708 2.0
2931 1050 2.0
2932 2933 2.0
2932 2932 2.0
2932 2931 2.0
2932 2708 2.0
2932 1050 2.0
2933 2933 2.0
2933 2932 2.0
2933 2931 2.0
2933 2708 2.0
2933 1050 2.0
2934 2850 1.0
2934 2934 2.0
2934 2062 2.0
2934 339 1.0
2935 2935 2.0
2935 2308 1.0
2935 70 1.0
2936 349 1.0
2936 2936 2.0
2936 1402 1.0
2937 2937 2.0
2937 1334 2.0
2938 2938 2.0
2938 2320 1.0
2938 70 2.0
2939 2838 1.0
2939 2939 2.0
2939 2839 2.0
2939 2837 1.0
2940 2941 1.0
2940 2716 1.0
2940 2940 2.0
2940 488 2.0
2941 2873 1.0
2941 1080 1.0
2941 2941 2.0
2941 2940 1.0
2941 2716 1.0
2941 488 2.0
2942 2702 1.0
2942 2084 1.0
2942 2942 2.0
2942 2716 1.0
2942 488 2.0
2943 2943 2.0
2943 713 2.0
2944 2882 1.0
2944 2105 1.0
2944 2944 4.0
2944 1418 2.0
2945 541 1.0
2945 205 1.0
2945 2945 3.0
2945 1377 1.0
2945 543 2.0
2946 2946 2.0
2947 2947 2.0
2948 2948 2.0
2948 1082 2.0
2949 2417 1.0
2949 32 1.0
2949 2949 2.0
2950 2950 2.0
2950 2417 2.0
2950 32 1.0
2951 369 1.0
2951 2951 2.0
2952 1083 1.0
2952 2952 2.0
2952 794 1.0
2952 769 1.0
2953 2351 1.0
2953 2953 3.0
2954 1701 1.0
2954 2954 2.0
2954 60 2.0
2955 105 1.0
2955 2955 2.0
2955 2883 1.0
2955 1699 1.0
2955 15 1.0
2956 1692 1.0
2956 2956 2.0
2956 749 2.0
2957 590 1.0
2957 2957 2.0
2957 1953 1.0
2958 2958 2.0
2958 1969 2.0
2959 2892 1.0
2959 2959 2.0
2959 2893 2.0
2960 2960 2.0
2961 2961 2.0
2962 23 1.0
2962 2962 3.0
2963 2963 2.0
2963 2213 2.0
2964 58 1.0
2964 2964 2.0
2965 369 1.0
2965 2965 2.0
2965 1694 1.0
2966 2789 1.0
2966 2019 1.0
2966 541 1.0
2966 2968 2.0
2966 2794 2.0
2966 434 2.0
2966 108 1.0
2966 2966 4.0
2966 1877 1.0
2967 2967 2.0
2968 2019 1.0
2968 541 1.0
2968 2968 2.0
2968 2966 2.0
2968 2794 2.0
2968 434 2.0
2968 108 1.0
2969 2969 2.0
2969 434 2.0
2970 2970 2.0
2970 122 1.0
