3277 3277
2 3018 1.0
2 2 1.0
6 3236 1.0
6 3235 1.0
6 3234 1.0
6 2664 1.0
6 710 1.0
6 6 2.0
15 2414 1.0
15 2207 1.0
15 439 1.0
15 2131 1.0
15 15 2.0
20 3083 1.0
20 1781 1.0
20 1584 1.0
20 1009 1.0
20 533 1.0
20 492 1.0
20 147 1.0
20 3048 2.0
20 2992 1.0
20 20 4.0
23 1342 1.0
23 723 1.0
23 573 1.0
23 236 1.0
23 227 1.0
23 560 1.0
23 23 11.0
24 3188 2.0
24 1109 2.0
24 24 2.0
31 31 1.0
32 32 2.0
33 284 1.0
33 33 1.0
34 3245 2.0
34 3244 2.0
34 1176 2.0
34 34 2.0
36 2799 2.0
36 36 2.0
37 914 1.0
37 37 2.0
38 1096 1.0
38 391 1.0
38 2033 1.0
38 38 3.0
49 2079 1.0
49 49 4.0
50 2379 1.0
50 50 1.0
52 2615 1.0
52 52 1.0
53 3262 1.0
53 773 1.0
53 391 1.0
53 53 2.0
57 2374 1.0
57 1929 1.0
57 1671 1.0
57 57 1.0
58 2745 1.0
58 351 1.0
58 58 6.0
59 2495 1.0
59 59 2.0
60 2114 1.0
60 2113 1.0
60 60 3.0
62 210 1.0
62 62 1.0
64 3043 2.0
64 2037 1.0
64 64 2.0
69 3108 1.0
69 2040 1.0
69 82 1.0
69 1810 1.0
69 185 1.0
69 69 2.0
70 2938 1.0
70 2783 1.0
70 2308 3.0
70 1933 1.0
70 329 1.0
70 3099 1.0
70 332 1.0
70 2320 1.0
70 3085 2.0
70 2072 1.0
70 2071 1.0
70 83 1.0
70 70 12.0
73 438 1.0
73 1429 1.0
73 73 2.0
74 3183 2.0
74 2444 1.0
74 382 1.0
74 74 4.0
82 2559 1.0
82 2036 1.0
82 2026 1.0
82 1931 1.0
82 1170 1.0
82 2826 1.0
82 3208 1.0
82 505 1.0
82 259 1.0
82 2040 2.0
82 69 1.0
82 3219 2.0
82 3110 2.0
82 3109 4.0
82 3108 4.0
82 2560 5.0
82 2396 7.0
82 2064 1.0
82 82 10.0
83 2577 1.0
83 150 1.0
83 1317 1.0
83 2072 1.0
83 2071 1.0
83 83 4.0
83 70 1.0
84 85 1.0
84 84 1.0
85 85 1.0
85 84 1.0
86 3140 2.0
86 3139 2.0
86 3138 2.0
86 3137 2.0
86 86 2.0
88 761 1.0
88 88 2.0
91 91 1.0
98 1687 1.0
98 2593 1.0
98 281 1.0
98 98 3.0
100 2433 1.0
100 2124 1.0
100 100 1.0
102 102 2.0
103 811 1.0
103 103 1.0
108 108 1.0
109 1976 1.0
109 3255 2.0
109 2407 2.0
109 109 2.0
110 2894 1.0
110 111 1.0
110 2160 1.0
110 110 2.0
111 2894 1.0
111 111 1.0
111 110 1.0
112 1695 1.0
112 112 1.0
116 116 1.0
122 2970 1.0
122 122 1.0
137 2917 1.0
137 137 1.0
141 141 1.0
147 3083 1.0
147 3048 1.0
147 1781 1.0
147 1584 1.0
147 1009 1.0
147 533 1.0
147 492 1.0
147 20 1.0
147 3079 1.0
147 2615 1.0
147 2305 1.0
147 147 3.0
150 887 1.0
150 2577 1.0
150 150 3.0
150 83 1.0
151 151 1.0
158 3229 1.0
158 2521 1.0
158 158 1.0
159 3135 1.0
159 2288 3.0
159 3118 1.0
159 2828 1.0
159 2290 5.0
159 2289 6.0
159 482 2.0
159 159 8.0
160 160 1.0
161 2955 1.0
161 2866 1.0
161 1699 1.0
161 482 1.0
161 161 2.0
164 2818 1.0
164 3098 2.0
164 3097 2.0
164 164 2.0
165 1134 1.0
165 3042 2.0
165 2686 1.0
165 165 4.0
166 166 2.0
167 167 1.0
172 3100 1.0
172 2550 2.0
172 3082 2.0
172 3066 3.0
172 3065 3.0
172 2853 2.0
172 172 5.0
185 3022 1.0
185 1810 1.0
185 185 2.0
185 69 1.0
193 3252 1.0
193 3264 2.0
193 193 3.0
195 3248 1.0
195 2419 3.0
195 727 1.0
195 195 4.0
201 3058 1.0
201 1311 1.0
201 2384 1.0
201 2804 3.0
201 2248 2.0
201 201 4.0
203 203 1.0
204 3094 1.0
204 3093 1.0
204 1975 1.0
204 204 1.0
209 2946 1.0
209 209 1.0
210 2630 2.0
210 373 2.0
210 210 3.0
210 62 1.0
211 287 1.0
211 2604 1.0
211 1188 2.0
211 2094 3.0
211 1578 1.0
211 3241 2.0
211 3236 1.0
211 3102 2.0
211 3101 2.0
211 2100 2.0
211 309 1.0
211 211 8.0
214 2096 1.0
214 214 2.0
215 2996 1.0
215 215 1.0
218 2427 1.0
218 865 1.0
218 218 1.0
223 244 2.0
223 223 3.0
227 236 1.0
227 23 1.0
227 227 2.0
228 228 1.0
232 233 1.0
232 232 1.0
233 233 1.0
233 232 1.0
236 227 1.0
236 23 1.0
236 3127 1.0
236 244 1.0
236 236 2.0
237 3191 2.0
237 261 1.0
237 2616 2.0
237 2235 1.0
237 239 1.0
237 237 6.0
238 1627 1.0
238 563 1.0
238 238 2.0
239 2616 1.0
239 237 1.0
239 3019 1.0
239 560 1.0
239 2240 1.0
239 2976 1.0
239 2235 2.0
239 239 6.0
240 919 2.0
240 240 2.0
241 559 1.0
241 241 1.0
244 3127 1.0
244 236 1.0
244 244 3.0
244 223 2.0
246 2876 1.0
246 1952 1.0
246 246 1.0
247 2492 2.0
247 247 2.0
248 3130 2.0
248 248 2.0
250 3237 1.0
250 3222 1.0
250 250 1.0
256 2132 1.0
256 256 1.0
257 257 1.0
259 1170 1.0
259 3208 1.0
259 2396 1.0
259 505 1.0
259 82 1.0
259 259 3.0
260 3052 1.0
260 3014 1.0
260 260 2.0
261 3191 1.0
261 237 1.0
261 2428 1.0
261 261 3.0
263 2889 1.0
263 1984 2.0
263 263 2.0
264 3146 1.0
264 883 1.0
264 2138 2.0
264 2137 2.0
264 1832 1.0
264 1724 1.0
264 662 2.0
264 3017 2.0
264 1902 1.0
264 2978 1.0
264 2761 2.0
264 2139 6.0
264 264 7.0
267 3186 1.0
267 484 1.0
267 267 1.0
272 1908 1.0
272 272 1.0
275 1702 1.0
275 275 2.0
279 290 1.0
279 279 2.0
281 281 1.0
281 98 1.0
284 723 1.0
284 710 1.0
284 569 1.0
284 284 2.0
284 33 1.0
287 211 1.0
287 3149 1.0
287 287 2.0
290 290 1.0
290 279 1.0
292 292 1.0
293 293 1.0
309 3102 1.0
309 3101 1.0
309 2100 1.0
309 309 1.0
309 211 1.0
312 312 1.0
319 3257 1.0
319 439 1.0
319 3111 1.0
319 2919 1.0
319 319 2.0
321 3252 1.0
321 2599 1.0
321 1244 1.0
321 321 1.0
322 2852 1.0
322 322 1.0
327 327 1.0
329 2809 1.0
329 347 1.0
329 3230 1.0
329 3167 1.0
329 2941 1.0
329 3226 1.0
329 2716 1.0
329 488 2.0
329 2308 1.0
329 1933 1.0
329 329 4.0
329 70 1.0
332 3111 1.0
332 3099 1.0
332 332 2.0
332 70 1.0
336 2908 1.0
336 747 1.0
336 1964 1.0
336 1959 2.0
336 1401 3.0
336 811 1.0
336 2174 1.0
336 336 4.0
339 3160 1.0
339 3207 2.0
339 3206 2.0
339 2934 2.0
339 2063 1.0
339 2062 2.0
339 339 4.0
340 3114 1.0
340 2330 1.0
340 2329 2.0
340 3032 2.0
340 3031 2.0
340 3030 2.0
340 2331 4.0
340 340 7.0
347 329 1.0
347 2178 1.0
347 1970 1.0
347 2809 3.0
347 2680 1.0
347 1589 1.0
347 347 4.0
349 349 1.0
351 1050 1.0
351 351 2.0
351 58 1.0
358 2829 1.0
358 358 1.0
360 1703 1.0
360 1009 2.0
360 360 2.0
361 1998 1.0
361 2568 1.0
361 361 2.0
366 2471 1.0
366 3033 2.0
366 2177 2.0
366 366 4.0
369 1984 1.0
369 487 1.0
369 369 3.0
373 2630 2.0
373 210 2.0
373 373 3.0
377 3163 1.0
377 2176 1.0
377 377 1.0
382 382 1.0
382 74 1.0
389 418 1.0
389 389 1.0
391 38 1.0
391 773 1.0
391 391 2.0
391 53 1.0
392 392 1.0
396 396 1.0
397 2552 1.0
397 3001 2.0
397 3000 2.0
397 2999 2.0
397 397 3.0
398 3225 1.0
398 2184 1.0
398 398 2.0
405 2160 1.0
405 405 1.0
412 3263 1.0
412 487 1.0
412 412 1.0
414 2403 1.0
414 3196 1.0
414 414 2.0
418 418 2.0
418 389 1.0
419 1872 1.0
419 433 1.0
419 419 1.0
420 541 1.0
420 2966 1.0
420 420 3.0
421 3269 1.0
421 3268 1.0
421 3267 1.0
421 3266 1.0
421 3265 2.0
421 421 2.0
424 424 1.0
429 429 1.0
433 1872 1.0
433 433 1.0
433 419 1.0
434 3273 1.0
434 1944 1.0
434 2366 1.0
434 434 2.0
437 3215 1.0
437 3214 1.0
437 2189 1.0
437 437 1.0
438 438 1.0
438 73 1.0
439 2910 1.0
439 2911 1.0
439 2414 1.0
439 2207 1.0
439 15 1.0
439 3257 2.0
439 319 1.0
439 1743 1.0
439 2131 1.0
439 439 7.0
455 2748 1.0
455 1938 1.0
455 3068 2.0
455 455 3.0
465 465 1.0
468 468 1.0
475 2426 1.0
475 1297 1.0
475 3027 2.0
475 475 2.0
480 480 1.0
482 161 1.0
482 3118 1.0
482 159 2.0
482 2290 4.0
482 2289 4.0
482 482 5.0
484 3186 2.0
484 267 1.0
484 484 3.0
485 1618 1.0
485 1578 1.0
485 485 1.0
486 2793 2.0
486 2584 1.0
486 2273 2.0
486 486 5.0
487 1984 1.0
487 369 1.0
487 412 1.0
487 3263 2.0
487 2888 1.0
487 2887 1.0
487 487 3.0
488 1056 1.0
488 3230 2.0
488 3167 2.0
488 2941 1.0
488 2716 2.0
488 329 2.0
488 3226 2.0
488 3096 1.0
488 3061 1.0
488 2326 1.0
488 1369 2.0
488 2702 3.0
488 2435 1.0
488 666 2.0
488 488 8.0
491 1686 1.0
491 3092 2.0
491 491 2.0
492 3083 1.0
492 3048 1.0
492 1781 1.0
492 1584 1.0
492 1009 1.0
492 533 1.0
492 492 1.0
492 147 1.0
492 20 1.0
495 2746 1.0
495 660 1.0
495 495 2.0
505 3208 1.0
505 2396 1.0
505 259 1.0
505 82 1.0
505 3103 2.0
505 505 3.0
507 2328 1.0
507 2043 1.0
507 1650 1.0
507 507 1.0
510 3022 1.0
510 2278 1.0
510 2032 1.0
510 510 1.0
517 517 1.0
518 518 3.0
530 530 3.0
532 532 1.0
533 3083 1.0
533 3048 1.0
533 1781 1.0
533 1584 1.0
533 1009 1.0
533 533 1.0
533 492 1.0
533 147 1.0
533 20 1.0
540 3247 2.0
540 3040 1.0
540 1852 1.0
540 599 2.0
540 540 2.0
541 2907 1.0
541 2722 1.0
541 420 1.0
541 541 5.0
550 2802 1.0
550 3059 1.0
550 3029 2.0
550 3028 2.0
550 550 4.0
551 2587 1.0
551 2586 1.0
551 1638 1.0
551 2753 1.0
551 1007 1.0
551 551 4.0
552 2467 1.0
552 1844 3.0
552 552 4.0
555 555 1.0
559 559 1.0
559 241 1.0
560 23 1.0
560 3019 1.0
560 560 2.0
560 239 1.0
561 2657 1.0
561 562 3.0
561 1258 2.0
561 2986 2.0
561 2985 2.0
561 2984 2.0
561 2983 2.0
561 2982 2.0
561 2981 4.0
561 561 5.0
562 2657 1.0
562 1258 1.0
562 2981 2.0
562 562 3.0
562 561 3.0
563 2175 1.0
563 3199 1.0
563 596 1.0
563 3197 2.0
563 2735 1.0
563 1627 1.0
563 563 5.0
563 238 1.0
569 723 1.0
569 710 1.0
569 569 1.0
569 284 1.0
571 571 1.0
573 23 1.0
573 2203 1.0
573 688 1.0
573 573 2.0
574 953 1.0
574 574 1.0
576 1752 2.0
576 1501 1.0
576 577 2.0
576 576 2.0
577 1752 2.0
577 1501 1.0
577 577 2.0
577 576 2.0
578 578 2.0
582 1900 1.0
582 1475 1.0
582 582 1.0
584 584 1.0
585 2674 1.0
585 3049 2.0
585 585 3.0
590 590 1.0
592 3196 1.0
592 592 1.0
596 3199 1.0
596 563 1.0
596 2434 1.0
596 1616 1.0
596 3192 1.0
596 1602 1.0
596 3189 2.0
596 942 1.0
596 701 1.0
596 3187 2.0
596 3122 1.0
596 2494 2.0
596 1598 3.0
596 596 6.0
597 1730 1.0
597 2769 1.0
597 3064 3.0
597 3063 3.0
597 597 5.0
598 598 1.0
599 3247 2.0
599 1852 1.0
599 540 2.0
599 3040 2.0
599 599 3.0
603 603 1.0
605 605 1.0
609 609 1.0
611 611 1.0
614 2955 2.0
614 1933 3.0
614 614 3.0
620 2967 1.0
620 2604 1.0
620 2354 1.0
620 1675 1.0
620 620 3.0
623 1059 1.0
623 1058 1.0
623 623 1.0
624 1949 1.0
624 769 1.0
624 624 1.0
629 3271 2.0
629 2338 1.0
629 3270 2.0
629 1393 1.0
629 629 5.0
660 2831 1.0
660 2819 1.0
660 495 1.0
660 3062 2.0
660 3061 1.0
660 3060 1.0
660 2326 1.0
660 666 1.0
660 2746 2.0
660 660 5.0
662 883 1.0
662 2139 1.0
662 2138 2.0
662 2137 2.0
662 1832 1.0
662 1724 1.0
662 662 2.0
662 264 2.0
663 663 1.0
666 1369 1.0
666 3096 2.0
666 3095 1.0
666 2702 1.0
666 2435 1.0
666 488 2.0
666 3062 1.0
666 3061 3.0
666 3060 2.0
666 2326 3.0
666 666 4.0
666 660 1.0
667 1605 1.0
667 667 1.0
668 668 1.0
680 2514 1.0
680 680 1.0
684 3044 1.0
684 684 1.0
685 685 1.0
687 2655 1.0
687 687 1.0
688 2203 1.0
688 688 1.0
688 573 1.0
689 2750 1.0
689 689 2.0
701 2789 1.0
701 2208 1.0
701 1944 1.0
701 3274 2.0
701 1902 1.0
701 3189 1.0
701 942 1.0
701 596 1.0
701 1732 1.0
701 1595 1.0
701 701 6.0
706 706 2.0
710 723 1.0
710 569 1.0
710 284 1.0
710 3234 1.0
710 2664 1.0
710 710 2.0
710 6 1.0
713 2243 1.0
713 2454 2.0
713 1918 1.0
713 713 3.0
721 721 1.0
722 3229 1.0
722 2521 1.0
722 722 1.0
723 710 1.0
723 569 1.0
723 284 1.0
723 23 1.0
723 2997 1.0
723 723 3.0
724 3113 1.0
724 2303 1.0
724 2698 1.0
724 1938 2.0
724 2045 2.0
724 724 4.0
727 3248 2.0
727 2419 2.0
727 195 1.0
727 3073 1.0
727 1717 1.0
727 727 4.0
731 2537 1.0
731 1921 1.0
731 731 1.0
747 2908 1.0
747 1959 1.0
747 1401 1.0
747 336 1.0
747 747 2.0
749 1953 1.0
749 3253 2.0
749 2207 1.0
749 749 2.0
753 754 1.0
753 753 1.0
754 754 1.0
754 753 1.0
756 756 1.0
758 1183 1.0
758 758 3.0
761 88 1.0
761 761 2.0
764 2990 1.0
764 2989 1.0
764 1028 1.0
764 764 1.0
765 2013 1.0
765 765 2.0
769 1949 1.0
769 624 1.0
769 2976 1.0
769 794 2.0
769 769 4.0
772 772 1.0
773 773 1.0
773 391 1.0
773 53 1.0
781 781 1.0
784 1097 1.0
784 784 1.0
786 3088 1.0
786 2850 1.0
786 2561 1.0
786 3198 1.0
786 3089 1.0
786 1664 1.0
786 786 3.0
787 2884 1.0
787 1417 1.0
787 787 1.0
791 791 1.0
794 2976 1.0
794 794 2.0
794 769 2.0
797 2208 1.0
797 797 1.0
808 808 2.0
811 103 1.0
811 1959 1.0
811 1401 1.0
811 336 1.0
811 3176 1.0
811 811 3.0
853 853 1.0
857 857 2.0
858 3200 1.0
858 1609 1.0
858 2649 1.0
858 858 3.0
861 1831 1.0
861 861 1.0
865 1976 1.0
865 1826 1.0
865 3041 2.0
865 3038 1.0
865 976 1.0
865 2979 2.0
865 1526 1.0
865 2427 1.0
865 218 1.0
865 2733 3.0
865 865 7.0
867 3047 1.0
867 869 1.0
867 867 1.0
868 949 1.0
868 868 1.0
869 867 1.0
869 3047 3.0
869 3046 2.0
869 869 3.0
876 2162 2.0
876 1831 1.0
876 876 2.0
883 2138 1.0
883 2137 1.0
883 883 1.0
883 662 1.0
883 264 1.0
885 885 1.0
887 887 1.0
887 150 1.0
891 892 1.0
891 891 2.0
892 2649 1.0
892 892 2.0
892 891 1.0
898 1122 1.0
898 921 1.0
898 898 1.0
904 2740 1.0
904 904 2.0
914 914 1.0
914 37 1.0
918 918 1.0
919 919 2.0
919 240 2.0
921 1532 1.0
921 1493 1.0
921 1122 1.0
921 921 3.0
921 898 1.0
922 2451 1.0
922 922 1.0
924 3086 2.0
924 924 2.0
928 3045 2.0
928 928 2.0
935 935 1.0
936 2803 1.0
936 936 5.0
938 938 1.0
942 3189 1.0
942 701 1.0
942 596 1.0
942 942 2.0
949 868 1.0
949 949 2.0
951 951 1.0
952 953 1.0
952 952 1.0
953 952 1.0
953 574 1.0
953 2429 1.0
953 953 3.0
955 955 1.0
956 1295 1.0
956 2851 2.0
956 2834 1.0
956 956 3.0
958 3195 1.0
958 958 1.0
961 1274 1.0
961 961 1.0
962 3002 1.0
962 962 3.0
972 972 1.0
975 975 1.0
976 1890 1.0
976 3174 4.0
976 1595 1.0
976 3038 2.0
976 2733 1.0
976 976 5.0
976 865 1.0
979 3203 1.0
979 2919 1.0
979 979 1.0
988 1826 1.0
988 988 2.0
992 2731 1.0
992 992 1.0
995 2743 2.0
995 995 2.0
996 996 1.0
1007 2753 1.0
1007 1007 1.0
1007 551 1.0
1009 1703 1.0
1009 3083 1.0
1009 3048 1.0
1009 1781 1.0
1009 1584 1.0
1009 533 1.0
1009 492 1.0
1009 147 1.0
1009 20 1.0
1009 1009 3.0
1009 360 2.0
1011 3155 1.0
1011 3148 1.0
1011 1011 1.0
1014 1014 1.0
1028 2928 2.0
1028 2990 1.0
1028 2989 3.0
1028 1028 3.0
1028 764 1.0
1032 1328 1.0
1032 1032 1.0
1046 1046 1.0
1048 1048 1.0
1049 3178 1.0
1049 1049 1.0
1050 2933 2.0
1050 2932 2.0
1050 2931 2.0
1050 2708 2.0
1050 1050 3.0
1050 351 1.0
1052 2520 1.0
1052 2519 1.0
1052 2518 1.0
1052 1052 1.0
1053 2295 1.0
1053 1053 1.0
1056 2716 1.0
1056 2702 1.0
1056 1369 1.0
1056 488 1.0
1056 2820 1.0
1056 2176 1.0
1056 3106 1.0
1056 1056 3.0
1058 1059 1.0
1058 1058 1.0
1058 623 1.0
1059 1059 1.0
1059 1058 1.0
1059 623 1.0
1068 1068 1.0
1069 1355 1.0
1069 1069 1.0
1072 3228 2.0
1072 3227 2.0
1072 1072 2.0
1079 3260 1.0
1079 1079 3.0
1080 2171 1.0
1080 2170 1.0
1080 3170 2.0
1080 3169 2.0
1080 3168 2.0
1080 1081 3.0
1080 1080 3.0
1081 2230 1.0
1081 2171 1.0
1081 2170 1.0
1081 3170 2.0
1081 3169 2.0
1081 3168 2.0
1081 1081 4.0
1081 1080 3.0
1088 3233 1.0
1088 3179 1.0
1088 1093 1.0
1088 1088 2.0
1091 3179 1.0
1091 1093 2.0
1091 1091 2.0
1093 3243 1.0
1093 3242 2.0
1093 2965 1.0
1093 3233 1.0
1093 1088 1.0
1093 3179 2.0
1093 1093 5.0
1093 1091 2.0
1096 38 1.0
1096 1096 2.0
1097 1097 1.0
1097 784 1.0
1099 3251 1.0
1099 3250 1.0
1099 2881 1.0
1099 2403 1.0
1099 1099 1.0
1100 2604 1.0
1100 3258 2.0
1100 1100 2.0
1104 1104 1.0
1106 1106 2.0
1109 3188 2.0
1109 24 2.0
1109 2744 1.0
1109 1109 3.0
1112 3157 1.0
1112 3156 1.0
1112 1112 1.0
1114 3131 1.0
1114 1114 1.0
1117 1118 1.0
1117 3120 1.0
1117 3119 1.0
1117 2274 1.0
1117 1117 2.0
1118 1118 1.0
1118 1117 1.0
1122 1122 1.0
1122 921 1.0
1122 898 1.0
1128 1128 1.0
1132 2124 1.0
1132 1132 1.0
1134 3042 1.0
1134 1134 1.0
1134 165 1.0
1135 1146 1.0
1135 1135 1.0
1143 3026 1.0
1143 1143 1.0
1145 1145 1.0
1146 1135 1.0
1146 1146 2.0
1154 1154 2.0
1170 259 1.0
1170 3219 1.0
1170 3110 1.0
1170 3109 1.0
1170 3108 1.0
1170 2560 1.0
1170 2559 1.0
1170 2396 1.0
1170 2036 1.0
1170 2026 1.0
1170 1931 1.0
1170 82 1.0
1170 1170 3.0
1173 2306 1.0
1173 2305 1.0
1173 1173 2.0
1176 3245 2.0
1176 3244 2.0
1176 1176 3.0
1176 34 2.0
1181 2858 1.0
1181 2618 1.0
1181 2605 2.0
1181 2371 2.0
1181 1181 2.0
1182 2718 1.0
1182 2719 2.0
1182 1182 2.0
1183 2387 1.0
1183 1183 2.0
1183 758 1.0
1186 1186 1.0
1188 2094 2.0
1188 1188 3.0
1188 211 2.0
1191 1191 1.0
1194 1194 1.0
1195 1197 1.0
1195 1195 1.0
1197 1197 1.0
1197 1195 1.0
1233 3254 1.0
1233 2283 1.0
1233 1233 1.0
1237 1237 2.0
1244 3252 1.0
1244 2599 1.0
1244 321 1.0
1244 1560 1.0
1244 1244 2.0
1245 2496 1.0
1245 2334 1.0
1245 2323 1.0
1245 3221 2.0
1245 1245 3.0
1248 1248 1.0
1250 1250 1.0
1251 1251 1.0
1255 1255 1.0
1258 2657 1.0
1258 562 1.0
1258 3021 1.0
1258 3020 2.0
1258 2138 1.0
1258 2986 1.0
1258 2985 1.0
1258 2984 1.0
1258 2983 1.0
1258 2982 1.0
1258 2981 1.0
1258 1258 4.0
1258 561 2.0
1274 1274 1.0
1274 961 1.0
1275 1275 1.0
1278 1278 1.0
1285 1742 1.0
1285 1285 1.0
1294 2234 1.0
1294 3036 1.0
1294 2235 1.0
1294 1850 1.0
1294 1294 2.0
1295 2851 1.0
1295 1295 1.0
1295 956 1.0
1296 3051 2.0
1296 1296 3.0
1297 3027 1.0
1297 475 1.0
1297 2426 2.0
1297 1297 3.0
1307 1307 2.0
1311 201 1.0
1311 3205 1.0
1311 2511 1.0
1311 1314 1.0
1311 2768 1.0
1311 3058 2.0
1311 2103 1.0
1311 1311 8.0
1313 1313 1.0
1314 1314 1.0
1314 1311 1.0
1316 1316 1.0
1317 1317 2.0
1317 83 1.0
1321 1970 1.0
1321 2549 1.0
1321 1321 2.0
1322 3190 2.0
1322 1322 4.0
1328 1328 1.0
1328 1032 1.0
1330 1330 1.0
1331 1331 1.0
1332 1332 1.0
1334 2991 2.0
1334 2937 2.0
1334 1334 5.0
1335 1335 1.0
1337 2876 1.0
1337 3158 1.0
1337 1967 2.0
1337 1337 4.0
1338 1338 2.0
1342 1342 1.0
1342 23 1.0
1344 3220 2.0
1344 1344 3.0
1345 1345 1.0
1346 1346 1.0
1355 1355 1.0
1355 1069 1.0
1362 3083 1.0
1362 1362 1.0
1364 1364 1.0
1369 2716 1.0
1369 2702 1.0
1369 1056 1.0
1369 3218 2.0
1369 3217 2.0
1369 3216 2.0
1369 3096 1.0
1369 666 1.0
1369 488 2.0
1369 3095 2.0
1369 3061 2.0
1369 2326 2.0
1369 2322 1.0
1369 1369 5.0
1378 1378 2.0
1383 1383 1.0
1386 2107 1.0
1386 2849 2.0
1386 2848 1.0
1386 1386 3.0
1387 1925 1.0
1387 2383 1.0
1387 1918 3.0
1387 1387 3.0
1393 629 1.0
1393 1393 2.0
1401 3276 2.0
1401 3275 2.0
1401 2908 1.0
1401 747 1.0
1401 1959 2.0
1401 811 1.0
1401 336 3.0
1401 3201 4.0
1401 1964 2.0
1401 1401 7.0
1402 1402 1.0
1412 3078 2.0
1412 3077 2.0
1412 2053 3.0
1412 1412 3.0
1417 787 1.0
1417 2884 2.0
1417 1417 2.0
1418 2944 1.0
1418 1418 3.0
1424 1424 1.0
1426 1426 1.0
1429 1429 1.0
1429 73 1.0
1434 1434 1.0
1436 1436 1.0
1444 2905 1.0
1444 1444 2.0
1454 2851 1.0
1454 1696 1.0
1454 1454 1.0
1471 1471 1.0
1475 1900 1.0
1475 1475 1.0
1475 582 1.0
1476 2975 2.0
1476 2974 2.0
1476 1476 2.0
1478 1478 1.0
1481 2470 1.0
1481 2468 1.0
1481 2162 1.0
1481 1481 1.0
1489 1489 1.0
1490 3050 1.0
1490 3019 1.0
1490 1588 1.0
1490 1490 1.0
1493 1493 1.0
1493 921 1.0
1501 1752 1.0
1501 1501 1.0
1501 577 1.0
1501 576 1.0
1514 3057 1.0
1514 1514 1.0
1515 3181 2.0
1515 3180 2.0
1515 1515 3.0
1516 3113 1.0
1516 1516 1.0
1519 3121 2.0
1519 1632 1.0
1519 1631 1.0
1519 1519 2.0
1521 1522 1.0
1521 1521 1.0
1522 1522 1.0
1522 1521 1.0
1526 2979 1.0
1526 2733 1.0
1526 1526 1.0
1526 865 1.0
1527 3172 1.0
1527 1527 1.0
1530 2763 1.0
1530 1530 2.0
1532 2997 1.0
1532 1532 2.0
1532 921 1.0
1534 1534 2.0
1541 1541 2.0
1550 1624 1.0
1550 2497 1.0
1550 1550 2.0
1553 1553 1.0
1560 1560 1.0
1560 1244 1.0
1562 1562 2.0
1563 2154 1.0
1563 1563 1.0
1578 3235 1.0
1578 2094 1.0
1578 211 1.0
1578 1618 1.0
1578 1578 3.0
1578 485 1.0
1581 3039 1.0
1581 1581 1.0
1584 3083 1.0
1584 3048 1.0
1584 1781 1.0
1584 1584 1.0
1584 1009 1.0
1584 533 1.0
1584 492 1.0
1584 147 1.0
1584 20 1.0
1588 3019 1.0
1588 1490 1.0
1588 3182 1.0
1588 2756 1.0
1588 3050 2.0
1588 1588 3.0
1589 2809 1.0
1589 2680 1.0
1589 1589 1.0
1589 347 1.0
1595 3174 1.0
1595 976 1.0
1595 701 1.0
1595 3034 1.0
1595 2442 1.0
1595 2980 2.0
1595 2244 1.0
1595 1595 7.0
1596 1596 1.0
1598 3192 1.0
1598 1602 1.0
1598 3187 2.0
1598 3122 1.0
1598 2494 2.0
1598 1598 3.0
1598 596 3.0
1599 3192 1.0
1599 3149 1.0
1599 1736 1.0
1599 1602 1.0
1599 1599 3.0
1602 3192 1.0
1602 3187 1.0
1602 1598 1.0
1602 596 1.0
1602 1602 3.0
1602 1599 1.0
1603 2180 1.0
1603 2179 1.0
1603 1603 1.0
1605 1605 1.0
1605 667 1.0
1609 3200 2.0
1609 1609 2.0
1609 858 1.0
1616 3189 1.0
1616 2434 1.0
1616 1616 1.0
1616 596 1.0
1618 1618 1.0
1618 1578 1.0
1618 485 1.0
1620 2993 1.0
1620 1620 1.0
1624 1624 1.0
1624 1550 1.0
1625 1625 1.0
1627 1627 1.0
1627 563 1.0
1627 238 1.0
1629 1629 1.0
1631 3121 1.0
1631 1632 1.0
1631 1631 2.0
1631 1519 1.0
1632 3121 1.0
1632 1632 2.0
1632 1631 1.0
1632 1519 1.0
1638 551 1.0
1638 3107 2.0
1638 1638 3.0
1649 1649 1.0
1650 2328 1.0
1650 2043 1.0
1650 1650 1.0
1650 507 1.0
1651 1651 1.0
1660 1939 1.0
1660 1910 1.0
1660 1660 1.0
1663 3118 1.0
1663 1663 1.0
1664 3198 2.0
1664 786 1.0
1664 3091 2.0
1664 3090 2.0
1664 3089 3.0
1664 1664 3.0
1671 2374 1.0
1671 1929 1.0
1671 1671 1.0
1671 57 1.0
1675 2354 1.0
1675 1675 1.0
1675 620 1.0
1676 2972 1.0
1676 1676 1.0
1677 1677 1.0
1680 2599 1.0
1680 2375 1.0
1680 1680 2.0
1685 1685 2.0
1686 3092 1.0
1686 1686 1.0
1686 491 1.0
1687 1687 1.0
1687 98 1.0
1688 1688 1.0
1689 3210 2.0
1689 3209 2.0
1689 3208 1.0
1689 2692 1.0
1689 2690 1.0
1689 2521 1.0
1689 2476 1.0
1689 3016 2.0
1689 3015 2.0
1689 1689 5.0
1693 2877 1.0
1693 1693 1.0
1694 3243 1.0
1694 1694 2.0
1695 1695 1.0
1695 112 1.0
1696 2851 1.0
1696 1696 1.0
1696 1454 1.0
1697 2014 1.0
1697 1697 2.0
1699 2955 1.0
1699 2866 1.0
1699 1699 2.0
1699 161 1.0
1702 2729 1.0
1702 3105 1.0
1702 3104 1.0
1702 2796 1.0
1702 2668 1.0
1702 1702 3.0
1702 275 1.0
1703 1703 1.0
1703 1009 1.0
1703 360 1.0
1704 1704 1.0
1705 3073 1.0
1705 1705 1.0
1715 3232 2.0
1715 2641 1.0
1715 1717 3.0
1715 1715 3.0
1717 3232 2.0
1717 2641 1.0
1717 1715 3.0
1717 3073 1.0
1717 1717 4.0
1717 727 1.0
1720 3127 1.0
1720 3021 1.0
1720 1720 1.0
1724 2139 1.0
1724 2138 1.0
1724 2137 1.0
1724 1832 1.0
1724 1724 1.0
1724 662 1.0
1724 264 1.0
1728 3009 2.0
1728 3008 2.0
1728 1825 1.0
1728 1728 2.0
1730 3064 1.0
1730 1730 1.0
1730 597 1.0
1732 3175 2.0
1732 2422 1.0
1732 1732 3.0
1732 701 1.0
1736 3149 1.0
1736 1736 1.0
1736 1599 1.0
1739 1739 1.0
1741 2536 1.0
1741 1921 1.0
1741 3160 1.0
1741 2602 1.0
1741 1741 2.0
1742 1742 1.0
1742 1285 1.0
1743 1743 1.0
1743 439 1.0
1752 1752 2.0
1752 1501 1.0
1752 577 2.0
1752 576 2.0
1753 1753 1.0
1756 1756 1.0
1759 1759 2.0
1781 3083 1.0
1781 3048 1.0
1781 1781 1.0
1781 1584 1.0
1781 1009 1.0
1781 533 1.0
1781 492 1.0
1781 147 1.0
1781 20 1.0
1789 1789 1.0
1799 1799 2.0
1800 3269 1.0
1800 3268 1.0
1800 3267 1.0
1800 3266 1.0
1800 1800 1.0
1802 1802 2.0
1806 1973 1.0
1806 1806 1.0
1810 1810 1.0
1810 185 1.0
1810 69 1.0
1825 3009 1.0
1825 3008 1.0
1825 1825 2.0
1825 1728 1.0
1826 865 1.0
1826 1826 2.0
1826 988 1.0
1831 861 1.0
1831 2153 2.0
1831 2145 2.0
1831 2162 1.0
1831 1831 4.0
1831 876 1.0
1832 2139 1.0
1832 2138 1.0
1832 2137 1.0
1832 1832 1.0
1832 1724 1.0
1832 662 1.0
1832 264 1.0
1835 2251 1.0
1835 1835 1.0
1837 1838 1.0
1837 1837 1.0
1838 1838 1.0
1838 1837 1.0
1844 1844 3.0
1844 552 3.0
1850 3072 1.0
1850 3036 1.0
1850 2235 1.0
1850 1850 2.0
1850 1294 1.0
1852 3247 1.0
1852 3040 1.0
1852 1852 1.0
1852 599 1.0
1852 540 1.0
1855 2786 1.0
1855 1856 1.0
1855 1855 1.0
1856 2786 1.0
1856 1856 1.0
1856 1855 1.0
1860 1860 1.0
1867 3024 2.0
1867 1867 2.0
1868 1868 1.0
1872 1872 1.0
1872 433 1.0
1872 419 1.0
1873 1873 1.0
1877 1981 1.0
1877 1877 1.0
1881 2453 1.0
1881 1881 1.0
1890 3174 1.0
1890 3038 1.0
1890 1890 1.0
1890 976 1.0
1900 1900 1.0
1900 1475 1.0
1900 582 1.0
1902 3274 1.0
1902 701 1.0
1902 3017 1.0
1902 2139 1.0
1902 1902 2.0
1902 264 1.0
1906 3072 1.0
1906 1906 1.0
1908 1908 1.0
1908 272 1.0
1910 1939 1.0
1910 1910 2.0
1910 1660 1.0
1914 2800 1.0
1914 1914 1.0
1916 1916 1.0
1918 1925 1.0
1918 2454 1.0
1918 713 1.0
1918 2383 1.0
1918 1918 4.0
1918 1387 3.0
1921 2536 1.0
1921 1741 1.0
1921 2537 1.0
1921 1921 2.0
1921 731 1.0
1924 2293 1.0
1924 1924 1.0
1925 1925 1.0
1925 1918 1.0
1925 1387 1.0
1929 2374 1.0
1929 1929 1.0
1929 1671 1.0
1929 57 1.0
1931 3219 1.0
1931 3110 1.0
1931 3109 1.0
1931 3108 1.0
1931 2560 1.0
1931 2559 1.0
1931 2396 1.0
1931 2036 1.0
1931 2026 1.0
1931 1931 1.0
1931 1170 1.0
1931 82 1.0
1933 2308 1.0
1933 329 1.0
1933 70 1.0
1933 2955 2.0
1933 1933 4.0
1933 614 3.0
1934 3256 1.0
1934 2634 1.0
1934 1934 1.0
1936 3116 1.0
1936 3059 1.0
1936 2820 1.0
1936 3163 1.0
1936 1937 2.0
1936 1936 2.0
1937 3116 1.0
1937 3059 1.0
1937 2820 1.0
1937 3163 1.0
1937 1937 2.0
1937 1936 2.0
1938 1994 1.0
1938 3113 1.0
1938 2045 1.0
1938 3068 1.0
1938 2748 1.0
1938 455 1.0
1938 2698 1.0
1938 724 2.0
1938 2303 2.0
1938 1938 6.0
1939 1939 1.0
1939 1910 1.0
1939 1660 1.0
1944 2789 1.0
1944 2208 1.0
1944 701 1.0
1944 2794 1.0
1944 3273 2.0
1944 434 1.0
1944 1944 4.0
1949 1949 1.0
1949 769 1.0
1949 624 1.0
1952 2411 1.0
1952 2876 1.0
1952 1952 2.0
1952 246 1.0
1953 3253 1.0
1953 749 1.0
1953 2874 1.0
1953 1953 2.0
1957 1957 2.0
1959 2908 1.0
1959 747 1.0
1959 1959 2.0
1959 1401 2.0
1959 811 1.0
1959 336 2.0
1964 3224 1.0
1964 336 1.0
1964 3201 1.0
1964 1964 3.0
1964 1401 2.0
1965 1965 1.0
1967 2876 1.0
1967 1967 2.0
1967 1337 2.0
1969 2188 1.0
1969 1969 2.0
1970 1321 1.0
1970 2178 1.0
1970 1970 2.0
1970 347 1.0
1973 1806 1.0
1973 1974 1.0
1973 1973 2.0
1974 1974 1.0
1974 1973 1.0
1975 204 1.0
1975 3094 2.0
1975 3093 2.0
1975 3013 1.0
1975 3012 1.0
1975 1975 3.0
1976 3255 1.0
1976 2407 1.0
1976 109 1.0
1976 3041 1.0
1976 2979 1.0
1976 1976 2.0
1976 865 1.0
1977 2226 1.0
1977 1977 1.0
1981 1981 1.0
1981 1877 1.0
1984 2889 1.0
1984 487 1.0
1984 369 1.0
1984 1984 3.0
1984 263 2.0
1994 1994 1.0
1994 1938 1.0
1998 1998 2.0
1998 361 1.0
2001 2001 1.0
2006 2165 1.0
2006 2006 1.0
2013 2013 1.0
2013 765 1.0
2014 2014 1.0
2014 1697 1.0
2017 2017 2.0
2018 2241 1.0
2018 2018 1.0
2019 3251 1.0
2019 3250 1.0
2019 2881 1.0
2019 2880 1.0
2019 2019 1.0
2026 3219 1.0
2026 3110 1.0
2026 3109 1.0
2026 3108 1.0
2026 2560 1.0
2026 2559 1.0
2026 2396 1.0
2026 2036 1.0
2026 2026 1.0
2026 1931 1.0
2026 1170 1.0
2026 82 1.0
2029 3115 1.0
2029 2030 1.0
2029 2029 1.0
2030 3114 1.0
2030 2331 1.0
2030 2528 1.0
2030 2260 1.0
2030 3115 3.0
2030 2029 1.0
2030 3053 1.0
2030 2255 1.0
2030 2030 7.0
2032 3022 1.0
2032 2278 1.0
2032 2032 1.0
2032 510 1.0
2033 2033 1.0
2033 38 1.0
2034 2034 1.0
2035 2035 1.0
2036 3219 1.0
2036 3110 1.0
2036 3109 1.0
2036 3108 1.0
2036 2560 1.0
2036 2559 1.0
2036 2396 1.0
2036 2036 1.0
2036 2026 1.0
2036 1931 1.0
2036 1170 1.0
2036 82 1.0
2037 2751 1.0
2037 3074 3.0
2037 3043 1.0
2037 2037 4.0
2037 64 1.0
2040 2826 1.0
2040 3108 1.0
2040 2040 2.0
2040 82 2.0
2040 69 1.0
2043 2328 1.0
2043 2043 1.0
2043 1650 1.0
2043 507 1.0
2045 3113 1.0
2045 2303 1.0
2045 1938 1.0
2045 2045 2.0
2045 724 2.0
2053 3078 2.0
2053 3077 2.0
2053 2053 3.0
2053 1412 3.0
2062 2924 1.0
2062 3160 1.0
2062 3211 2.0
2062 2286 1.0
2062 2285 1.0
2062 2850 1.0
2062 2934 4.0
2062 2063 1.0
2062 2062 5.0
2062 339 2.0
2063 2934 1.0
2063 2063 1.0
2063 2062 1.0
2063 339 1.0
2064 3107 1.0
2064 2396 1.0
2064 2064 2.0
2064 82 1.0
2068 2068 1.0
2071 2072 1.0
2071 2071 1.0
2071 83 1.0
2071 70 1.0
2072 2072 1.0
2072 2071 1.0
2072 83 1.0
2072 70 1.0
2075 2075 1.0
2079 49 1.0
2079 2079 2.0
2081 2081 1.0
2093 2991 1.0
2093 2117 1.0
2093 2093 2.0
2094 1188 2.0
2094 2094 3.0
2094 1578 1.0
2094 211 3.0
2096 2096 1.0
2096 214 1.0
2100 3102 1.0
2100 3101 1.0
2100 2100 2.0
2100 309 1.0
2100 211 2.0
2101 2543 1.0
2101 2542 1.0
2101 2101 1.0
2103 3058 1.0
2103 2103 1.0
2103 1311 1.0
2105 2882 1.0
2105 2105 2.0
2107 2107 1.0
2107 1386 1.0
2108 3249 2.0
2108 3243 1.0
2108 2108 2.0
2113 2114 1.0
2113 2113 1.0
2113 60 1.0
2114 2114 1.0
2114 2113 1.0
2114 60 1.0
2117 2117 1.0
2117 2093 1.0
2124 1132 1.0
2124 2433 1.0
2124 2124 2.0
2124 100 1.0
2128 2128 1.0
2131 15 1.0
2131 2131 2.0
2131 439 1.0
2132 2132 1.0
2132 256 1.0
2137 883 1.0
2137 2139 1.0
2137 2138 2.0
2137 2137 2.0
2137 1832 1.0
2137 1724 1.0
2137 662 2.0
2137 264 2.0
2138 883 1.0
2138 2139 1.0
2138 2137 2.0
2138 1832 1.0
2138 1724 1.0
2138 662 2.0
2138 264 2.0
2138 3021 1.0
2138 3020 1.0
2138 2138 3.0
2138 1258 1.0
2139 3146 1.0
2139 2138 1.0
2139 2137 1.0
2139 1832 1.0
2139 1724 1.0
2139 662 1.0
2139 3017 2.0
2139 1902 1.0
2139 2978 1.0
2139 2761 2.0
2139 2139 6.0
2139 264 6.0
2140 2140 1.0
2142 2142 2.0
2145 2153 2.0
2145 2145 2.0
2145 1831 2.0
2147 2147 1.0
2150 3147 1.0
2150 2150 1.0
2153 2153 2.0
2153 2145 2.0
2153 1831 2.0
2154 1563 1.0
2154 2154 3.0
2160 110 1.0
2160 3084 1.0
2160 2668 1.0
2160 2160 3.0
2160 405 1.0
2162 1831 1.0
2162 876 2.0
2162 2470 1.0
2162 2468 1.0
2162 2162 3.0
2162 1481 1.0
2165 2006 1.0
2165 2165 3.0
2168 3194 2.0
2168 2168 2.0
2170 2171 1.0
2170 2170 1.0
2170 1081 1.0
2170 1080 1.0
2171 2171 1.0
2171 2170 1.0
2171 1081 1.0
2171 1080 1.0
2173 2173 1.0
2174 2174 1.0
2174 336 1.0
2175 3197 1.0
2175 2175 1.0
2175 563 1.0
2176 2820 1.0
2176 1056 1.0
2176 3163 2.0
2176 377 1.0
2176 3117 1.0
2176 3116 1.0
2176 2176 4.0
2177 2177 2.0
2177 366 2.0
2178 2278 1.0
2178 2178 2.0
2178 1970 1.0
2178 347 1.0
2179 2180 1.0
2179 2179 1.0
2179 1603 1.0
2180 2180 1.0
2180 2179 1.0
2180 1603 1.0
2181 2182 1.0
2181 2181 1.0
2182 2182 1.0
2182 2181 1.0
2184 3225 1.0
2184 2184 1.0
2184 398 1.0
2186 2186 1.0
2188 2188 2.0
2188 1969 1.0
2189 3215 2.0
2189 3214 2.0
2189 2189 2.0
2189 437 1.0
2190 2190 1.0
2192 2192 1.0
2203 2203 1.0
2203 688 1.0
2203 573 1.0
2207 2414 1.0
2207 439 1.0
2207 15 1.0
2207 3253 1.0
2207 2207 2.0
2207 749 1.0
2208 2789 1.0
2208 1944 1.0
2208 701 1.0
2208 2208 2.0
2208 797 1.0
2218 3235 1.0
2218 2218 2.0
2220 3259 2.0
2220 2220 3.0
2223 2223 1.0
2226 2226 1.0
2226 1977 1.0
2229 2229 1.0
2230 2230 1.0
2230 1081 1.0
2234 1294 1.0
2234 3023 1.0
2234 2759 1.0
2234 2634 1.0
2234 2234 3.0
2235 3036 1.0
2235 1850 1.0
2235 1294 1.0
2235 2616 1.0
2235 237 1.0
2235 2976 1.0
2235 2235 3.0
2235 239 2.0
2236 2236 1.0
2238 2238 1.0
2240 2240 1.0
2240 239 1.0
2241 2241 1.0
2241 2018 1.0
2243 2243 1.0
2243 713 1.0
2244 2980 1.0
2244 2244 1.0
2244 1595 1.0
2246 3159 1.0
2246 2246 1.0
2247 2314 1.0
2247 2247 1.0
2248 2804 2.0
2248 2248 2.0
2248 201 2.0
2251 2251 1.0
2251 1835 1.0
2255 3053 2.0
2255 2255 2.0
2255 2030 1.0
2260 2528 1.0
2260 2260 1.0
2260 2030 1.0
2264 2264 1.0
2273 2584 1.0
2273 2273 2.0
2273 486 2.0
2274 2806 1.0
2274 3120 1.0
2274 3119 1.0
2274 2274 2.0
2274 1117 1.0
2275 2275 1.0
2278 2178 1.0
2278 3022 1.0
2278 2278 2.0
2278 2032 1.0
2278 510 1.0
2279 2993 1.0
2279 2781 1.0
2279 2478 1.0
2279 2279 1.0
2283 3254 1.0
2283 2283 1.0
2283 1233 1.0
2285 3211 1.0
2285 2286 1.0
2285 2285 1.0
2285 2062 1.0
2286 3211 1.0
2286 2285 1.0
2286 2062 1.0
2286 3117 1.0
2286 2731 1.0
2286 2286 2.0
2287 3132 1.0
2287 3035 1.0
2287 2762 1.0
2287 2287 1.0
2288 2290 2.0
2288 2289 3.0
2288 2288 3.0
2288 159 3.0
2289 2288 3.0
2289 3118 1.0
2289 3135 3.0
2289 159 6.0
2289 2290 9.0
2289 2289 10.0
2289 482 4.0
2290 2288 2.0
2290 2526 1.0
2290 3118 1.0
2290 3135 3.0
2290 159 5.0
2290 2290 10.0
2290 2289 9.0
2290 482 4.0
2293 2293 1.0
2293 1924 1.0
2295 1053 1.0
2295 3013 1.0
2295 3012 1.0
2295 2295 2.0
2296 2296 1.0
2303 3113 1.0
2303 2045 1.0
2303 724 1.0
2303 2303 2.0
2303 1938 2.0
2305 2306 1.0
2305 1173 1.0
2305 2305 2.0
2305 147 1.0
2306 2306 1.0
2306 2305 1.0
2306 1173 1.0
2307 2307 1.0
2308 2308 3.0
2308 1933 1.0
2308 329 1.0
2308 70 3.0
2314 2247 1.0
2314 3167 1.0
2314 3113 1.0
2314 3080 2.0
2314 3079 1.0
2314 2314 4.0
2317 2317 1.0
2318 3076 1.0
2318 2447 1.0
2318 2318 1.0
2320 2320 1.0
2320 70 1.0
2322 3095 1.0
2322 3061 1.0
2322 2326 1.0
2322 2322 1.0
2322 1369 1.0
2323 2323 1.0
2323 1245 1.0
2324 2324 1.0
2326 488 1.0
2326 2322 1.0
2326 1369 2.0
2326 3096 2.0
2326 3095 2.0
2326 3062 1.0
2326 3061 4.0
2326 3060 2.0
2326 2326 4.0
2326 666 3.0
2326 660 1.0
2328 2043 1.0
2328 1650 1.0
2328 507 1.0
2328 2328 2.0
2329 3114 1.0
2329 2331 2.0
2329 2330 1.0
2329 2329 2.0
2329 340 2.0
2330 3114 1.0
2330 2331 1.0
2330 2330 1.0
2330 2329 1.0
2330 340 1.0
2331 3115 1.0
2331 2030 1.0
2331 3114 2.0
2331 2330 1.0
2331 2329 2.0
2331 3031 2.0
2331 3030 2.0
2331 2331 5.0
2331 340 4.0
2332 2332 1.0
2334 3221 1.0
2334 2496 1.0
2334 2334 1.0
2334 1245 1.0
2338 3271 1.0
2338 2338 1.0
2338 629 1.0
2342 2344 1.0
2342 2342 1.0
2344 2344 1.0
2344 2342 1.0
2354 2354 1.0
2354 1675 1.0
2354 620 1.0
2355 2355 1.0
2361 2361 1.0
2362 2362 1.0
2363 2363 1.0
2365 2411 1.0
2365 2365 1.0
2366 2366 1.0
2366 434 1.0
2369 2369 1.0
2371 2858 1.0
2371 2618 1.0
2371 2605 2.0
2371 2371 2.0
2371 1181 2.0
2374 2374 1.0
2374 1929 1.0
2374 1671 1.0
2374 57 1.0
2375 2599 1.0
2375 2375 2.0
2375 1680 1.0
2376 2376 1.0
2379 2379 1.0
2379 50 1.0
2383 2383 1.0
2383 1918 1.0
2383 1387 1.0
2384 2804 1.0
2384 2384 2.0
2384 201 1.0
2387 2387 1.0
2387 1183 1.0
2395 2840 1.0
2395 2613 1.0
2395 2395 1.0
2396 2559 1.0
2396 2036 1.0
2396 2026 1.0
2396 1931 1.0
2396 1170 1.0
2396 3208 1.0
2396 505 1.0
2396 259 1.0
2396 3219 2.0
2396 3110 2.0
2396 3109 4.0
2396 3108 3.0
2396 2560 5.0
2396 2396 7.0
2396 2064 1.0
2396 82 7.0
2403 3251 1.0
2403 3250 1.0
2403 2881 1.0
2403 1099 1.0
2403 2403 2.0
2403 414 1.0
2407 1976 1.0
2407 3255 2.0
2407 2407 2.0
2407 109 2.0
2408 2903 1.0
2408 2408 1.0
2411 2365 1.0
2411 2411 2.0
2411 1952 1.0
2414 2414 1.0
2414 2207 1.0
2414 439 1.0
2414 15 1.0
2416 2608 1.0
2416 2416 2.0
2417 2950 1.0
2417 2417 1.0
2419 3248 2.0
2419 2419 5.0
2419 727 2.0
2419 195 3.0
2422 3175 1.0
2422 2422 1.0
2422 1732 1.0
2426 3027 1.0
2426 475 1.0
2426 2426 2.0
2426 1297 2.0
2427 2427 1.0
2427 865 1.0
2427 218 1.0
2428 261 1.0
2428 3007 1.0
2428 2428 2.0
2429 2429 1.0
2429 953 1.0
2433 2433 1.0
2433 2124 1.0
2433 100 1.0
2434 3189 1.0
2434 2434 1.0
2434 1616 1.0
2434 596 1.0
2435 2702 1.0
2435 2435 1.0
2435 666 1.0
2435 488 1.0
2436 2436 2.0
2442 2442 1.0
2442 1595 1.0
2444 2444 1.0
2444 74 1.0
2446 2446 1.0
2447 3076 2.0
2447 2447 2.0
2447 2318 1.0
2451 2451 1.0
2451 922 1.0
2452 2453 2.0
2452 2452 2.0
2453 1881 1.0
2453 2453 3.0
2453 2452 2.0
2454 2454 2.0
2454 1918 1.0
2454 713 2.0
2460 2460 1.0
2462 2462 1.0
2463 2463 1.0
2466 2466 1.0
2467 2467 1.0
2467 552 1.0
2468 2470 1.0
2468 2468 1.0
2468 2162 1.0
2468 1481 1.0
2470 2470 1.0
2470 2468 1.0
2470 2162 1.0
2470 1481 1.0
2471 3033 1.0
2471 2471 1.0
2471 366 1.0
2476 3208 1.0
2476 2692 1.0
2476 2690 1.0
2476 2521 1.0
2476 2476 1.0
2476 1689 1.0
2478 2993 1.0
2478 2781 1.0
2478 2478 1.0
2478 2279 1.0
2484 3254 1.0
2484 2484 1.0
2492 2492 2.0
2492 247 2.0
2494 3187 1.0
2494 3122 1.0
2494 2494 2.0
2494 1598 2.0
2494 596 2.0
2495 2495 1.0
2495 59 1.0
2496 3221 1.0
2496 2496 1.0
2496 2334 1.0
2496 1245 1.0
2497 2497 1.0
2497 1550 1.0
2502 2997 1.0
2502 2754 1.0
2502 3003 1.0
2502 2502 4.0
2511 2511 1.0
2511 1311 1.0
2514 2514 1.0
2514 680 1.0
2518 2520 2.0
2518 2519 2.0
2518 2518 2.0
2518 1052 1.0
2519 2520 2.0
2519 2519 2.0
2519 2518 2.0
2519 1052 1.0
2520 2520 2.0
2520 2519 2.0
2520 2518 2.0
2520 1052 1.0
2521 722 1.0
2521 3229 2.0
2521 158 1.0
2521 3208 1.0
2521 2692 1.0
2521 2690 1.0
2521 2521 3.0
2521 2476 1.0
2521 1689 1.0
2524 3105 1.0
2524 2668 1.0
2524 2524 1.0
2526 2290 1.0
2526 2529 1.0
2526 3136 2.0
2526 2526 3.0
2528 2260 1.0
2528 2030 1.0
2528 2564 1.0
2528 2563 1.0
2528 2562 1.0
2528 2528 2.0
2529 3136 1.0
2529 2529 1.0
2529 2526 1.0
2536 2536 1.0
2536 1921 1.0
2536 1741 1.0
2537 2537 1.0
2537 1921 1.0
2537 731 1.0
2542 2543 1.0
2542 2542 1.0
2542 2101 1.0
2543 2543 1.0
2543 2542 1.0
2543 2101 1.0
2544 2544 1.0
2545 2545 1.0
2549 2549 2.0
2549 1321 1.0
2550 3082 1.0
2550 3066 1.0
2550 3065 1.0
2550 2853 1.0
2550 172 2.0
2550 2550 3.0
2552 3145 1.0
2552 3144 1.0
2552 3143 1.0
2552 3142 1.0
2552 3141 1.0
2552 2552 2.0
2552 397 1.0
2559 3219 1.0
2559 3110 1.0
2559 3109 1.0
2559 3108 1.0
2559 2560 1.0
2559 2559 1.0
2559 2396 1.0
2559 2036 1.0
2559 2026 1.0
2559 1931 1.0
2559 1170 1.0
2559 82 1.0
2560 2559 1.0
2560 2036 1.0
2560 2026 1.0
2560 1931 1.0
2560 1170 1.0
2560 3219 2.0
2560 3110 2.0
2560 3109 4.0
2560 3108 3.0
2560 2560 5.0
2560 2396 5.0
2560 82 5.0
2561 786 1.0
2561 3088 2.0
2561 2850 2.0
2561 2561 2.0
2562 2564 1.0
2562 2563 1.0
2562 2562 1.0
2562 2528 1.0
2563 2564 1.0
2563 2563 1.0
2563 2562 1.0
2563 2528 1.0
2564 2564 1.0
2564 2563 1.0
2564 2562 1.0
2564 2528 1.0
2568 2568 1.0
2568 361 1.0
2571 2571 1.0
2575 2575 1.0
2577 2577 1.0
2577 150 1.0
2577 83 1.0
2584 2584 1.0
2584 2273 1.0
2584 486 1.0
2586 2587 1.0
2586 2586 1.0
2586 551 1.0
2587 2587 1.0
2587 2586 1.0
2587 551 1.0
2592 2592 1.0
2593 2593 1.0
2593 98 1.0
2599 3252 1.0
2599 1244 1.0
2599 321 1.0
2599 2599 2.0
2599 2375 1.0
2599 1680 1.0
2602 3160 1.0
2602 2602 1.0
2602 1741 1.0
2604 3241 1.0
2604 3102 1.0
2604 3101 1.0
2604 211 1.0
2604 2967 1.0
2604 620 1.0
2604 3258 1.0
2604 2604 3.0
2604 1100 1.0
2605 2858 1.0
2605 2618 1.0
2605 2605 2.0
2605 2371 2.0
2605 1181 2.0
2608 2416 1.0
2608 3006 1.0
2608 2608 2.0
2611 2612 1.0
2611 2611 1.0
2612 2612 1.0
2612 2611 1.0
2613 2840 1.0
2613 2395 1.0
2613 2613 2.0
2615 52 1.0
2615 3079 1.0
2615 147 1.0
2615 3087 1.0
2615 2615 3.0
2616 2616 2.0
2616 2235 1.0
2616 239 1.0
2616 237 2.0
2618 2858 1.0
2618 2618 1.0
2618 2605 1.0
2618 2371 1.0
2618 1181 1.0
2629 2629 1.0
2630 2630 2.0
2630 373 2.0
2630 210 2.0
2632 2632 1.0
2634 3256 1.0
2634 1934 1.0
2634 3023 1.0
2634 2634 3.0
2634 2234 1.0
2639 3087 1.0
2639 2639 1.0
2641 2641 2.0
2641 1717 1.0
2641 1715 1.0
2648 2648 3.0
2649 892 1.0
2649 2649 3.0
2649 858 1.0
2655 2655 1.0
2655 687 1.0
2657 2657 1.0
2657 1258 1.0
2657 562 1.0
2657 561 1.0
2658 3005 2.0
2658 3004 2.0
2658 2658 2.0
2664 3234 1.0
2664 2664 1.0
2664 710 1.0
2664 6 1.0
2668 2524 1.0
2668 3105 3.0
2668 3104 2.0
2668 2796 2.0
2668 1702 1.0
2668 3084 1.0
2668 2668 4.0
2668 2160 1.0
2671 2671 3.0
2674 2674 1.0
2674 585 1.0
2676 3120 1.0
2676 2676 1.0
2680 2809 1.0
2680 2680 1.0
2680 1589 1.0
2680 347 1.0
2686 2686 1.0
2686 165 1.0
2688 2688 1.0
2690 3208 1.0
2690 2692 1.0
2690 2690 1.0
2690 2521 1.0
2690 2476 1.0
2690 1689 1.0
2692 3208 1.0
2692 2692 1.0
2692 2690 1.0
2692 2521 1.0
2692 2476 1.0
2692 1689 1.0
2698 2698 1.0
2698 1938 1.0
2698 724 1.0
2702 3230 1.0
2702 3167 1.0
2702 2716 1.0
2702 1369 1.0
2702 1056 1.0
2702 2702 3.0
2702 2435 1.0
2702 666 1.0
2702 488 3.0
2703 2722 1.0
2703 2703 1.0
2708 2933 2.0
2708 2932 2.0
2708 2931 2.0
2708 2708 2.0
2708 1050 2.0
2712 2712 1.0
2716 2702 1.0
2716 1369 1.0
2716 1056 1.0
2716 3226 1.0
2716 2716 2.0
2716 488 2.0
2716 329 1.0
2718 2719 1.0
2718 2718 1.0
2718 1182 1.0
2719 3261 2.0
2719 2718 1.0
2719 2719 4.0
2719 1182 2.0
2722 541 1.0
2722 2722 3.0
2722 2703 1.0
2724 2724 1.0
2726 2726 1.0
2728 3240 3.0
2728 3239 3.0
2728 2728 5.0
2729 2729 1.0
2729 1702 1.0
2731 992 1.0
2731 3117 1.0
2731 2731 2.0
2731 2286 1.0
2733 3038 1.0
2733 976 1.0
2733 2979 1.0
2733 1526 1.0
2733 2733 3.0
2733 865 3.0
2735 2735 1.0
2735 563 1.0
2740 904 1.0
2740 3035 1.0
2740 2740 2.0
2741 2741 1.0
2743 2743 2.0
2743 995 2.0
2744 2744 1.0
2744 1109 1.0
2745 2745 2.0
2745 58 1.0
2746 495 1.0
2746 2746 2.0
2746 660 2.0
2748 3068 1.0
2748 2748 1.0
2748 1938 1.0
2748 455 1.0
2750 2750 1.0
2750 689 1.0
2751 3074 1.0
2751 2751 1.0
2751 2037 1.0
2753 2753 1.0
2753 1007 1.0
2753 551 1.0
2754 2997 1.0
2754 2754 1.0
2754 2502 1.0
2756 3182 1.0
2756 2756 1.0
2756 1588 1.0
2759 3023 1.0
2759 2759 1.0
2759 2234 1.0
2761 3146 1.0
2761 2978 1.0
2761 2761 2.0
2761 2139 2.0
2761 264 2.0
2762 3134 1.0
2762 3133 1.0
2762 3132 1.0
2762 3035 1.0
2762 2762 2.0
2762 2287 1.0
2763 2763 1.0
2763 1530 1.0
2768 2768 1.0
2768 1311 1.0
2769 2769 1.0
2769 597 1.0
2777 2778 1.0
2777 2777 1.0
2778 2778 1.0
2778 2777 1.0
2781 2993 1.0
2781 2781 1.0
2781 2478 1.0
2781 2279 1.0
2783 2783 1.0
2783 70 1.0
2785 2785 1.0
2786 2786 1.0
2786 1856 1.0
2786 1855 1.0
2789 2789 1.0
2789 2208 1.0
2789 1944 1.0
2789 701 1.0
2791 2791 1.0
2793 2793 2.0
2793 486 2.0
2794 3273 1.0
2794 2794 1.0
2794 1944 1.0
2795 2795 3.0
2796 3105 2.0
2796 3104 2.0
2796 2796 2.0
2796 2668 2.0
2796 1702 1.0
2799 2799 2.0
2799 36 2.0
2800 2800 1.0
2800 1914 1.0
2802 3028 1.0
2802 2802 1.0
2802 550 1.0
2803 2803 1.0
2803 936 1.0
2804 2384 1.0
2804 2804 3.0
2804 2248 2.0
2804 201 3.0
2806 2806 1.0
2806 2274 1.0
2807 2807 1.0
2809 329 1.0
2809 2809 3.0
2809 2680 1.0
2809 1589 1.0
2809 347 3.0
2818 3098 1.0
2818 3097 1.0
2818 2818 1.0
2818 164 1.0
2819 660 1.0
2819 2831 2.0
2819 2819 2.0
2820 3116 1.0
2820 3059 1.0
2820 1937 1.0
2820 1936 1.0
2820 2820 2.0
2820 2176 1.0
2820 1056 1.0
2825 2825 1.0
2826 2826 1.0
2826 2040 1.0
2826 82 1.0
2828 2828 2.0
2828 159 1.0
2829 2829 1.0
2829 358 1.0
2831 660 1.0
2831 2831 3.0
2831 2819 2.0
2834 2851 1.0
2834 2834 1.0
2834 956 1.0
2840 2840 1.0
2840 2613 1.0
2840 2395 1.0
2846 2846 1.0
2848 2849 1.0
2848 2848 1.0
2848 1386 1.0
2849 2849 2.0
2849 2848 1.0
2849 1386 2.0
2850 786 1.0
2850 2934 1.0
2850 2062 1.0
2850 3088 2.0
2850 2850 3.0
2850 2561 2.0
2851 1696 1.0
2851 1454 1.0
2851 1295 1.0
2851 2851 3.0
2851 2834 1.0
2851 956 2.0
2852 2852 1.0
2852 322 1.0
2853 3082 1.0
2853 2550 1.0
2853 3066 2.0
2853 3065 2.0
2853 2853 2.0
2853 172 2.0
2858 2858 1.0
2858 2618 1.0
2858 2605 1.0
2858 2371 1.0
2858 1181 1.0
2866 2955 1.0
2866 2866 1.0
2866 1699 1.0
2866 161 1.0
2874 2874 1.0
2874 1953 1.0
2876 1967 1.0
2876 1337 1.0
2876 2876 2.0
2876 1952 1.0
2876 246 1.0
2877 2877 1.0
2877 1693 1.0
2880 3251 1.0
2880 3250 1.0
2880 2881 1.0
2880 2880 1.0
2880 2019 1.0
2881 2880 1.0
2881 2019 1.0
2881 3251 2.0
2881 3250 2.0
2881 2881 2.0
2881 2403 1.0
2881 1099 1.0
2882 2882 1.0
2882 2105 1.0
2884 787 1.0
2884 2884 2.0
2884 1417 2.0
2887 3263 1.0
2887 2888 1.0
2887 2887 1.0
2887 487 1.0
2888 3263 1.0
2888 2888 1.0
2888 2887 1.0
2888 487 1.0
2889 1984 1.0
2889 263 1.0
2889 2889 3.0
2892 2893 1.0
2892 2892 1.0
2893 2892 1.0
2893 2959 1.0
2893 2893 2.0
2894 2894 1.0
2894 111 1.0
2894 110 1.0
2902 2902 1.0
2903 2903 1.0
2903 2408 1.0
2905 2905 1.0
2905 1444 1.0
2907 2907 1.0
2907 541 1.0
2908 2908 1.0
2908 1959 1.0
2908 1401 1.0
2908 747 1.0
2908 336 1.0
2910 3257 1.0
2910 2910 1.0
2910 439 1.0
2911 2911 1.0
2911 439 1.0
2917 2917 1.0
2917 137 1.0
2919 3203 2.0
2919 979 1.0
2919 3112 2.0
2919 3111 1.0
2919 2919 5.0
2919 319 1.0
2922 3023 1.0
2922 2922 1.0
2924 3211 1.0
2924 2934 1.0
2924 2062 1.0
2924 3099 1.0
2924 3059 1.0
2924 2924 2.0
2928 2989 2.0
2928 2928 2.0
2928 1028 2.0
2931 2933 2.0
2931 2932 2.0
2931 2931 2.0
2931 2708 2.0
2931 1050 2.0
2932 2933 2.0
2932 2932 2.0
2932 2931 2.0
2932 2708 2.0
2932 1050 2.0
2933 2933 2.0
2933 2932 2.0
2933 2931 2.0
2933 2708 2.0
2933 1050 2.0
2934 3211 1.0
2934 2924 1.0
2934 3160 1.0
2934 2850 1.0
2934 2934 4.0
2934 2063 1.0
2934 2062 4.0
2934 339 2.0
2937 2991 2.0
2937 2937 2.0
2937 1334 2.0
2938 2938 1.0
2938 70 1.0
2941 3230 1.0
2941 3167 1.0
2941 2941 1.0
2941 488 1.0
2941 329 1.0
2943 2943 1.0
2944 2944 1.0
2944 1418 1.0
2946 2946 1.0
2946 209 1.0
2947 2947 1.0
2948 2948 1.0
2950 2950 1.0
2950 2417 1.0
2955 2866 1.0
2955 1699 1.0
2955 161 1.0
2955 2955 3.0
2955 1933 2.0
2955 614 2.0
2959 2959 1.0
2959 2893 1.0
2964 2964 2.0
2965 3243 1.0
2965 3242 1.0
2965 2965 1.0
2965 1093 1.0
2966 2966 1.0
2966 420 1.0
2967 2967 2.0
2967 2604 1.0
2967 620 1.0
2968 3256 1.0
2968 2968 1.0
2970 122 1.0
2970 2970 2.0
2971 2973 2.0
2971 2972 1.0
2971 2971 2.0
2972 1676 1.0
2972 2973 1.0
2972 2972 2.0
2972 2971 1.0
2973 2973 2.0
2973 2972 1.0
2973 2971 2.0
2974 2975 2.0
2974 2974 2.0
2974 1476 2.0
2975 2975 2.0
2975 2974 2.0
2975 1476 2.0
2976 794 1.0
2976 769 1.0
2976 2976 2.0
2976 2235 1.0
2976 239 1.0
2977 2977 2.0
2978 2978 2.0
2978 2761 1.0
2978 2139 1.0
2978 264 1.0
2979 3041 1.0
2979 1976 1.0
2979 2979 2.0
2979 2733 1.0
2979 1526 1.0
2979 865 2.0
2980 2980 2.0
2980 2244 1.0
2980 1595 2.0
2981 562 2.0
2981 1258 1.0
2981 2986 2.0
2981 2985 2.0
2981 2984 2.0
2981 2983 2.0
2981 2982 2.0
2981 2981 4.0
2981 561 4.0
2982 1258 1.0
2982 2986 2.0
2982 2985 2.0
2982 2984 2.0
2982 2983 2.0
2982 2982 2.0
2982 2981 2.0
2982 561 2.0
2983 1258 1.0
2983 2986 2.0
2983 2985 2.0
2983 2984 2.0
2983 2983 2.0
2983 2982 2.0
2983 2981 2.0
2983 561 2.0
2984 1258 1.0
2984 2986 2.0
2984 2985 2.0
2984 2984 2.0
2984 2983 2.0
2984 2982 2.0
2984 2981 2.0
2984 561 2.0
2985 1258 1.0
2985 2986 2.0
2985 2985 2.0
2985 2984 2.0
2985 2983 2.0
2985 2982 2.0
2985 2981 2.0
2985 561 2.0
2986 1258 1.0
2986 2986 2.0
2986 2985 2.0
2986 2984 2.0
2986 2983 2.0
2986 2982 2.0
2986 2981 2.0
2986 561 2.0
2987 2988 2.0
2987 2987 2.0
2988 2988 2.0
2988 2987 2.0
2989 2928 2.0
2989 2990 1.0
2989 2989 3.0
2989 1028 3.0
2989 764 1.0
2990 3199 1.0
2990 2990 3.0
2990 2989 1.0
2990 1028 1.0
2990 764 1.0
2991 2937 2.0
2991 1334 2.0
2991 2991 3.0
2991 2093 1.0
2992 3177 1.0
2992 2992 2.0
2992 20 1.0
2993 1620 1.0
2993 2993 2.0
2993 2781 1.0
2993 2478 1.0
2993 2279 1.0
2994 2995 2.0
2994 2994 2.0
2995 2995 2.0
2995 2994 2.0
2996 215 1.0
2996 2996 2.0
2997 2754 1.0
2997 2502 1.0
2997 1532 1.0
2997 2997 3.0
2997 723 1.0
2998 2998 2.0
2999 3001 2.0
2999 3000 2.0
2999 2999 2.0
2999 397 2.0
3000 3001 2.0
3000 3000 2.0
3000 2999 2.0
3000 397 2.0
3001 3001 2.0
3001 3000 2.0
3001 2999 2.0
3001 397 2.0
3002 3002 2.0
3002 962 1.0
3003 2502 1.0
3003 3003 2.0
3004 3005 2.0
3004 3004 2.0
3004 2658 2.0
3005 3005 2.0
3005 3004 2.0
3005 2658 2.0
3006 2608 1.0
3006 3122 1.0
3006 3006 3.0
3007 3007 2.0
3007 2428 1.0
3008 3009 2.0
3008 3008 2.0
3008 1825 1.0
3008 1728 2.0
3009 3009 2.0
3009 3008 2.0
3009 1825 1.0
3009 1728 2.0
3010 3075 1.0
3010 3011 2.0
3010 3010 2.0
3011 3075 1.0
3011 3011 2.0
3011 3010 2.0
3012 2295 1.0
3012 3013 3.0
3012 3012 3.0
3012 1975 1.0
3013 2295 1.0
3013 3013 3.0
3013 3012 3.0
3013 1975 1.0
3014 260 1.0
3014 3014 2.0
3015 3016 1.0
3015 3015 2.0
3015 1689 2.0
3016 3210 1.0
3016 3209 1.0
3016 3016 2.0
3016 3015 1.0
3016 1689 2.0
3017 3017 2.0
3017 2139 2.0
3017 1902 1.0
3017 264 2.0
3018 2 1.0
3018 3018 2.0
3019 3050 1.0
3019 1588 1.0
3019 1490 1.0
3019 3019 2.0
3019 560 1.0
3019 239 1.0
3020 3021 1.0
3020 3020 2.0
3020 2138 1.0
3020 1258 2.0
3021 3127 1.0
3021 1720 1.0
3021 3021 2.0
3021 3020 1.0
3021 2138 1.0
3021 1258 1.0
3022 185 1.0
3022 3022 2.0
3022 2278 1.0
3022 2032 1.0
3022 510 1.0
3023 2922 1.0
3023 2759 1.0
3023 2234 1.0
3023 3023 3.0
3023 2634 1.0
3024 3024 2.0
3024 1867 2.0
3025 3025 2.0
3026 3026 2.0
3026 1143 1.0
3027 2426 1.0
3027 1297 1.0
3027 3027 2.0
3027 475 2.0
3028 2802 1.0
3028 3029 1.0
3028 3028 2.0
3028 550 2.0
3029 3059 1.0
3029 3029 2.0
3029 3028 1.0
3029 550 2.0
3030 3031 2.0
3030 3030 2.0
3030 2331 2.0
3030 340 2.0
3031 3031 2.0
3031 3030 2.0
3031 2331 2.0
3031 340 2.0
3032 3032 2.0
3032 340 2.0
3033 2471 1.0
3033 3033 2.0
3033 366 2.0
3034 3034 2.0
3034 1595 1.0
3035 3132 1.0
3035 2762 1.0
3035 2287 1.0
3035 3035 2.0
3035 2740 1.0
3036 3036 3.0
3036 2235 1.0
3036 1850 1.0
3036 1294 1.0
3037 3037 2.0
3038 3174 1.0
3038 1890 1.0
3038 3038 2.0
3038 2733 1.0
3038 976 2.0
3038 865 1.0
3039 1581 1.0
3039 3039 2.0
3040 3247 1.0
3040 1852 1.0
3040 540 1.0
3040 3040 2.0
3040 599 2.0
3041 2979 1.0
3041 1976 1.0
3041 3041 2.0
3041 865 2.0
3042 1134 1.0
3042 3042 2.0
3042 165 2.0
3043 3043 2.0
3043 2037 1.0
3043 64 2.0
3044 684 1.0
3044 3044 2.0
3045 3045 2.0
3045 928 2.0
3046 3047 2.0
3046 3046 2.0
3046 869 2.0
3047 867 1.0
3047 3047 3.0
3047 3046 2.0
3047 869 3.0
3048 3083 1.0
3048 1781 1.0
3048 1584 1.0
3048 1009 1.0
3048 533 1.0
3048 492 1.0
3048 147 1.0
3048 3048 2.0
3048 20 2.0
3049 3049 2.0
3049 585 2.0
3050 3019 1.0
3050 1490 1.0
3050 3050 2.0
3050 1588 2.0
3051 3051 2.0
3051 1296 2.0
3052 260 1.0
3052 3052 2.0
3053 3053 2.0
3053 2255 2.0
3053 2030 1.0
3054 3055 2.0
3054 3054 2.0
3055 3055 2.0
3055 3054 2.0
3056 3057 2.0
3056 3056 2.0
3057 1514 1.0
3057 3057 3.0
3057 3056 2.0
3058 201 1.0
3058 3058 2.0
3058 2103 1.0
3058 1311 2.0
3059 3116 1.0
3059 2820 1.0
3059 1937 1.0
3059 1936 1.0
3059 3099 1.0
3059 2924 1.0
3059 3059 4.0
3059 3029 1.0
3059 550 1.0
3060 3096 1.0
3060 3095 1.0
3060 3062 1.0
3060 3061 2.0
3060 3060 2.0
3060 2326 2.0
3060 666 2.0
3060 660 1.0
3061 488 1.0
3061 2322 1.0
3061 1369 2.0
3061 3096 2.0
3061 3095 2.0
3061 3062 1.0
3061 3061 4.0
3061 3060 2.0
3061 2326 4.0
3061 666 3.0
3061 660 1.0
3062 3062 2.0
3062 3061 1.0
3062 3060 1.0
3062 2326 1.0
3062 666 1.0
3062 660 2.0
3063 3064 2.0
3063 3063 3.0
3063 597 3.0
3064 1730 1.0
3064 3064 3.0
3064 3063 2.0
3064 597 3.0
3065 3082 1.0
3065 2550 1.0
3065 3100 1.0
3065 3066 3.0
3065 3065 3.0
3065 2853 2.0
3065 172 3.0
3066 3082 1.0
3066 2550 1.0
3066 3100 1.0
3066 3066 3.0
3066 3065 3.0
3066 2853 2.0
3066 172 3.0
3067 3067 2.0
3068 2748 1.0
3068 1938 1.0
3068 3068 2.0
3068 455 2.0
3069 3071 2.0
3069 3070 2.0
3069 3069 2.0
3070 3071 2.0
3070 3070 2.0
3070 3069 2.0
3071 3071 2.0
3071 3070 2.0
3071 3069 2.0
3072 1850 1.0
3072 3072 2.0
3072 1906 1.0
3073 1717 1.0
3073 727 1.0
3073 3073 2.0
3073 1705 1.0
3074 2751 1.0
3074 3074 3.0
3074 2037 3.0
3075 3075 2.0
3075 3011 1.0
3075 3010 1.0
3076 3076 2.0
3076 2447 2.0
3076 2318 1.0
3077 3078 2.0
3077 3077 2.0
3077 2053 2.0
3077 1412 2.0
3078 3078 2.0
3078 3077 2.0
3078 2053 2.0
3078 1412 2.0
3079 2615 1.0
3079 147 1.0
3079 3080 1.0
3079 3079 2.0
3079 2314 1.0
3080 3167 1.0
3080 3080 2.0
3080 3079 1.0
3080 2314 2.0
3081 3081 2.0
3082 3066 1.0
3082 3065 1.0
3082 2853 1.0
3082 2550 1.0
3082 3082 2.0
3082 172 2.0
3083 3048 1.0
3083 1781 1.0
3083 1584 1.0
3083 1009 1.0
3083 533 1.0
3083 492 1.0
3083 147 1.0
3083 20 1.0
3083 3083 2.0
3083 1362 1.0
3084 3084 2.0
3084 2668 1.0
3084 2160 1.0
3085 3085 2.0
3085 70 2.0
3086 3086 2.0
3086 924 2.0
3087 2639 1.0
3087 3087 2.0
3087 2615 1.0
3088 786 1.0
3088 3088 2.0
3088 2850 2.0
3088 2561 2.0
3089 3198 2.0
3089 786 1.0
3089 3091 2.0
3089 3090 2.0
3089 3089 3.0
3089 1664 3.0
3090 3198 1.0
3090 3091 2.0
3090 3090 2.0
3090 3089 2.0
3090 1664 2.0
3091 3198 1.0
3091 3091 2.0
3091 3090 2.0
3091 3089 2.0
3091 1664 2.0
3092 1686 1.0
3092 3092 2.0
3092 491 2.0
3093 204 1.0
3093 3094 2.0
3093 3093 2.0
3093 1975 2.0
3094 204 1.0
3094 3094 2.0
3094 3093 2.0
3094 1975 2.0
3095 3218 1.0
3095 3217 1.0
3095 3216 1.0
3095 2322 1.0
3095 1369 2.0
3095 3096 1.0
3095 3095 3.0
3095 3061 2.0
3095 3060 1.0
3095 2326 2.0
3095 666 1.0
3096 1369 1.0
3096 488 1.0
3096 3096 2.0
3096 3095 1.0
3096 3061 2.0
3096 3060 1.0
3096 2326 2.0
3096 666 2.0
3097 2818 1.0
3097 3098 2.0
3097 3097 2.0
3097 164 2.0
3098 2818 1.0
3098 3098 2.0
3098 3097 2.0
3098 164 2.0
3099 3059 1.0
3099 2924 1.0
3099 3099 2.0
3099 332 1.0
3099 70 1.0
3100 3066 1.0
3100 3065 1.0
3100 172 1.0
3100 3100 2.0
3101 3241 1.0
3101 2604 1.0
3101 3102 2.0
3101 3101 2.0
3101 2100 1.0
3101 309 1.0
3101 211 2.0
3102 3241 1.0
3102 2604 1.0
3102 3102 2.0
3102 3101 2.0
3102 2100 1.0
3102 309 1.0
3102 211 2.0
3103 3103 2.0
3103 505 2.0
3104 3105 2.0
3104 3104 2.0
3104 2796 2.0
3104 2668 2.0
3104 1702 1.0
3105 2524 1.0
3105 3105 3.0
3105 3104 2.0
3105 2796 2.0
3105 2668 3.0
3105 1702 1.0
3106 1056 1.0
3106 3106 2.0
3107 2064 1.0
3107 3107 3.0
3107 1638 2.0
3108 3219 1.0
3108 2559 1.0
3108 2036 1.0
3108 2026 1.0
3108 1931 1.0
3108 1170 1.0
3108 2040 1.0
3108 69 1.0
3108 3110 2.0
3108 3109 2.0
3108 3108 4.0
3108 2560 3.0
3108 2396 3.0
3108 82 4.0
3109 2559 1.0
3109 2036 1.0
3109 2026 1.0
3109 1931 1.0
3109 1170 1.0
3109 3219 2.0
3109 3110 2.0
3109 3109 4.0
3109 3108 2.0
3109 2560 4.0
3109 2396 4.0
3109 82 4.0
3110 3219 1.0
3110 2559 1.0
3110 2036 1.0
3110 2026 1.0
3110 1931 1.0
3110 1170 1.0
3110 3110 2.0
3110 3109 2.0
3110 3108 2.0
3110 2560 2.0
3110 2396 2.0
3110 82 2.0
3111 332 1.0
3111 3111 2.0
3111 2919 1.0
3111 319 1.0
3112 3203 1.0
3112 3112 2.0
3112 2919 2.0
3113 2303 1.0
3113 2045 1.0
3113 1938 1.0
3113 724 1.0
3113 1516 1.0
3113 3113 3.0
3113 2314 1.0
3114 3115 1.0
3114 2030 1.0
3114 3114 2.0
3114 2331 2.0
3114 2330 1.0
3114 2329 1.0
3114 340 1.0
3115 3114 1.0
3115 2331 1.0
3115 3115 3.0
3115 2030 3.0
3115 2029 1.0
3116 3059 1.0
3116 2820 1.0
3116 1937 1.0
3116 1936 1.0
3116 3117 1.0
3116 3116 2.0
3116 2176 1.0
3117 2731 1.0
3117 2286 1.0
3117 3117 2.0
3117 3116 1.0
3117 2176 1.0
3118 2290 1.0
3118 2289 1.0
3118 482 1.0
3118 159 1.0
3118 3118 2.0
3118 1663 1.0
3119 3120 1.0
3119 2274 1.0
3119 1117 1.0
3119 3119 2.0
3120 2676 1.0
3120 3120 2.0
3120 3119 1.0
3120 2274 1.0
3120 1117 1.0
3121 3121 2.0
3121 1632 1.0
3121 1631 1.0
3121 1519 2.0
3122 2494 1.0
3122 1598 1.0
3122 596 1.0
3122 3122 2.0
3122 3006 1.0
3123 3123 2.0
3124 3182 1.0
3124 3124 2.0
3125 3125 2.0
3126 3193 1.0
3126 3126 2.0
3127 244 1.0
3127 236 1.0
3127 3127 3.0
3127 3021 1.0
3127 1720 1.0
3128 3129 1.0
3128 3128 1.0
3129 3129 2.0
3129 3128 1.0
3130 3130 2.0
3130 248 2.0
3131 1114 1.0
3131 3131 3.0
3132 3035 1.0
3132 2762 1.0
3132 2287 1.0
3132 3132 2.0
3133 2762 1.0
3133 3134 2.0
3133 3133 2.0
3134 2762 1.0
3134 3134 2.0
3134 3133 2.0
3135 159 1.0
3135 3135 3.0
3135 2290 3.0
3135 2289 3.0
3136 2529 1.0
3136 3136 2.0
3136 2526 2.0
3137 3140 2.0
3137 3139 2.0
3137 3138 2.0
3137 3137 2.0
3137 86 2.0
3138 3140 2.0
3138 3139 2.0
3138 3138 2.0
3138 3137 2.0
3138 86 2.0
3139 3140 2.0
3139 3139 2.0
3139 3138 2.0
3139 3137 2.0
3139 86 2.0
3140 3140 2.0
3140 3139 2.0
3140 3138 2.0
3140 3137 2.0
3140 86 2.0
3141 3145 3.0
3141 3144 2.0
3141 3143 2.0
3141 3142 3.0
3141 3141 3.0
3141 2552 1.0
3142 3145 3.0
3142 3144 2.0
3142 3143 2.0
3142 3142 3.0
3142 3141 3.0
3142 2552 1.0
3143 3145 2.0
3143 3144 2.0
3143 3143 2.0
3143 3142 2.0
3143 3141 2.0
3143 2552 1.0
3144 3145 3.0
3144 3144 3.0
3144 3143 2.0
3144 3142 2.0
3144 3141 2.0
3144 2552 1.0
3145 3145 4.0
3145 3144 3.0
3145 3143 2.0
3145 3142 3.0
3145 3141 3.0
3145 2552 1.0
3146 2761 1.0
3146 2139 1.0
3146 264 1.0
3146 3146 2.0
3147 2150 1.0
3147 3147 2.0
3148 3171 1.0
3148 3155 1.0
3148 1011 1.0
3148 3148 3.0
3149 287 1.0
3149 3149 2.0
3149 1736 1.0
3149 1599 1.0
3150 3152 2.0
3150 3151 2.0
3150 3150 2.0
3151 3152 2.0
3151 3151 2.0
3151 3150 2.0
3152 3152 2.0
3152 3151 2.0
3152 3150 2.0
3153 3154 1.0
3153 3153 2.0
3154 3173 1.0
3154 3154 2.0
3154 3153 1.0
3155 3148 1.0
3155 1011 1.0
3155 3155 2.0
3156 3157 2.0
3156 3156 2.0
3156 1112 1.0
3157 3157 2.0
3157 3156 2.0
3157 1112 1.0
3158 3158 2.0
3158 1337 1.0
3159 3159 2.0
3159 2246 1.0
3160 2934 1.0
3160 2062 1.0
3160 339 1.0
3160 3160 2.0
3160 2602 1.0
3160 1741 1.0
3161 3162 2.0
3161 3161 2.0
3162 3162 2.0
3162 3161 2.0
3163 1937 1.0
3163 1936 1.0
3163 3163 3.0
3163 2176 2.0
3163 377 1.0
3164 3166 2.0
3164 3165 2.0
3164 3164 2.0
3165 3166 2.0
3165 3165 2.0
3165 3164 2.0
3166 3166 3.0
3166 3165 2.0
3166 3164 2.0
3167 2702 1.0
3167 3230 2.0
3167 2941 1.0
3167 488 2.0
3167 329 1.0
3167 3167 3.0
3167 3080 1.0
3167 2314 1.0
3168 3170 2.0
3168 3169 2.0
3168 3168 2.0
3168 1081 2.0
3168 1080 2.0
3169 3170 2.0
3169 3169 2.0
3169 3168 2.0
3169 1081 2.0
3169 1080 2.0
3170 3170 2.0
3170 3169 2.0
3170 3168 2.0
3170 1081 2.0
3170 1080 2.0
3171 3171 2.0
3171 3148 1.0
3172 3172 2.0
3172 1527 1.0
3173 3154 1.0
3173 3173 2.0
3174 3038 1.0
3174 1890 1.0
3174 3174 4.0
3174 1595 1.0
3174 976 4.0
3175 3175 2.0
3175 2422 1.0
3175 1732 2.0
3176 3176 3.0
3176 811 1.0
3177 2992 1.0
3177 3177 2.0
3178 1049 1.0
3178 3178 2.0
3179 3233 1.0
3179 1088 1.0
3179 3179 2.0
3179 1093 2.0
3179 1091 1.0
3180 3181 1.0
3180 3180 2.0
3180 1515 2.0
3181 3181 2.0
3181 3180 1.0
3181 1515 2.0
3182 3124 1.0
3182 3182 2.0
3182 2756 1.0
3182 1588 1.0
3183 74 2.0
3183 3183 3.0
3184 3185 2.0
3184 3184 2.0
3185 3185 2.0
3185 3184 2.0
3186 3186 2.0
3186 484 2.0
3186 267 1.0
3187 3192 1.0
3187 1602 1.0
3187 3187 2.0
3187 2494 1.0
3187 1598 2.0
3187 596 2.0
3188 3188 2.0
3188 1109 2.0
3188 24 2.0
3189 2434 1.0
3189 1616 1.0
3189 3189 2.0
3189 942 1.0
3189 701 1.0
3189 596 2.0
3190 3190 2.0
3190 1322 2.0
3191 3191 2.0
3191 261 1.0
3191 237 2.0
3192 1599 1.0
3192 3192 2.0
3192 3187 1.0
3192 1602 1.0
3192 1598 1.0
3192 596 1.0
3193 3193 2.0
3193 3126 1.0
3194 3194 2.0
3194 2168 2.0
3195 3195 2.0
3195 958 1.0
3196 592 1.0
3196 3196 2.0
3196 414 1.0
3197 2175 1.0
3197 3197 2.0
3197 563 2.0
3198 3091 1.0
3198 3090 1.0
3198 3198 2.0
3198 3089 2.0
3198 1664 2.0
3198 786 1.0
3199 2990 1.0
3199 3199 2.0
3199 596 1.0
3199 563 1.0
3200 1609 2.0
3200 858 1.0
3200 3200 3.0
3201 3276 2.0
3201 3275 2.0
3201 3201 4.0
3201 1964 1.0
3201 1401 4.0
3202 3202 2.0
3203 3112 1.0
3203 3203 2.0
3203 2919 2.0
3203 979 1.0
3204 3204 2.0
3205 3205 2.0
3205 1311 1.0
3206 3207 2.0
3206 3206 2.0
3206 339 2.0
3207 3207 2.0
3207 3206 2.0
3207 339 2.0
3208 2396 1.0
3208 505 1.0
3208 259 1.0
3208 82 1.0
3208 3208 2.0
3208 2692 1.0
3208 2690 1.0
3208 2521 1.0
3208 2476 1.0
3208 1689 1.0
3209 3016 1.0
3209 3210 2.0
3209 3209 2.0
3209 1689 2.0
3210 3016 1.0
3210 3210 2.0
3210 3209 2.0
3210 1689 2.0
3211 2934 1.0
3211 2924 1.0
3211 3211 2.0
3211 2286 1.0
3211 2285 1.0
3211 2062 2.0
3212 3212 2.0
3213 3213 2.0
3214 3215 2.0
3214 3214 2.0
3214 2189 2.0
3214 437 1.0
3215 3215 2.0
3215 3214 2.0
3215 2189 2.0
3215 437 1.0
3216 3095 1.0
3216 3218 2.0
3216 3217 2.0
3216 3216 2.0
3216 1369 2.0
3217 3095 1.0
3217 3218 2.0
3217 3217 2.0
3217 3216 2.0
3217 1369 2.0
3218 3095 1.0
3218 3218 2.0
3218 3217 2.0
3218 3216 2.0
3218 1369 2.0
3219 3110 1.0
3219 3108 1.0
3219 2559 1.0
3219 2036 1.0
3219 2026 1.0
3219 1931 1.0
3219 1170 1.0
3219 3219 2.0
3219 3109 2.0
3219 2560 2.0
3219 2396 2.0
3219 82 2.0
3220 3220 2.0
3220 1344 2.0
3221 2496 1.0
3221 2334 1.0
3221 3221 2.0
3221 1245 2.0
3222 3237 1.0
3222 250 1.0
3222 3222 2.0
3223 3224 2.0
3223 3223 2.0
3224 1964 1.0
3224 3224 3.0
3224 3223 2.0
3225 2184 1.0
3225 398 1.0
3225 3225 2.0
3226 2716 1.0
3226 329 1.0
3226 3226 2.0
3226 488 2.0
3227 3228 2.0
3227 3227 2.0
3227 1072 2.0
3228 3228 2.0
3228 3227 2.0
3228 1072 2.0
3229 722 1.0
3229 3229 2.0
3229 2521 2.0
3229 158 1.0
3230 2702 1.0
3230 3230 2.0
3230 3167 2.0
3230 2941 1.0
3230 488 2.0
3230 329 1.0
3231 3231 2.0
3232 3232 2.0
3232 1717 2.0
3232 1715 2.0
3233 3179 1.0
3233 1093 1.0
3233 1088 1.0
3233 3233 2.0
3234 3234 2.0
3234 2664 1.0
3234 710 1.0
3234 6 1.0
3235 1578 1.0
3235 2218 1.0
3235 3236 1.0
3235 3235 3.0
3235 6 1.0
3236 3241 1.0
3236 211 1.0
3236 3236 2.0
3236 3235 1.0
3236 6 1.0
3237 3237 2.0
3237 3222 1.0
3237 250 1.0
3238 3238 2.0
3239 3240 3.0
3239 3239 3.0
3239 2728 3.0
3240 3240 3.0
3240 3239 3.0
3240 2728 3.0
3241 3102 1.0
3241 3101 1.0
3241 2604 1.0
3241 3241 2.0
3241 3236 1.0
3241 211 2.0
3242 3243 1.0
3242 3242 2.0
3242 2965 1.0
3242 1093 2.0
3243 1694 1.0
3243 3249 1.0
3243 2108 1.0
3243 3243 3.0
3243 3242 1.0
3243 2965 1.0
3243 1093 1.0
3244 3245 2.0
3244 3244 2.0
3244 1176 2.0
3244 34 2.0
3245 3245 2.0
3245 3244 2.0
3245 1176 2.0
3245 34 2.0
3246 3246 2.0
3247 3247 2.0
3247 3040 1.0
3247 1852 1.0
3247 599 2.0
3247 540 2.0
3248 3248 2.0
3248 2419 2.0
3248 727 2.0
3248 195 1.0
3249 3249 2.0
3249 3243 1.0
3249 2108 2.0
3250 2880 1.0
3250 2019 1.0
3250 3251 2.0
3250 3250 2.0
3250 2881 2.0
3250 2403 1.0
3250 1099 1.0
3251 2880 1.0
3251 2019 1.0
3251 3251 2.0
3251 3250 2.0
3251 2881 2.0
3251 2403 1.0
3251 1099 1.0
3252 193 1.0
3252 3252 2.0
3252 2599 1.0
3252 1244 1.0
3252 321 1.0
3253 1953 1.0
3253 3253 2.0
3253 2207 1.0
3253 749 2.0
3254 2484 1.0
3254 3254 2.0
3254 2283 1.0
3254 1233 1.0
3255 1976 1.0
3255 3255 2.0
3255 2407 2.0
3255 109 2.0
3256 2634 1.0
3256 1934 1.0
3256 3256 2.0
3256 2968 1.0
3257 2910 1.0
3257 3257 2.0
3257 439 2.0
3257 319 1.0
3258 2604 1.0
3258 3258 2.0
3258 1100 2.0
3259 3259 2.0
3259 2220 2.0
3260 1079 1.0
3260 3260 2.0
3261 3261 2.0
3261 2719 2.0
3262 3262 2.0
3262 53 1.0
3263 412 1.0
3263 3263 2.0
3263 2888 1.0
3263 2887 1.0
3263 487 2.0
3264 3264 2.0
3264 193 2.0
3265 3269 1.0
3265 3268 1.0
3265 3267 1.0
3265 3266 1.0
3265 3265 2.0
3265 421 2.0
3266 1800 1.0
3266 3269 2.0
3266 3268 2.0
3266 3267 2.0
3266 3266 2.0
3266 3265 1.0
3266 421 1.0
3267 1800 1.0
3267 3269 2.0
3267 3268 2.0
3267 3267 2.0
3267 3266 2.0
3267 3265 1.0
3267 421 1.0
3268 1800 1.0
3268 3269 2.0
3268 3268 2.0
3268 3267 2.0
3268 3266 2.0
3268 3265 1.0
3268 421 1.0
3269 1800 1.0
3269 3269 2.0
3269 3268 2.0
3269 3267 2.0
3269 3266 2.0
3269 3265 1.0
3269 421 1.0
3270 3270 2.0
3270 629 2.0
3271 3271 2.0
3271 2338 1.0
3271 629 2.0
3272 3272 2.0
3273 2794 1.0
3273 3273 2.0
3273 1944 2.0
3273 434 1.0
3274 3274 2.0
3274 1902 1.0
3274 701 2.0
3275 3276 2.0
3275 3275 2.0
3275 3201 2.0
3275 1401 2.0
3276 3276 2.0
3276 3275 2.0
3276 3201 2.0
3276 1401 2.0
