3641 3641
6 2724 1.0
6 2073 1.0
6 3234 1.0
6 418 1.0
6 3528 2.0
6 2664 3.0
6 6 5.0
10 3557 1.0
10 3556 1.0
10 1089 1.0
10 10 1.0
12 981 1.0
12 633 1.0
12 12 2.0
15 3560 1.0
15 3309 2.0
15 2131 1.0
15 2043 1.0
15 2967 1.0
15 110 1.0
15 60 1.0
15 15 7.0
20 3419 1.0
20 3524 2.0
20 3314 1.0
20 2129 1.0
20 360 1.0
20 20 3.0
23 2390 1.0
23 3517 2.0
23 74 1.0
23 3282 1.0
23 2150 1.0
23 1727 1.0
23 3293 1.0
23 237 1.0
23 223 1.0
23 23 7.0
24 24 1.0
25 3623 1.0
25 25 1.0
26 3039 1.0
26 2270 1.0
26 993 1.0
26 26 3.0
29 29 1.0
30 2581 1.0
30 30 2.0
31 31 1.0
35 211 1.0
35 35 1.0
36 36 1.0
37 1622 1.0
37 37 1.0
38 3237 1.0
38 38 2.0
39 1614 1.0
39 2163 2.0
39 39 2.0
43 3409 1.0
43 1317 1.0
43 43 2.0
45 2163 1.0
45 1298 1.0
45 45 1.0
49 2361 1.0
49 3511 1.0
49 2004 1.0
49 3626 1.0
49 3575 1.0
49 1623 1.0
49 1244 1.0
49 3518 2.0
49 620 2.0
49 3484 1.0
49 3345 3.0
49 1614 3.0
49 2344 2.0
49 810 3.0
49 49 14.0
50 2379 1.0
50 1278 1.0
50 3307 1.0
50 2380 2.0
50 50 3.0
52 419 1.0
52 52 1.0
53 2422 1.0
53 53 2.0
55 3327 1.0
55 55 1.0
58 1877 1.0
58 1089 1.0
58 3066 1.0
58 172 1.0
58 351 2.0
58 1831 1.0
58 58 7.0
59 59 1.0
60 3533 2.0
60 1985 2.0
60 1701 1.0
60 1444 1.0
60 2967 1.0
60 110 1.0
60 15 1.0
60 2608 1.0
60 2113 1.0
60 2866 1.0
60 1699 1.0
60 60 5.0
64 3043 1.0
64 64 1.0
69 2702 1.0
69 3429 2.0
69 1705 2.0
69 2567 1.0
69 2566 1.0
69 69 4.0
70 1311 1.0
70 2069 1.0
70 1933 1.0
70 2991 1.0
70 1371 1.0
70 329 2.0
70 3440 2.0
70 3439 2.0
70 3438 2.0
70 2308 3.0
70 70 9.0
71 71 1.0
73 73 1.0
74 2228 1.0
74 3469 1.0
74 3508 3.0
74 110 5.0
74 74 7.0
74 23 1.0
80 80 1.0
82 1338 1.0
82 3108 1.0
82 2826 1.0
82 2396 1.0
82 3471 2.0
82 3116 1.0
82 1937 1.0
82 1936 1.0
82 505 2.0
82 2040 3.0
82 82 6.0
83 1780 1.0
83 201 1.0
83 2331 1.0
83 2329 1.0
83 340 1.0
83 1638 1.0
83 551 1.0
83 83 3.0
84 85 1.0
84 84 1.0
85 85 1.0
85 84 1.0
86 3137 1.0
86 3455 3.0
86 3454 2.0
86 86 4.0
88 1418 1.0
88 1949 1.0
88 543 1.0
88 761 1.0
88 88 3.0
89 89 1.0
96 2839 1.0
96 2838 1.0
96 765 1.0
96 3559 2.0
96 96 5.0
98 3616 3.0
98 3615 2.0
98 3551 1.0
98 2589 1.0
98 765 1.0
98 764 1.0
98 3487 2.0
98 3360 1.0
98 3359 1.0
98 3318 2.0
98 1687 2.0
98 98 10.0
99 99 1.0
100 100 1.0
102 521 1.0
102 102 2.0
103 3547 1.0
103 1679 1.0
103 103 1.0
105 105 1.0
108 3543 1.0
108 569 1.0
108 108 1.0
109 2416 1.0
109 2407 1.0
109 109 3.0
110 3469 1.0
110 3619 1.0
110 2967 1.0
110 60 1.0
110 15 1.0
110 2894 1.0
110 3508 3.0
110 74 5.0
110 2606 2.0
110 3505 1.0
110 1978 1.0
110 1934 1.0
110 3371 1.0
110 420 1.0
110 110 12.0
113 113 1.0
119 120 1.0
119 119 1.0
120 120 1.0
120 119 1.0
122 122 1.0
141 351 1.0
141 141 1.0
147 1946 1.0
147 1289 1.0
147 2930 1.0
147 2929 1.0
147 3593 1.0
147 3218 1.0
147 3216 1.0
147 2305 1.0
147 3466 2.0
147 147 5.0
150 220 1.0
150 150 2.0
151 151 1.0
158 2811 1.0
158 158 1.0
159 3473 1.0
159 2395 1.0
159 3536 1.0
159 3120 1.0
159 160 1.0
159 3430 1.0
159 2290 2.0
159 2828 4.0
159 159 6.0
160 3536 1.0
160 3120 1.0
160 160 1.0
160 159 1.0
161 3619 1.0
161 2955 1.0
161 2866 1.0
161 1699 1.0
161 3441 1.0
161 3370 2.0
161 161 3.0
165 3636 1.0
165 2727 1.0
165 165 2.0
172 3066 1.0
172 351 1.0
172 172 1.0
172 58 1.0
174 1696 1.0
174 1454 1.0
174 174 1.0
193 3264 1.0
193 3633 2.0
193 193 3.0
195 3248 1.0
195 727 1.0
195 2419 2.0
195 3529 3.0
195 2405 2.0
195 418 1.0
195 217 1.0
195 195 8.0
197 1795 1.0
197 2966 1.0
197 1952 2.0
197 197 2.0
201 2384 1.0
201 2047 1.0
201 1311 1.0
201 1780 1.0
201 83 1.0
201 2385 1.0
201 3168 1.0
201 2248 3.0
201 1081 1.0
201 1080 1.0
201 3095 2.0
201 2805 3.0
201 201 7.0
202 3614 1.0
202 3572 1.0
202 202 1.0
203 203 1.0
204 2467 1.0
204 204 1.0
205 205 2.0
206 888 1.0
206 2218 1.0
206 2208 2.0
206 1968 1.0
206 1668 2.0
206 387 1.0
206 206 2.0
209 209 1.0
211 2414 1.0
211 633 1.0
211 3102 1.0
211 3101 1.0
211 2604 2.0
211 211 4.0
211 35 1.0
213 2122 1.0
213 710 1.0
213 3562 2.0
213 3561 2.0
213 540 1.0
213 213 4.0
214 2608 1.0
214 2081 1.0
214 214 4.0
215 2996 1.0
215 215 1.0
216 216 1.0
217 418 1.0
217 217 1.0
217 195 1.0
218 218 1.0
220 150 1.0
220 220 2.0
221 2268 1.0
221 221 1.0
223 244 1.0
223 3293 1.0
223 237 1.0
223 223 2.0
223 23 1.0
228 228 1.0
229 229 1.0
232 233 1.0
232 232 1.0
233 233 1.0
233 232 1.0
236 236 2.0
237 2139 1.0
237 2731 1.0
237 976 1.0
237 3293 2.0
237 237 4.0
237 223 1.0
237 23 1.0
238 3404 1.0
238 238 1.0
240 919 1.0
240 240 1.0
244 3127 1.0
244 244 2.0
244 223 1.0
246 3115 1.0
246 1100 1.0
246 3468 1.0
246 1952 1.0
246 246 2.0
248 248 1.0
259 1960 1.0
259 2178 1.0
259 259 2.0
260 3014 1.0
260 260 1.0
261 3379 1.0
261 3301 1.0
261 3174 1.0
261 976 1.0
261 3311 1.0
261 3310 2.0
261 1595 2.0
261 261 5.0
263 1984 1.0
263 710 1.0
263 284 1.0
263 936 1.0
263 263 3.0
264 3283 1.0
264 3282 1.0
264 2978 1.0
264 2761 1.0
264 264 1.0
266 3403 2.0
266 266 2.0
275 275 1.0
279 279 1.0
283 3412 1.0
283 283 2.0
284 263 1.0
284 710 2.0
284 3280 1.0
284 1835 1.0
284 284 6.0
293 3476 1.0
293 3316 2.0
293 293 3.0
295 295 1.0
302 302 1.0
303 2112 1.0
303 2111 1.0
303 303 1.0
307 3579 1.0
307 1998 1.0
307 307 1.0
321 3320 1.0
321 3252 1.0
321 2599 1.0
321 1244 1.0
321 321 1.0
329 3396 1.0
329 3395 1.0
329 1328 1.0
329 1171 1.0
329 2069 1.0
329 1933 1.0
329 1362 1.0
329 2764 1.0
329 2702 1.0
329 3230 1.0
329 3167 1.0
329 2941 1.0
329 3566 1.0
329 488 3.0
329 1371 1.0
329 329 8.0
329 70 2.0
330 330 1.0
336 2919 1.0
336 3639 3.0
336 3628 1.0
336 3609 1.0
336 3509 1.0
336 3570 1.0
336 1973 1.0
336 3512 2.0
336 1401 7.0
336 3510 4.0
336 1959 5.0
336 336 12.0
339 339 1.0
340 2331 1.0
340 2329 1.0
340 83 1.0
340 551 1.0
340 340 2.0
347 2809 1.0
347 2943 1.0
347 2178 1.0
347 2546 1.0
347 1411 1.0
347 786 1.0
347 2680 1.0
347 1589 1.0
347 347 4.0
351 141 1.0
351 1932 1.0
351 3066 1.0
351 172 1.0
351 351 6.0
351 58 2.0
356 356 1.0
359 3356 1.0
359 359 2.0
360 2129 1.0
360 20 1.0
360 3326 2.0
360 3315 1.0
360 3314 2.0
360 1009 2.0
360 360 4.0
366 366 1.0
369 1717 1.0
369 1715 1.0
369 3540 1.0
369 3484 1.0
369 2003 1.0
369 3629 2.0
369 1764 1.0
369 369 3.0
372 372 1.0
373 1842 1.0
373 2630 1.0
373 3622 1.0
373 1688 1.0
373 373 3.0
374 374 1.0
387 3526 2.0
387 2218 1.0
387 2208 1.0
387 1968 1.0
387 1668 1.0
387 387 3.0
387 206 1.0
388 388 1.0
392 2170 1.0
392 1081 1.0
392 392 3.0
395 396 1.0
395 3513 1.0
395 395 2.0
396 396 1.0
396 395 1.0
397 3001 1.0
397 2999 1.0
397 397 1.0
398 398 1.0
400 400 1.0
405 3105 1.0
405 2796 1.0
405 1271 1.0
405 2930 1.0
405 2929 1.0
405 405 2.0
408 408 1.0
412 487 1.0
412 412 1.0
414 3531 2.0
414 3498 3.0
414 414 3.0
418 3234 1.0
418 2664 1.0
418 6 1.0
418 418 3.0
418 217 1.0
418 195 1.0
419 419 1.0
419 52 1.0
420 3371 1.0
420 420 1.0
420 110 1.0
427 811 1.0
427 427 2.0
430 3072 1.0
430 430 2.0
432 3301 1.0
432 432 1.0
433 3554 2.0
433 3553 2.0
433 2604 2.0
433 2355 1.0
433 1790 1.0
433 3503 2.0
433 3502 2.0
433 3501 2.0
433 3500 1.0
433 3499 2.0
433 1872 1.0
433 433 5.0
434 3587 1.0
434 1877 1.0
434 3273 1.0
434 2966 1.0
434 2794 1.0
434 2890 2.0
434 541 2.0
434 434 5.0
438 3545 1.0
438 2885 1.0
438 3514 2.0
438 2345 1.0
438 3354 1.0
438 438 5.0
439 3232 1.0
439 3257 2.0
439 439 2.0
451 451 1.0
455 3558 1.0
455 3596 2.0
455 2748 2.0
455 1475 1.0
455 455 3.0
456 456 1.0
465 465 2.0
472 472 1.0
484 2400 1.0
484 2399 1.0
484 484 1.0
486 3565 2.0
486 486 2.0
487 487 1.0
487 412 1.0
488 2322 1.0
488 1369 1.0
488 3226 1.0
488 2764 1.0
488 2702 3.0
488 3230 3.0
488 2941 1.0
488 3566 1.0
488 329 3.0
488 3167 6.0
488 2084 2.0
488 1713 1.0
488 2873 1.0
488 1080 1.0
488 3473 1.0
488 2395 1.0
488 488 12.0
490 3628 1.0
490 1056 1.0
490 1401 1.0
490 490 4.0
491 3580 1.0
491 3464 2.0
491 3092 1.0
491 1686 1.0
491 491 3.0
497 497 1.0
500 500 1.0
505 1338 1.0
505 1650 1.0
505 3405 1.0
505 3208 1.0
505 3103 2.0
505 3471 2.0
505 3116 1.0
505 1937 1.0
505 1936 1.0
505 505 4.0
505 82 2.0
506 506 1.0
508 508 1.0
509 1342 1.0
509 509 1.0
510 3413 1.0
510 2032 1.0
510 3375 1.0
510 3374 1.0
510 728 1.0
510 510 2.0
517 1037 1.0
517 517 1.0
518 3380 1.0
518 3333 1.0
518 3174 1.0
518 976 1.0
518 2443 1.0
518 3294 1.0
518 518 4.0
519 519 1.0
521 102 1.0
521 521 2.0
530 3432 1.0
530 2816 1.0
530 530 4.0
531 2801 1.0
531 1589 2.0
531 531 2.0
532 532 1.0
533 3315 2.0
533 533 2.0
536 1951 1.0
536 1877 1.0
536 536 1.0
540 3040 1.0
540 3562 1.0
540 3561 1.0
540 213 1.0
540 3483 2.0
540 3247 1.0
540 540 4.0
541 2907 1.0
541 2890 2.0
541 541 4.0
541 434 2.0
543 3489 1.0
543 2848 1.0
543 1949 1.0
543 543 3.0
543 88 1.0
549 3145 1.0
549 3144 1.0
549 3143 1.0
549 549 1.0
550 3569 1.0
550 2168 1.0
550 3414 2.0
550 3029 3.0
550 3410 2.0
550 2802 4.0
550 550 5.0
551 340 1.0
551 1638 2.0
551 551 3.0
551 83 1.0
552 1844 1.0
552 552 1.0
555 3290 1.0
555 3289 1.0
555 555 1.0
561 2983 1.0
561 2657 3.0
561 1258 2.0
561 562 4.0
561 561 4.0
562 2983 1.0
562 2657 3.0
562 1258 2.0
562 562 4.0
562 561 4.0
563 3419 1.0
563 3416 2.0
563 3382 1.0
563 3348 1.0
563 2175 1.0
563 563 3.0
564 904 1.0
564 564 1.0
569 3543 2.0
569 569 3.0
569 108 1.0
573 987 1.0
573 573 1.0
578 578 4.0
584 584 1.0
585 3343 1.0
585 3342 2.0
585 3049 1.0
585 585 2.0
590 3034 1.0
590 2980 1.0
590 590 3.0
591 591 1.0
592 3196 1.0
592 592 1.0
596 3199 1.0
596 3189 1.0
596 1602 1.0
596 596 2.0
597 3378 2.0
597 597 2.0
599 2857 1.0
599 599 1.0
602 602 1.0
603 3381 1.0
603 603 3.0
606 2531 1.0
606 2530 1.0
606 606 1.0
614 2955 1.0
614 1933 1.0
614 614 1.0
620 2863 1.0
620 3518 2.0
620 620 3.0
620 49 2.0
624 1791 1.0
624 624 1.0
627 3623 1.0
627 2793 1.0
627 2792 1.0
627 627 1.0
629 1947 1.0
629 629 1.0
633 2414 1.0
633 211 1.0
633 633 2.0
633 12 1.0
639 1220 1.0
639 639 1.0
647 647 1.0
660 3391 1.0
660 2972 1.0
660 2831 1.0
660 1344 1.0
660 3595 2.0
660 3594 2.0
660 2819 2.0
660 3062 2.0
660 2325 2.0
660 660 3.0
665 665 1.0
666 3061 1.0
666 2326 1.0
666 1369 1.0
666 666 2.0
680 680 1.0
684 3044 1.0
684 684 1.0
685 3423 2.0
685 2259 2.0
685 685 2.0
688 3381 1.0
688 2203 1.0
688 966 1.0
688 688 1.0
689 2787 1.0
689 689 1.0
701 3274 2.0
701 1902 2.0
701 701 2.0
706 706 1.0
708 2175 1.0
708 708 1.0
710 2122 1.0
710 213 1.0
710 263 1.0
710 710 3.0
710 284 2.0
713 2454 1.0
713 713 1.0
721 2538 1.0
721 2074 1.0
721 721 2.0
723 3398 1.0
723 3260 1.0
723 1079 2.0
723 2436 1.0
723 723 4.0
724 2068 1.0
724 1366 1.0
724 3557 1.0
724 3556 1.0
724 724 2.0
727 3635 1.0
727 3427 1.0
727 3426 1.0
727 1705 1.0
727 3248 1.0
727 2419 2.0
727 195 1.0
727 3421 1.0
727 3420 1.0
727 3073 1.0
727 1717 1.0
727 727 6.0
728 3375 1.0
728 3374 1.0
728 728 1.0
728 510 1.0
747 3634 1.0
747 2908 2.0
747 3605 2.0
747 747 5.0
749 3508 1.0
749 3587 1.0
749 3253 1.0
749 749 4.0
750 1699 1.0
750 1378 1.0
750 3481 1.0
750 3291 2.0
750 1595 2.0
750 750 4.0
753 2241 1.0
753 3497 1.0
753 754 2.0
753 753 2.0
754 3532 2.0
754 2241 2.0
754 3497 2.0
754 754 6.0
754 753 2.0
755 755 1.0
756 756 1.0
758 758 1.0
759 2898 1.0
759 2356 1.0
759 759 1.0
760 3519 1.0
760 760 1.0
761 1949 1.0
761 761 3.0
761 88 1.0
764 1947 1.0
764 2589 1.0
764 765 1.0
764 98 1.0
764 3349 3.0
764 2989 2.0
764 2861 3.0
764 1028 2.0
764 764 6.0
765 2013 1.0
765 3559 1.0
765 2839 1.0
765 2838 1.0
765 96 1.0
765 3308 1.0
765 2438 1.0
765 2589 1.0
765 764 1.0
765 98 1.0
765 2393 1.0
765 765 5.0
772 1157 1.0
772 772 1.0
781 2819 1.0
781 781 1.0
784 3344 1.0
784 1097 1.0
784 784 1.0
786 3418 1.0
786 1411 1.0
786 347 1.0
786 1311 1.0
786 3080 1.0
786 3076 1.0
786 3461 1.0
786 1664 1.0
786 3460 2.0
786 2850 2.0
786 2712 1.0
786 2561 1.0
786 2546 4.0
786 3453 3.0
786 3414 1.0
786 3446 2.0
786 3445 5.0
786 2711 1.0
786 2710 2.0
786 2545 6.0
786 2310 2.0
786 786 11.0
794 794 1.0
797 3475 1.0
797 3474 1.0
797 1699 1.0
797 1668 1.0
797 797 1.0
800 800 1.0
808 808 1.0
810 2344 2.0
810 810 3.0
810 49 3.0
811 3620 2.0
811 427 1.0
811 811 5.0
816 816 1.0
845 3577 1.0
845 2397 1.0
845 2011 1.0
845 845 1.0
856 856 1.0
857 1532 1.0
857 2153 2.0
857 2145 1.0
857 857 2.0
858 858 1.0
860 860 1.0
865 2735 2.0
865 2733 3.0
865 1526 1.0
865 865 4.0
880 880 1.0
883 3284 1.0
883 883 1.0
888 2208 1.0
888 1668 1.0
888 888 1.0
888 206 1.0
891 892 1.0
891 891 1.0
892 892 1.0
892 891 1.0
904 564 1.0
904 2755 1.0
904 1588 1.0
904 904 2.0
909 3292 1.0
909 1603 1.0
909 909 1.0
918 918 1.0
919 919 1.0
919 240 1.0
922 922 1.0
924 924 1.0
928 928 1.0
936 2803 1.0
936 936 3.0
936 263 1.0
938 3279 1.0
938 938 1.0
942 942 1.0
945 945 1.0
947 2139 1.0
947 2138 1.0
947 947 2.0
952 1502 1.0
952 952 1.0
953 2429 1.0
953 953 1.0
955 3183 1.0
955 2622 1.0
955 1978 1.0
955 3344 1.0
955 1097 1.0
955 2793 1.0
955 3281 2.0
955 955 5.0
958 3125 1.0
958 2655 1.0
958 958 1.0
961 3348 1.0
961 2175 1.0
961 1274 1.0
961 961 2.0
966 3381 1.0
966 2203 1.0
966 966 1.0
966 688 1.0
975 3407 1.0
975 976 1.0
975 975 2.0
976 3301 1.0
976 1595 1.0
976 261 1.0
976 518 1.0
976 2731 1.0
976 237 1.0
976 3380 2.0
976 3379 2.0
976 3174 3.0
976 3333 2.0
976 976 6.0
976 975 1.0
977 977 1.0
981 981 1.0
981 12 1.0
986 986 1.0
987 987 1.0
987 573 1.0
988 1826 1.0
988 2420 1.0
988 988 2.0
992 992 1.0
993 2763 1.0
993 1530 2.0
993 2270 1.0
993 993 3.0
993 26 1.0
995 2521 1.0
995 3300 2.0
995 2743 2.0
995 995 2.0
996 3433 1.0
996 2760 1.0
996 2447 1.0
996 996 2.0
1000 2325 1.0
1000 1000 1.0
1002 1002 1.0
1007 2753 1.0
1007 2030 1.0
1007 1007 1.0
1009 3326 1.0
1009 3315 1.0
1009 3314 1.0
1009 1009 3.0
1009 360 2.0
1013 1013 1.0
1014 3341 1.0
1014 3340 1.0
1014 1014 1.0
1021 1021 1.0
1027 1027 1.0
1028 3349 1.0
1028 2989 2.0
1028 2861 1.0
1028 1028 2.0
1028 764 2.0
1030 1030 1.0
1037 1037 1.0
1037 517 1.0
1038 2060 1.0
1038 1038 1.0
1048 1048 1.0
1049 1049 1.0
1050 2933 1.0
1050 2931 1.0
1050 2708 1.0
1050 1050 2.0
1056 1056 1.0
1056 490 1.0
1059 2324 1.0
1059 1059 1.0
1064 1064 1.0
1068 1068 1.0
1072 3228 1.0
1072 1072 1.0
1079 3398 1.0
1079 3260 2.0
1079 723 2.0
1079 3490 1.0
1079 1079 6.0
1080 2873 1.0
1080 488 1.0
1080 3168 1.0
1080 2248 1.0
1080 1081 1.0
1080 1080 2.0
1080 201 1.0
1081 3168 1.0
1081 2248 1.0
1081 1080 1.0
1081 201 1.0
1081 392 1.0
1081 3405 1.0
1081 2171 1.0
1081 2170 2.0
1081 1081 3.0
1089 3557 1.0
1089 3556 1.0
1089 10 1.0
1089 1877 1.0
1089 1089 2.0
1089 58 1.0
1090 3500 1.0
1090 2019 1.0
1090 3251 1.0
1090 1090 2.0
1091 1093 1.0
1091 1091 1.0
1093 1091 1.0
1093 3611 2.0
1093 3610 2.0
1093 3242 2.0
1093 2174 1.0
1093 1694 1.0
1093 3520 2.0
1093 3320 1.0
1093 2965 1.0
1093 1093 8.0
1094 1094 2.0
1097 955 1.0
1097 3344 2.0
1097 1097 2.0
1097 784 1.0
1100 3115 1.0
1100 246 1.0
1100 3567 1.0
1100 3258 2.0
1100 1100 3.0
1103 1103 1.0
1106 1106 1.0
1109 1109 1.0
1117 1117 1.0
1141 3377 1.0
1141 3376 1.0
1141 3299 1.0
1141 3298 2.0
1141 2679 1.0
1141 1141 2.0
1145 1145 1.0
1153 1550 1.0
1153 1153 1.0
1157 1157 1.0
1157 772 1.0
1171 329 1.0
1171 3396 2.0
1171 3395 2.0
1171 1328 2.0
1171 1171 2.0
1173 2306 1.0
1173 2305 1.0
1173 1173 2.0
1176 3245 1.0
1176 1176 1.0
1180 2296 1.0
1180 1180 1.0
1181 1702 1.0
1181 2399 1.0
1181 2371 1.0
1181 2605 1.0
1181 3539 1.0
1181 3538 2.0
1181 2896 2.0
1181 1181 5.0
1182 3261 1.0
1182 2273 1.0
1182 1182 1.0
1204 1204 1.0
1208 1208 1.0
1210 3580 1.0
1210 1210 1.0
1220 1220 1.0
1220 639 1.0
1223 1613 1.0
1223 1223 1.0
1232 3280 1.0
1232 3279 1.0
1232 1232 1.0
1235 1309 1.0
1235 1235 1.0
1239 3394 1.0
1239 1239 1.0
1240 1240 2.0
1244 3345 1.0
1244 1614 1.0
1244 49 1.0
1244 3320 1.0
1244 3252 1.0
1244 2599 1.0
1244 1244 2.0
1244 321 1.0
1245 3221 1.0
1245 2496 1.0
1245 2334 1.0
1245 2323 1.0
1245 1245 1.0
1250 1622 1.0
1250 3393 2.0
1250 3392 2.0
1250 1250 3.0
1251 1251 2.0
1255 1255 1.0
1257 2857 1.0
1257 1257 3.0
1258 2657 2.0
1258 562 2.0
1258 561 2.0
1258 1258 3.0
1271 3105 1.0
1271 2796 1.0
1271 1271 1.0
1271 405 1.0
1274 3348 1.0
1274 2175 1.0
1274 1274 1.0
1274 961 1.0
1276 1276 1.0
1277 1277 1.0
1278 2379 1.0
1278 50 1.0
1278 3544 2.0
1278 1278 4.0
1279 2508 1.0
1279 1279 1.0
1285 2043 1.0
1285 1285 1.0
1289 1946 1.0
1289 1289 1.0
1289 147 1.0
1297 3288 2.0
1297 2426 2.0
1297 1297 4.0
1298 2163 1.0
1298 1298 1.0
1298 45 1.0
1309 1309 1.0
1309 1235 1.0
1310 3413 1.0
1310 2850 2.0
1310 1310 2.0
1311 2047 1.0
1311 201 1.0
1311 70 1.0
1311 3446 1.0
1311 3445 1.0
1311 2710 1.0
1311 2545 1.0
1311 786 1.0
1311 3357 1.0
1311 2511 1.0
1311 2768 1.0
1311 1311 10.0
1317 3546 2.0
1317 43 1.0
1317 3409 3.0
1317 3408 2.0
1317 1317 4.0
1320 2710 1.0
1320 3468 1.0
1320 3467 2.0
1320 1970 1.0
1320 1321 1.0
1320 3390 1.0
1320 1716 1.0
1320 1320 4.0
1321 3468 1.0
1321 3467 1.0
1321 1970 2.0
1321 1321 2.0
1321 1320 1.0
1328 329 1.0
1328 1171 2.0
1328 3396 3.0
1328 3395 3.0
1328 1328 3.0
1329 1329 1.0
1334 2176 1.0
1334 2991 2.0
1334 2937 3.0
1334 1334 3.0
1336 3406 1.0
1336 2850 1.0
1336 1337 1.0
1336 1336 1.0
1337 1967 2.0
1337 3406 2.0
1337 2850 2.0
1337 1337 4.0
1337 1336 1.0
1338 3471 1.0
1338 1338 1.0
1338 505 1.0
1338 82 1.0
1342 1342 1.0
1342 509 1.0
1344 3595 1.0
1344 3594 1.0
1344 3062 1.0
1344 2972 1.0
1344 2831 1.0
1344 2819 1.0
1344 660 1.0
1344 3391 2.0
1344 1969 1.0
1344 1344 2.0
1353 1353 1.0
1362 3422 1.0
1362 329 1.0
1362 2176 1.0
1362 2035 1.0
1362 1362 3.0
1365 2769 1.0
1365 1365 3.0
1366 2068 1.0
1366 1366 1.0
1366 724 1.0
1369 2702 1.0
1369 2322 1.0
1369 488 1.0
1369 3061 1.0
1369 666 1.0
1369 2369 1.0
1369 2326 2.0
1369 3593 1.0
1369 3218 1.0
1369 3217 1.0
1369 3216 1.0
1369 1369 4.0
1371 329 1.0
1371 70 1.0
1371 3163 1.0
1371 2176 1.0
1371 1371 2.0
1377 2954 1.0
1377 1377 1.0
1378 3597 1.0
1378 3552 1.0
1378 3539 1.0
1378 750 1.0
1378 3504 4.0
1378 2955 2.0
1378 1699 4.0
1378 3481 1.0
1378 1378 6.0
1381 3302 2.0
1381 1381 2.0
1382 1382 1.0
1386 2107 1.0
1386 3469 1.0
1386 3417 2.0
1386 3364 2.0
1386 2849 2.0
1386 3321 1.0
1386 1386 4.0
1387 3521 1.0
1387 3059 1.0
1387 1918 1.0
1387 1387 1.0
1391 1391 1.0
1393 1393 2.0
1401 2919 1.0
1401 3639 3.0
1401 3627 1.0
1401 3480 1.0
1401 3628 1.0
1401 3609 1.0
1401 3509 1.0
1401 1959 2.0
1401 3201 3.0
1401 2192 3.0
1401 3563 2.0
1401 3512 2.0
1401 336 7.0
1401 1401 14.0
1401 490 1.0
1402 3568 1.0
1402 1424 1.0
1402 1402 1.0
1406 1406 1.0
1407 1407 1.0
1409 1409 1.0
1411 2546 1.0
1411 786 1.0
1411 347 1.0
1411 1411 2.0
1412 3077 1.0
1412 2053 1.0
1412 1412 1.0
1417 2884 2.0
1417 1417 2.0
1418 2419 1.0
1418 88 1.0
1418 3472 3.0
1418 1418 6.0
1424 3568 1.0
1424 1402 1.0
1424 1983 1.0
1424 3506 1.0
1424 1424 3.0
1426 3537 1.0
1426 3530 1.0
1426 3374 1.0
1426 3369 1.0
1426 1426 1.0
1428 1428 1.0
1444 2905 2.0
1444 3533 1.0
1444 1985 1.0
1444 60 1.0
1444 3495 2.0
1444 1701 2.0
1444 1444 5.0
1454 1696 1.0
1454 1454 1.0
1454 174 1.0
1475 3596 1.0
1475 2748 1.0
1475 1475 1.0
1475 455 1.0
1489 1489 1.0
1491 3294 1.0
1491 3121 1.0
1491 2978 1.0
1491 1491 2.0
1498 1498 2.0
1499 3425 1.0
1499 1936 1.0
1499 1499 2.0
1502 1502 1.0
1502 952 1.0
1508 3569 1.0
1508 2168 1.0
1508 1508 1.0
1521 1522 1.0
1521 1521 1.0
1522 1522 1.0
1522 1521 1.0
1526 2735 1.0
1526 2733 1.0
1526 1526 1.0
1526 865 1.0
1530 2763 2.0
1530 1530 3.0
1530 993 2.0
1532 3346 1.0
1532 3319 1.0
1532 2997 1.0
1532 2153 1.0
1532 1532 2.0
1532 857 1.0
1548 3278 1.0
1548 2756 1.0
1548 1548 1.0
1550 1153 1.0
1550 2429 1.0
1550 1550 2.0
1553 3132 1.0
1553 1553 1.0
1565 3080 1.0
1565 1566 1.0
1565 1565 1.0
1566 3080 1.0
1566 1566 1.0
1566 1565 1.0
1578 1617 1.0
1578 1578 1.0
1586 3617 1.0
1586 2212 1.0
1586 1586 3.0
1588 2755 1.0
1588 1588 1.0
1588 904 1.0
1589 2801 1.0
1589 531 2.0
1589 2680 1.0
1589 1589 3.0
1589 347 1.0
1592 1592 1.0
1595 3379 1.0
1595 3174 1.0
1595 976 1.0
1595 3311 2.0
1595 3310 1.0
1595 261 2.0
1595 3301 3.0
1595 2244 2.0
1595 3291 2.0
1595 750 2.0
1595 3285 2.0
1595 2980 1.0
1595 1595 9.0
1602 3189 1.0
1602 1602 1.0
1602 596 1.0
1603 3292 1.0
1603 1603 1.0
1603 909 1.0
1613 1613 1.0
1613 1223 1.0
1614 3626 1.0
1614 1244 1.0
1614 2163 1.0
1614 39 1.0
1614 3345 3.0
1614 1614 4.0
1614 49 3.0
1617 1617 1.0
1617 1578 1.0
1622 3393 1.0
1622 3392 1.0
1622 1250 1.0
1622 37 1.0
1622 3296 1.0
1622 3295 1.0
1622 1622 3.0
1623 3575 1.0
1623 1623 1.0
1623 49 1.0
1629 1629 1.0
1634 2485 1.0
1634 1634 1.0
1638 1638 2.0
1638 551 2.0
1638 83 1.0
1643 3158 1.0
1643 2452 1.0
1643 1643 2.0
1650 3103 1.0
1650 1650 1.0
1650 505 1.0
1660 1910 1.0
1660 1660 1.0
1663 3277 2.0
1663 2526 1.0
1663 1663 2.0
1664 3461 1.0
1664 3445 1.0
1664 2546 1.0
1664 2310 1.0
1664 1664 1.0
1664 786 1.0
1668 888 1.0
1668 3475 1.0
1668 3474 1.0
1668 1699 1.0
1668 797 1.0
1668 2218 1.0
1668 2208 2.0
1668 1968 1.0
1668 1668 3.0
1668 387 1.0
1668 206 2.0
1669 1669 3.0
1673 3486 2.0
1673 1673 2.0
1675 3585 1.0
1675 1675 1.0
1679 103 1.0
1679 3548 1.0
1679 3547 2.0
1679 3507 1.0
1679 2868 1.0
1679 1679 2.0
1680 1680 1.0
1682 2124 1.0
1682 1682 1.0
1686 3464 1.0
1686 3092 1.0
1686 1686 1.0
1686 491 1.0
1687 3318 2.0
1687 1687 2.0
1687 98 2.0
1688 3638 1.0
1688 3622 2.0
1688 373 1.0
1688 3555 2.0
1688 1688 5.0
1689 3210 1.0
1689 3209 1.0
1689 3015 1.0
1689 1689 2.0
1693 3507 1.0
1693 2351 2.0
1693 1693 2.0
1694 2174 1.0
1694 1093 1.0
1694 1694 3.0
1695 2187 1.0
1695 2091 1.0
1695 1695 1.0
1696 3567 1.0
1696 1696 2.0
1696 1454 1.0
1696 174 1.0
1699 3619 1.0
1699 161 1.0
1699 750 1.0
1699 2982 1.0
1699 3552 2.0
1699 3539 2.0
1699 2717 1.0
1699 3504 3.0
1699 2955 3.0
1699 1378 4.0
1699 2866 2.0
1699 60 1.0
1699 3475 1.0
1699 3474 1.0
1699 1699 9.0
1699 1668 1.0
1699 797 1.0
1701 3533 1.0
1701 1985 1.0
1701 60 1.0
1701 1701 2.0
1701 1444 2.0
1702 1702 1.0
1702 1181 1.0
1703 1703 1.0
1705 3635 1.0
1705 727 1.0
1705 2702 1.0
1705 69 2.0
1705 3429 3.0
1705 3428 1.0
1705 3427 2.0
1705 3426 2.0
1705 1705 4.0
1707 2062 1.0
1707 3637 2.0
1707 1707 3.0
1713 3167 1.0
1713 2084 2.0
1713 1713 2.0
1713 488 1.0
1715 3629 1.0
1715 369 1.0
1715 3305 2.0
1715 2641 1.0
1715 1717 3.0
1715 1715 5.0
1716 3390 1.0
1716 1716 1.0
1716 1320 1.0
1717 3629 1.0
1717 369 1.0
1717 3073 1.0
1717 727 1.0
1717 3305 1.0
1717 2641 1.0
1717 1717 4.0
1717 1715 3.0
1726 2644 1.0
1726 1726 1.0
1727 3282 1.0
1727 2150 1.0
1727 1727 1.0
1727 23 1.0
1732 3398 1.0
1732 3175 2.0
1732 1732 3.0
1738 3547 1.0
1738 2877 1.0
1738 1738 2.0
1741 2808 1.0
1741 3470 2.0
1741 1741 3.0
1742 2967 1.0
1742 2889 1.0
1742 3571 2.0
1742 1742 2.0
1743 3601 2.0
1743 3592 1.0
1743 3589 2.0
1743 3588 2.0
1743 3442 1.0
1743 3441 1.0
1743 2524 1.0
1743 1743 5.0
1764 3629 1.0
1764 1764 1.0
1764 369 1.0
1775 1775 1.0
1780 1780 1.0
1780 201 1.0
1780 83 1.0
1790 3554 1.0
1790 3553 1.0
1790 2604 1.0
1790 2355 2.0
1790 1790 2.0
1790 433 1.0
1791 624 1.0
1791 3237 1.0
1791 1791 3.0
1792 1792 1.0
1793 1793 1.0
1795 1952 1.0
1795 1795 1.0
1795 197 1.0
1800 2728 1.0
1800 1800 2.0
1801 2740 1.0
1801 1903 1.0
1801 1801 1.0
1802 3602 1.0
1802 3608 2.0
1802 3607 3.0
1802 1802 4.0
1806 2717 1.0
1806 1973 1.0
1806 1974 2.0
1806 3489 1.0
1806 3488 1.0
1806 2590 1.0
1806 1806 4.0
1821 1821 1.0
1826 1826 1.0
1826 988 1.0
1831 1831 1.0
1831 58 1.0
1832 1832 1.0
1835 1850 1.0
1835 1835 2.0
1835 284 1.0
1836 3537 1.0
1836 1838 1.0
1836 1836 1.0
1838 3537 1.0
1838 1838 1.0
1838 1836 1.0
1842 1842 1.0
1842 373 1.0
1844 1844 1.0
1844 552 1.0
1850 3319 1.0
1850 1850 2.0
1850 1835 1.0
1855 1856 1.0
1855 1855 1.0
1856 1856 1.0
1856 1855 1.0
1868 3292 1.0
1868 1868 1.0
1872 3503 1.0
1872 3502 1.0
1872 3501 1.0
1872 3500 1.0
1872 3499 1.0
1872 1872 1.0
1872 433 1.0
1874 1874 1.0
1877 1951 1.0
1877 536 1.0
1877 3587 1.0
1877 434 1.0
1877 1981 1.0
1877 1877 4.0
1877 1089 1.0
1877 58 1.0
1880 2595 1.0
1880 1880 1.0
1881 3424 2.0
1881 2453 2.0
1881 1881 2.0
1897 3233 1.0
1897 1897 1.0
1902 3274 2.0
1902 1902 2.0
1902 701 2.0
1903 2740 2.0
1903 1903 2.0
1903 1801 1.0
1906 3598 1.0
1906 1910 1.0
1906 1906 1.0
1910 3598 1.0
1910 1906 1.0
1910 1910 2.0
1910 1660 1.0
1918 3521 1.0
1918 3059 1.0
1918 1918 1.0
1918 1387 1.0
1931 1931 1.0
1932 1932 1.0
1932 351 1.0
1933 2069 1.0
1933 329 1.0
1933 70 1.0
1933 2955 1.0
1933 614 1.0
1933 1933 3.0
1934 1978 1.0
1934 1934 1.0
1934 110 1.0
1936 1499 1.0
1936 3471 1.0
1936 505 1.0
1936 82 1.0
1936 3425 3.0
1936 3163 2.0
1936 3116 2.0
1936 1937 2.0
1936 1936 5.0
1937 3471 1.0
1937 505 1.0
1937 82 1.0
1937 3116 2.0
1937 1937 2.0
1937 1936 2.0
1938 3222 1.0
1938 2303 1.0
1938 3465 2.0
1938 3463 2.0
1938 1938 5.0
1946 1946 1.0
1946 1289 1.0
1946 147 1.0
1947 629 1.0
1947 3349 1.0
1947 2861 1.0
1947 1947 3.0
1947 764 1.0
1949 761 1.0
1949 1949 3.0
1949 543 1.0
1949 88 1.0
1950 3590 2.0
1950 2813 2.0
1950 1950 2.0
1951 1951 1.0
1951 1877 1.0
1951 536 1.0
1952 1795 1.0
1952 3468 1.0
1952 246 1.0
1952 2966 1.0
1952 1952 4.0
1952 197 2.0
1953 2957 1.0
1953 1953 1.0
1959 3639 1.0
1959 3609 1.0
1959 1401 2.0
1959 3510 3.0
1959 336 5.0
1959 3509 2.0
1959 1959 6.0
1960 1960 1.0
1960 259 1.0
1961 1961 1.0
1964 3570 1.0
1964 1973 1.0
1964 1964 1.0
1966 1966 2.0
1967 3406 1.0
1967 2850 1.0
1967 1967 2.0
1967 1337 2.0
1968 3482 1.0
1968 2218 1.0
1968 2208 1.0
1968 1968 2.0
1968 1668 1.0
1968 387 1.0
1968 206 1.0
1969 2958 1.0
1969 3391 1.0
1969 1969 2.0
1969 1344 1.0
1970 3468 1.0
1970 3467 1.0
1970 1970 2.0
1970 1321 2.0
1970 1320 1.0
1972 1972 2.0
1973 2717 1.0
1973 1806 1.0
1973 3223 1.0
1973 1964 1.0
1973 3602 1.0
1973 3570 3.0
1973 336 1.0
1973 3488 1.0
1973 1973 8.0
1974 1806 2.0
1974 3480 1.0
1974 3479 1.0
1974 1974 3.0
1978 3183 1.0
1978 2622 1.0
1978 955 1.0
1978 1978 2.0
1978 1934 1.0
1978 110 1.0
1979 3246 1.0
1979 2863 1.0
1979 1979 2.0
1981 1981 1.0
1981 1877 1.0
1983 1983 1.0
1983 1424 1.0
1984 3613 1.0
1984 3412 1.0
1984 1984 2.0
1984 263 1.0
1985 3533 2.0
1985 1985 2.0
1985 1701 1.0
1985 1444 1.0
1985 60 2.0
1998 2191 1.0
1998 3579 2.0
1998 1998 2.0
1998 307 1.0
2001 2001 1.0
2003 3484 1.0
2003 369 1.0
2003 3540 2.0
2003 2003 2.0
2004 49 1.0
2004 2004 2.0
2010 2010 1.0
2011 3577 1.0
2011 2397 1.0
2011 2011 1.0
2011 845 1.0
2013 2013 3.0
2013 765 1.0
2017 2017 1.0
2018 3476 1.0
2018 2241 1.0
2018 2018 1.0
2019 3500 1.0
2019 2019 1.0
2019 1090 1.0
2027 2027 1.0
2030 3115 1.0
2030 3390 1.0
2030 3375 1.0
2030 3332 2.0
2030 3331 2.0
2030 3330 2.0
2030 2753 2.0
2030 2030 6.0
2030 1007 1.0
2032 3413 1.0
2032 2032 1.0
2032 510 1.0
2035 2176 1.0
2035 1362 1.0
2035 3076 1.0
2035 2447 1.0
2035 2035 2.0
2037 3313 1.0
2037 3074 1.0
2037 3043 1.0
2037 2751 1.0
2037 2037 2.0
2039 3462 1.0
2039 3433 1.0
2039 3459 2.0
2039 3458 2.0
2039 3457 2.0
2039 3456 2.0
2039 2039 2.0
2040 3624 1.0
2040 2105 1.0
2040 3108 1.0
2040 2826 1.0
2040 2040 4.0
2040 82 3.0
2043 15 1.0
2043 1285 1.0
2043 2328 1.0
2043 2043 3.0
2044 2044 1.0
2047 2047 1.0
2047 1311 1.0
2047 201 1.0
2053 3077 2.0
2053 2053 4.0
2053 1412 1.0
2060 2060 1.0
2060 1038 1.0
2062 3637 1.0
2062 2062 1.0
2062 1707 1.0
2064 2064 1.0
2068 2068 1.0
2068 1366 1.0
2068 724 1.0
2069 2069 1.0
2069 1933 1.0
2069 329 1.0
2069 70 1.0
2073 2073 1.0
2073 6 1.0
2074 2074 1.0
2074 721 1.0
2081 2208 1.0
2081 2081 3.0
2081 214 1.0
2084 3230 1.0
2084 2702 1.0
2084 3167 2.0
2084 2084 3.0
2084 1713 2.0
2084 488 2.0
2090 2090 1.0
2091 2187 1.0
2091 2091 1.0
2091 1695 1.0
2093 2093 1.0
2097 2097 1.0
2099 3534 1.0
2099 2260 1.0
2099 2363 2.0
2099 2099 2.0
2105 3630 2.0
2105 3624 2.0
2105 2040 1.0
2105 3431 1.0
2105 2332 1.0
2105 2105 6.0
2107 2107 1.0
2107 1386 1.0
2111 2112 1.0
2111 2111 1.0
2111 303 1.0
2112 2112 1.0
2112 2111 1.0
2112 303 1.0
2113 2608 1.0
2113 2113 1.0
2113 60 1.0
2122 2122 1.0
2122 710 1.0
2122 213 1.0
2124 2124 1.0
2124 1682 1.0
2126 2126 1.0
2129 3314 1.0
2129 2129 1.0
2129 360 1.0
2129 20 1.0
2131 2131 1.0
2131 15 1.0
2137 3284 1.0
2137 2137 1.0
2138 2138 1.0
2138 947 1.0
2139 3293 1.0
2139 237 1.0
2139 2139 2.0
2139 947 1.0
2145 2153 1.0
2145 2145 1.0
2145 857 1.0
2150 3282 1.0
2150 2150 1.0
2150 1727 1.0
2150 23 1.0
2153 1532 1.0
2153 2153 2.0
2153 2145 1.0
2153 857 2.0
2160 3084 1.0
2160 2668 2.0
2160 2160 2.0
2163 1298 1.0
2163 45 1.0
2163 1614 1.0
2163 2163 3.0
2163 39 2.0
2168 550 1.0
2168 3569 2.0
2168 1508 1.0
2168 2168 3.0
2170 392 1.0
2170 3405 1.0
2170 2171 1.0
2170 2170 2.0
2170 1081 2.0
2171 3405 1.0
2171 2171 1.0
2171 2170 1.0
2171 1081 1.0
2174 2174 1.0
2174 1694 1.0
2174 1093 1.0
2175 3382 1.0
2175 563 1.0
2175 3348 2.0
2175 1274 1.0
2175 961 1.0
2175 2175 3.0
2175 708 1.0
2176 2937 1.0
2176 1334 1.0
2176 3525 1.0
2176 2035 1.0
2176 1362 1.0
2176 3163 2.0
2176 2176 4.0
2176 1371 1.0
2178 2943 1.0
2178 347 1.0
2178 2178 2.0
2178 259 1.0
2187 2188 1.0
2187 2187 2.0
2187 2091 1.0
2187 1695 1.0
2188 2188 1.0
2188 2187 1.0
2191 3579 1.0
2191 2191 1.0
2191 1998 1.0
2192 3201 3.0
2192 1401 3.0
2192 2192 4.0
2199 2199 1.0
2203 3381 1.0
2203 2203 1.0
2203 966 1.0
2203 688 1.0
2206 2206 1.0
2208 2081 1.0
2208 888 1.0
2208 3511 1.0
2208 2218 1.0
2208 2208 4.0
2208 1968 1.0
2208 1668 2.0
2208 387 1.0
2208 206 2.0
2212 3617 2.0
2212 2212 3.0
2212 1586 1.0
2213 2963 1.0
2213 2213 1.0
2214 2215 1.0
2214 2214 1.0
2215 2215 1.0
2215 2214 1.0
2216 2216 1.0
2217 3178 1.0
2217 2217 1.0
2218 2218 1.0
2218 2208 1.0
2218 1968 1.0
2218 1668 1.0
2218 387 1.0
2218 206 1.0
2220 2898 2.0
2220 3618 2.0
2220 3558 1.0
2220 2220 4.0
2228 2228 1.0
2228 74 1.0
2229 2229 1.0
2231 3299 1.0
2231 2679 1.0
2231 2231 1.0
2238 2238 1.0
2241 3497 1.0
2241 3476 1.0
2241 2018 1.0
2241 2241 3.0
2241 754 2.0
2241 753 1.0
2244 3301 1.0
2244 3285 1.0
2244 2244 2.0
2244 1595 2.0
2248 3095 1.0
2248 2385 1.0
2248 2805 2.0
2248 3168 1.0
2248 2248 3.0
2248 1081 1.0
2248 1080 1.0
2248 201 3.0
2259 3423 2.0
2259 2259 2.0
2259 685 2.0
2260 3534 1.0
2260 2363 1.0
2260 2260 1.0
2260 2099 1.0
2262 3306 1.0
2262 2262 1.0
2268 2268 1.0
2268 221 1.0
2270 2270 1.0
2270 993 1.0
2270 26 1.0
2273 3549 2.0
2273 3261 1.0
2273 2273 3.0
2273 1182 1.0
2279 2781 1.0
2279 2279 1.0
2285 2286 1.0
2285 2285 1.0
2286 2286 1.0
2286 2285 1.0
2287 2739 1.0
2287 2287 1.0
2288 2290 3.0
2288 2289 3.0
2288 2288 3.0
2289 2288 3.0
2289 2526 1.0
2289 2290 8.0
2289 2289 8.0
2290 3473 1.0
2290 2828 1.0
2290 2395 1.0
2290 3430 1.0
2290 159 2.0
2290 2288 3.0
2290 2526 1.0
2290 2290 10.0
2290 2289 8.0
2296 2296 2.0
2296 1180 1.0
2298 3139 1.0
2298 2298 1.0
2303 2303 1.0
2303 1938 1.0
2305 147 1.0
2305 2306 1.0
2305 2305 2.0
2305 1173 1.0
2306 2306 1.0
2306 2305 1.0
2306 1173 1.0
2308 3440 2.0
2308 3439 2.0
2308 3438 2.0
2308 2308 3.0
2308 70 3.0
2310 3461 2.0
2310 2546 1.0
2310 1664 1.0
2310 3446 1.0
2310 3445 2.0
2310 2711 1.0
2310 2710 1.0
2310 2545 1.0
2310 2310 3.0
2310 786 2.0
2314 3337 2.0
2314 3336 2.0
2314 3335 2.0
2314 3334 2.0
2314 3080 2.0
2314 2314 2.0
2317 3447 2.0
2317 2317 2.0
2322 2702 1.0
2322 2322 1.0
2322 1369 1.0
2322 488 1.0
2323 3221 1.0
2323 2496 1.0
2323 2334 1.0
2323 2323 1.0
2323 1245 1.0
2324 2324 1.0
2324 1059 1.0
2325 1000 1.0
2325 3595 1.0
2325 3594 1.0
2325 2819 1.0
2325 3062 1.0
2325 2325 3.0
2325 660 2.0
2326 3061 1.0
2326 666 1.0
2326 2369 1.0
2326 2326 2.0
2326 1369 2.0
2328 2328 2.0
2328 2043 1.0
2329 2331 1.0
2329 2329 1.0
2329 340 1.0
2329 83 1.0
2331 2331 1.0
2331 2329 1.0
2331 340 1.0
2331 83 1.0
2332 3431 2.0
2332 2332 2.0
2332 2105 1.0
2334 3221 1.0
2334 2496 1.0
2334 2334 1.0
2334 2323 1.0
2334 1245 1.0
2336 3389 1.0
2336 3387 1.0
2336 2587 1.0
2336 2586 1.0
2336 2336 1.0
2344 2344 2.0
2344 810 2.0
2344 49 2.0
2345 3621 1.0
2345 2345 2.0
2345 438 1.0
2351 3507 1.0
2351 2351 2.0
2351 1693 2.0
2352 2422 1.0
2352 3513 1.0
2352 2352 3.0
2355 3554 1.0
2355 3553 1.0
2355 2604 1.0
2355 2355 2.0
2355 1790 2.0
2355 433 1.0
2356 2898 1.0
2356 2356 1.0
2356 759 1.0
2361 49 1.0
2361 3626 1.0
2361 3007 1.0
2361 3482 1.0
2361 2361 4.0
2363 3534 1.0
2363 2260 1.0
2363 2363 2.0
2363 2099 2.0
2369 2369 1.0
2369 2326 1.0
2369 1369 1.0
2371 2399 1.0
2371 2371 1.0
2371 1181 1.0
2375 2375 1.0
2379 2379 1.0
2379 1278 1.0
2379 50 1.0
2380 3307 2.0
2380 2380 3.0
2380 50 2.0
2384 2384 1.0
2384 201 1.0
2385 3095 1.0
2385 2805 1.0
2385 2385 1.0
2385 2248 1.0
2385 201 1.0
2390 2390 1.0
2390 23 1.0
2393 2393 1.0
2393 765 1.0
2395 2828 1.0
2395 2290 1.0
2395 159 1.0
2395 2840 1.0
2395 2613 1.0
2395 3473 2.0
2395 2395 3.0
2395 488 1.0
2396 2396 1.0
2396 82 1.0
2397 3577 1.0
2397 2397 1.0
2397 2011 1.0
2397 845 1.0
2398 3095 1.0
2398 2398 1.0
2399 2371 1.0
2399 1181 1.0
2399 2400 2.0
2399 2399 3.0
2399 484 1.0
2400 2399 2.0
2400 484 1.0
2400 3385 1.0
2400 2400 3.0
2405 3529 1.0
2405 2405 2.0
2405 195 2.0
2407 2904 1.0
2407 2903 1.0
2407 2408 1.0
2407 2416 1.0
2407 2407 2.0
2407 109 1.0
2408 3368 1.0
2408 2904 1.0
2408 2903 3.0
2408 2408 3.0
2408 2407 1.0
2414 633 1.0
2414 211 1.0
2414 2414 2.0
2416 2416 2.0
2416 2407 1.0
2416 109 1.0
2419 1418 1.0
2419 3248 1.0
2419 727 2.0
2419 195 2.0
2419 3493 2.0
2419 2590 2.0
2419 2419 7.0
2420 2420 1.0
2420 988 1.0
2422 2352 1.0
2422 2807 1.0
2422 2555 1.0
2422 2422 3.0
2422 53 1.0
2426 3288 1.0
2426 2426 2.0
2426 1297 2.0
2428 3007 1.0
2428 2434 1.0
2428 2428 2.0
2429 1550 1.0
2429 2429 2.0
2429 953 1.0
2433 3577 1.0
2433 2433 1.0
2434 2434 1.0
2434 2428 1.0
2436 2436 1.0
2436 723 1.0
2438 765 1.0
2438 3308 3.0
2438 2438 3.0
2443 2443 1.0
2443 518 1.0
2447 3076 1.0
2447 2035 1.0
2447 2447 2.0
2447 996 1.0
2452 3158 1.0
2452 2452 1.0
2452 1643 1.0
2453 3424 2.0
2453 2453 2.0
2453 1881 2.0
2454 2454 1.0
2454 713 1.0
2462 2924 1.0
2462 2462 1.0
2467 204 1.0
2467 3039 1.0
2467 2467 2.0
2471 2471 1.0
2477 2477 1.0
2478 3360 1.0
2478 3359 1.0
2478 2478 1.0
2481 2481 1.0
2485 2485 1.0
2485 1634 1.0
2496 3221 1.0
2496 2496 1.0
2496 2334 1.0
2496 2323 1.0
2496 1245 1.0
2502 2761 1.0
2502 2736 1.0
2502 2502 1.0
2508 2508 1.0
2508 1279 1.0
2511 2511 1.0
2511 1311 1.0
2521 3300 1.0
2521 2743 1.0
2521 2521 1.0
2521 995 1.0
2524 3442 1.0
2524 3441 1.0
2524 2524 1.0
2524 1743 1.0
2526 2290 1.0
2526 2289 1.0
2526 3277 1.0
2526 2526 2.0
2526 1663 1.0
2529 3085 1.0
2529 2529 1.0
2530 2531 1.0
2530 2530 1.0
2530 606 1.0
2531 2531 1.0
2531 2530 1.0
2531 606 1.0
2537 3578 1.0
2537 2537 1.0
2538 2538 1.0
2538 721 1.0
2543 3361 1.0
2543 2675 1.0
2543 2543 1.0
2545 2546 1.0
2545 1311 1.0
2545 2850 3.0
2545 2561 2.0
2545 3080 1.0
2545 3076 1.0
2545 3453 3.0
2545 3414 1.0
2545 3446 2.0
2545 3445 3.0
2545 2711 1.0
2545 2710 2.0
2545 2545 9.0
2545 2310 1.0
2545 786 6.0
2546 1411 1.0
2546 347 1.0
2546 2545 1.0
2546 3461 1.0
2546 3445 1.0
2546 2310 1.0
2546 1664 1.0
2546 2850 1.0
2546 2712 1.0
2546 2561 1.0
2546 2546 4.0
2546 786 4.0
2555 2807 1.0
2555 2555 1.0
2555 2422 1.0
2561 3453 1.0
2561 2545 2.0
2561 2850 3.0
2561 2712 1.0
2561 2561 3.0
2561 2546 1.0
2561 786 1.0
2564 2564 1.0
2566 2567 1.0
2566 2566 1.0
2566 69 1.0
2567 2567 1.0
2567 2566 1.0
2567 69 1.0
2577 2577 1.0
2581 2582 1.0
2581 2581 2.0
2581 30 1.0
2582 2582 1.0
2582 2581 1.0
2586 2336 1.0
2586 3389 3.0
2586 3388 2.0
2586 3387 3.0
2586 2587 3.0
2586 2586 3.0
2587 2336 1.0
2587 3389 3.0
2587 3388 2.0
2587 3387 3.0
2587 2587 3.0
2587 2586 3.0
2589 2589 1.0
2589 765 1.0
2589 764 1.0
2589 98 1.0
2590 3494 1.0
2590 3493 2.0
2590 2419 2.0
2590 3489 1.0
2590 3488 1.0
2590 2590 4.0
2590 1806 1.0
2592 3484 1.0
2592 2592 1.0
2595 3566 1.0
2595 3523 2.0
2595 2595 3.0
2595 1880 1.0
2599 3320 1.0
2599 3252 1.0
2599 2599 1.0
2599 1244 1.0
2599 321 1.0
2604 3102 1.0
2604 3101 1.0
2604 211 2.0
2604 3554 1.0
2604 3553 2.0
2604 2604 5.0
2604 2355 1.0
2604 1790 1.0
2604 433 2.0
2605 2605 1.0
2605 1181 1.0
2606 2894 1.0
2606 2606 2.0
2606 110 2.0
2608 214 1.0
2608 2608 2.0
2608 2113 1.0
2608 60 1.0
2611 2612 1.0
2611 2611 1.0
2612 2612 2.0
2612 2611 1.0
2613 2840 1.0
2613 2613 2.0
2613 2395 1.0
2617 2617 1.0
2622 3183 1.0
2622 1978 1.0
2622 955 1.0
2622 2622 2.0
2629 2629 3.0
2630 2630 1.0
2630 373 1.0
2634 3256 1.0
2634 2968 1.0
2634 2634 1.0
2635 3291 1.0
2635 2635 1.0
2639 3437 2.0
2639 3436 2.0
2639 3435 2.0
2639 3434 2.0
2639 2639 2.0
2641 3305 1.0
2641 2641 1.0
2641 1717 1.0
2641 1715 1.0
2642 3304 2.0
2642 2642 2.0
2644 2644 1.0
2644 1726 1.0
2655 3125 1.0
2655 958 1.0
2655 2655 2.0
2657 2983 1.0
2657 2657 3.0
2657 1258 2.0
2657 562 3.0
2657 561 3.0
2658 2668 1.0
2658 2658 2.0
2664 3234 1.0
2664 418 1.0
2664 3528 1.0
2664 2664 3.0
2664 6 3.0
2668 3084 1.0
2668 2160 2.0
2668 2668 3.0
2668 2658 1.0
2675 2543 1.0
2675 3369 1.0
2675 3361 2.0
2675 2675 2.0
2679 2231 1.0
2679 3299 2.0
2679 3298 1.0
2679 2679 2.0
2679 1141 1.0
2680 2680 1.0
2680 1589 1.0
2680 347 1.0
2686 2686 1.0
2698 2698 1.0
2702 3230 1.0
2702 3167 1.0
2702 2084 1.0
2702 2322 1.0
2702 1369 1.0
2702 2764 1.0
2702 488 3.0
2702 329 1.0
2702 3429 1.0
2702 2702 4.0
2702 1705 1.0
2702 69 1.0
2708 2933 1.0
2708 2931 1.0
2708 2708 1.0
2708 1050 1.0
2710 3467 1.0
2710 1320 1.0
2710 1311 1.0
2710 3446 2.0
2710 3445 2.0
2710 2711 1.0
2710 2710 3.0
2710 2545 2.0
2710 2310 1.0
2710 786 2.0
2711 3446 1.0
2711 3445 1.0
2711 2711 1.0
2711 2710 1.0
2711 2545 1.0
2711 2310 1.0
2711 786 1.0
2712 3390 1.0
2712 2850 2.0
2712 2712 2.0
2712 2561 1.0
2712 2546 1.0
2712 786 1.0
2715 2715 1.0
2717 1973 1.0
2717 1806 1.0
2717 3552 1.0
2717 3539 1.0
2717 2717 2.0
2717 1699 1.0
2721 3345 1.0
2721 2721 1.0
2724 3528 1.0
2724 6 1.0
2724 2724 2.0
2726 3519 1.0
2726 2726 1.0
2727 3636 1.0
2727 165 1.0
2727 2727 2.0
2728 3628 1.0
2728 2728 5.0
2728 1800 1.0
2729 2729 1.0
2731 2731 2.0
2731 976 1.0
2731 237 1.0
2732 2732 1.0
2733 2735 2.0
2733 2733 3.0
2733 1526 1.0
2733 865 3.0
2735 2735 2.0
2735 2733 2.0
2735 1526 1.0
2735 865 2.0
2736 3346 1.0
2736 2997 1.0
2736 2761 1.0
2736 2736 2.0
2736 2502 1.0
2739 2739 1.0
2739 2287 1.0
2740 2740 2.0
2740 1903 2.0
2740 1801 1.0
2743 2521 1.0
2743 3300 2.0
2743 2743 2.0
2743 995 2.0
2744 2744 1.0
2748 3558 1.0
2748 3596 2.0
2748 2748 2.0
2748 1475 1.0
2748 455 2.0
2751 3313 2.0
2751 3074 2.0
2751 3043 2.0
2751 2751 2.0
2751 2037 1.0
2753 2753 2.0
2753 2030 2.0
2753 1007 1.0
2755 2755 1.0
2755 1588 1.0
2755 904 1.0
2756 3278 1.0
2756 2756 1.0
2756 1548 1.0
2760 3433 1.0
2760 2760 1.0
2760 996 1.0
2761 2736 1.0
2761 2502 1.0
2761 3283 1.0
2761 3282 1.0
2761 2978 1.0
2761 2761 2.0
2761 264 1.0
2763 2763 2.0
2763 1530 2.0
2763 993 1.0
2764 2764 1.0
2764 2702 1.0
2764 488 1.0
2764 329 1.0
2767 2767 1.0
2768 2768 1.0
2768 1311 1.0
2769 3397 1.0
2769 2769 2.0
2769 1365 1.0
2770 2770 1.0
2781 2279 1.0
2781 3309 2.0
2781 2781 3.0
2783 2783 2.0
2786 2786 1.0
2787 2787 1.0
2787 689 1.0
2792 3623 1.0
2792 2793 1.0
2792 2792 1.0
2792 627 1.0
2793 3623 1.0
2793 2792 1.0
2793 627 1.0
2793 3281 1.0
2793 2793 2.0
2793 955 1.0
2794 3273 1.0
2794 2966 1.0
2794 2794 1.0
2794 434 1.0
2795 2795 2.0
2796 3105 1.0
2796 2796 1.0
2796 1271 1.0
2796 405 1.0
2801 2801 1.0
2801 1589 1.0
2801 531 1.0
2802 3414 2.0
2802 3029 3.0
2802 3410 2.0
2802 2802 4.0
2802 550 4.0
2803 2803 1.0
2803 936 1.0
2805 2385 1.0
2805 2248 2.0
2805 3095 2.0
2805 2805 3.0
2805 201 3.0
2807 2807 1.0
2807 2555 1.0
2807 2422 1.0
2808 2808 1.0
2808 1741 1.0
2809 2809 1.0
2809 347 1.0
2811 2811 1.0
2811 158 1.0
2813 3583 1.0
2813 3506 1.0
2813 3262 1.0
2813 3590 2.0
2813 2813 3.0
2813 1950 2.0
2816 2816 1.0
2816 530 1.0
2819 3391 1.0
2819 3062 1.0
2819 2972 1.0
2819 2831 1.0
2819 1344 1.0
2819 3595 2.0
2819 3594 2.0
2819 2325 1.0
2819 660 2.0
2819 781 1.0
2819 2819 4.0
2825 2825 1.0
2826 3108 1.0
2826 2826 1.0
2826 2040 1.0
2826 82 1.0
2828 3473 1.0
2828 2395 1.0
2828 2290 1.0
2828 2828 4.0
2828 159 4.0
2831 3595 1.0
2831 3594 1.0
2831 3391 1.0
2831 3062 1.0
2831 2972 1.0
2831 2831 1.0
2831 2819 1.0
2831 1344 1.0
2831 660 1.0
2838 3559 1.0
2838 2839 1.0
2838 2838 1.0
2838 765 1.0
2838 96 1.0
2839 3559 1.0
2839 2839 1.0
2839 2838 1.0
2839 765 1.0
2839 96 1.0
2840 3603 1.0
2840 2840 2.0
2840 2613 1.0
2840 2395 1.0
2842 3541 1.0
2842 2842 1.0
2843 3541 1.0
2843 2843 1.0
2846 3312 2.0
2846 2846 3.0
2848 2848 1.0
2848 543 1.0
2849 3469 1.0
2849 3417 2.0
2849 3364 2.0
2849 2849 2.0
2849 1386 2.0
2850 3390 1.0
2850 3453 2.0
2850 2545 3.0
2850 3413 1.0
2850 2712 2.0
2850 2561 3.0
2850 2546 1.0
2850 786 2.0
2850 1310 2.0
2850 1967 1.0
2850 3406 2.0
2850 2850 9.0
2850 1337 2.0
2850 1336 1.0
2852 3586 2.0
2852 2852 2.0
2857 1257 1.0
2857 2857 2.0
2857 599 1.0
2859 3613 1.0
2859 2859 1.0
2860 2860 2.0
2861 1947 1.0
2861 3349 2.0
2861 2989 1.0
2861 2861 3.0
2861 1028 1.0
2861 764 3.0
2863 620 1.0
2863 3246 1.0
2863 2863 2.0
2863 1979 1.0
2865 2865 1.0
2866 3619 1.0
2866 2955 1.0
2866 161 1.0
2866 2866 2.0
2866 1699 2.0
2866 60 1.0
2868 3548 1.0
2868 3547 1.0
2868 3507 1.0
2868 2868 1.0
2868 1679 1.0
2873 2873 1.0
2873 1080 1.0
2873 488 1.0
2877 3547 1.0
2877 2877 1.0
2877 1738 1.0
2884 2884 2.0
2884 1417 2.0
2885 3514 1.0
2885 438 1.0
2885 3545 2.0
2885 3507 1.0
2885 2885 2.0
2889 3571 1.0
2889 2967 1.0
2889 2889 1.0
2889 1742 1.0
2890 2890 2.0
2890 541 2.0
2890 434 2.0
2892 3515 1.0
2892 2893 1.0
2892 2892 1.0
2893 3515 1.0
2893 2893 1.0
2893 2892 1.0
2894 2894 1.0
2894 2606 1.0
2894 110 1.0
2896 3539 1.0
2896 3538 2.0
2896 2896 2.0
2896 1181 2.0
2897 3560 1.0
2897 2897 1.0
2898 2356 1.0
2898 759 1.0
2898 3618 1.0
2898 2898 3.0
2898 2220 2.0
2903 3368 1.0
2903 2904 1.0
2903 2903 3.0
2903 2408 3.0
2903 2407 1.0
2904 2904 1.0
2904 2903 1.0
2904 2408 1.0
2904 2407 1.0
2905 3495 1.0
2905 2905 2.0
2905 1444 2.0
2907 2907 1.0
2907 541 1.0
2908 3634 1.0
2908 2908 2.0
2908 747 2.0
2912 2912 1.0
2919 3639 1.0
2919 1401 1.0
2919 336 1.0
2919 3452 2.0
2919 2919 5.0
2924 2924 1.0
2924 2462 1.0
2929 147 1.0
2929 2930 2.0
2929 2929 2.0
2929 405 1.0
2930 147 1.0
2930 2930 2.0
2930 2929 2.0
2930 405 1.0
2931 2933 1.0
2931 2931 1.0
2931 2708 1.0
2931 1050 1.0
2933 2933 1.0
2933 2931 1.0
2933 2708 1.0
2933 1050 1.0
2937 2176 1.0
2937 2991 2.0
2937 2937 3.0
2937 1334 3.0
2941 3230 1.0
2941 3167 1.0
2941 2941 1.0
2941 488 1.0
2941 329 1.0
2943 2943 1.0
2943 2178 1.0
2943 347 1.0
2954 2954 1.0
2954 1377 1.0
2955 3619 1.0
2955 2866 1.0
2955 161 1.0
2955 3504 2.0
2955 1699 3.0
2955 1378 2.0
2955 2955 4.0
2955 1933 1.0
2955 614 1.0
2957 2957 1.0
2957 1953 1.0
2958 2958 1.0
2958 1969 1.0
2959 2959 1.0
2960 3530 1.0
2960 3320 1.0
2960 2960 2.0
2961 2961 2.0
2962 2962 1.0
2963 2963 1.0
2963 2213 1.0
2964 2964 1.0
2965 3520 1.0
2965 3320 1.0
2965 2965 1.0
2965 1093 1.0
2966 3273 1.0
2966 2794 1.0
2966 434 1.0
2966 3522 2.0
2966 2966 6.0
2966 1952 1.0
2966 197 1.0
2967 3571 1.0
2967 2889 1.0
2967 1742 1.0
2967 110 1.0
2967 60 1.0
2967 15 1.0
2967 2967 3.0
2968 3256 1.0
2968 2634 1.0
2968 3527 2.0
2968 2968 3.0
2971 2973 1.0
2971 2971 1.0
2972 3595 1.0
2972 3594 1.0
2972 3391 1.0
2972 3062 1.0
2972 2972 1.0
2972 2831 1.0
2972 2819 1.0
2972 1344 1.0
2972 660 1.0
2973 3582 1.0
2973 2973 2.0
2973 2971 1.0
2977 2977 1.0
2978 3283 2.0
2978 3282 1.0
2978 2761 1.0
2978 264 1.0
2978 2978 3.0
2978 1491 1.0
2980 3034 1.0
2980 590 1.0
2980 3285 1.0
2980 2980 2.0
2980 1595 1.0
2982 2982 1.0
2982 1699 1.0
2983 2983 2.0
2983 2657 1.0
2983 562 1.0
2983 561 1.0
2989 3349 1.0
2989 2989 2.0
2989 2861 1.0
2989 1028 2.0
2989 764 2.0
2991 70 1.0
2991 2991 3.0
2991 2937 2.0
2991 1334 2.0
2996 2996 1.0
2996 215 1.0
2997 2736 1.0
2997 3346 2.0
2997 3319 1.0
2997 2997 2.0
2997 1532 1.0
2999 3001 1.0
2999 2999 1.0
2999 397 1.0
3001 3001 1.0
3001 2999 1.0
3001 397 1.0
3006 3515 1.0
3006 3006 1.0
3007 2361 1.0
3007 3007 2.0
3007 2428 1.0
3010 3011 1.0
3010 3010 1.0
3011 3010 1.0
3011 3075 1.0
3011 3011 2.0
3014 3014 1.0
3014 260 1.0
3015 3321 1.0
3015 3015 2.0
3015 1689 1.0
3018 3018 1.0
3022 3022 1.0
3029 3410 1.0
3029 3414 2.0
3029 3029 3.0
3029 2802 3.0
3029 550 3.0
3034 3034 1.0
3034 2980 1.0
3034 590 1.0
3037 3574 1.0
3037 3573 1.0
3037 3572 1.0
3037 3037 1.0
3039 26 1.0
3039 3039 2.0
3039 2467 1.0
3040 3040 1.0
3040 540 1.0
3043 64 1.0
3043 3313 2.0
3043 3074 2.0
3043 3043 3.0
3043 2751 2.0
3043 2037 1.0
3044 3044 1.0
3044 684 1.0
3049 3342 1.0
3049 3049 1.0
3049 585 1.0
3059 1918 1.0
3059 1387 1.0
3059 3525 1.0
3059 3117 1.0
3059 3521 2.0
3059 3059 3.0
3061 3061 1.0
3061 2326 1.0
3061 1369 1.0
3061 666 1.0
3062 3595 1.0
3062 3594 1.0
3062 3391 1.0
3062 2972 1.0
3062 2831 1.0
3062 2819 1.0
3062 1344 1.0
3062 3062 2.0
3062 2325 1.0
3062 660 2.0
3066 3066 1.0
3066 351 1.0
3066 172 1.0
3066 58 1.0
3072 3072 1.0
3072 430 1.0
3073 3073 1.0
3073 1717 1.0
3073 727 1.0
3074 3313 2.0
3074 3074 2.0
3074 3043 2.0
3074 2751 2.0
3074 2037 1.0
3075 3075 1.0
3075 3011 1.0
3076 3445 1.0
3076 3080 1.0
3076 2545 1.0
3076 786 1.0
3076 2447 1.0
3076 2035 1.0
3076 3076 3.0
3077 3077 2.0
3077 2053 2.0
3077 1412 1.0
3080 3445 1.0
3080 3076 1.0
3080 2545 1.0
3080 786 1.0
3080 1566 1.0
3080 1565 1.0
3080 3337 2.0
3080 3336 2.0
3080 3335 2.0
3080 3334 2.0
3080 3080 4.0
3080 2314 2.0
3084 3084 1.0
3084 2668 1.0
3084 2160 1.0
3085 3085 1.0
3085 2529 1.0
3087 3364 1.0
3087 3363 1.0
3087 3362 1.0
3087 3287 1.0
3087 3148 1.0
3087 3087 3.0
3092 3464 1.0
3092 3092 1.0
3092 1686 1.0
3092 491 1.0
3095 2385 1.0
3095 2248 1.0
3095 2805 2.0
3095 201 2.0
3095 3095 3.0
3095 2398 1.0
3101 3102 1.0
3101 3101 1.0
3101 2604 1.0
3101 211 1.0
3102 3102 1.0
3102 3101 1.0
3102 2604 1.0
3102 211 1.0
3103 1650 1.0
3103 3405 1.0
3103 3208 1.0
3103 3103 2.0
3103 505 2.0
3105 3105 1.0
3105 2796 1.0
3105 1271 1.0
3105 405 1.0
3108 3108 1.0
3108 2826 1.0
3108 2040 1.0
3108 82 1.0
3115 1100 1.0
3115 246 1.0
3115 3115 2.0
3115 2030 1.0
3116 3471 1.0
3116 505 1.0
3116 82 1.0
3116 3116 2.0
3116 1937 2.0
3116 1936 2.0
3117 3525 1.0
3117 3117 1.0
3117 3059 1.0
3120 3536 2.0
3120 3120 3.0
3120 160 1.0
3120 159 1.0
3121 3294 1.0
3121 3121 1.0
3121 1491 1.0
3123 3123 3.0
3125 3125 1.0
3125 2655 1.0
3125 958 1.0
3127 244 1.0
3127 3127 2.0
3132 3132 1.0
3132 1553 1.0
3136 3136 1.0
3137 3454 1.0
3137 3137 1.0
3137 86 1.0
3139 3139 1.0
3139 2298 1.0
3143 3145 1.0
3143 3144 1.0
3143 3143 1.0
3143 549 1.0
3144 3145 1.0
3144 3144 1.0
3144 3143 1.0
3144 549 1.0
3145 3145 1.0
3145 3144 1.0
3145 3143 1.0
3145 549 1.0
3148 3364 2.0
3148 3363 2.0
3148 3362 2.0
3148 3087 1.0
3148 3287 3.0
3148 3286 2.0
3148 3148 4.0
3158 3158 1.0
3158 2452 1.0
3158 1643 1.0
3161 3407 1.0
3161 3161 1.0
3162 3162 1.0
3163 3525 1.0
3163 3425 2.0
3163 1936 2.0
3163 3163 4.0
3163 2176 2.0
3163 1371 1.0
3167 2702 1.0
3167 3230 3.0
3167 2941 1.0
3167 329 1.0
3167 3167 6.0
3167 2084 2.0
3167 1713 1.0
3167 488 6.0
3168 3168 1.0
3168 2248 1.0
3168 1081 1.0
3168 1080 1.0
3168 201 1.0
3173 3173 2.0
3174 3301 1.0
3174 1595 1.0
3174 261 1.0
3174 3333 1.0
3174 518 1.0
3174 3380 2.0
3174 3379 2.0
3174 3174 3.0
3174 976 3.0
3175 3398 1.0
3175 3175 2.0
3175 1732 2.0
3177 3177 1.0
3178 3178 1.0
3178 2217 1.0
3183 3183 1.0
3183 2622 1.0
3183 1978 1.0
3183 955 1.0
3189 3189 1.0
3189 1602 1.0
3189 596 1.0
3196 3196 1.0
3196 592 1.0
3199 3199 1.0
3199 596 1.0
3201 3201 3.0
3201 2192 3.0
3201 1401 3.0
3208 3405 1.0
3208 3208 1.0
3208 3103 1.0
3208 505 1.0
3209 3210 1.0
3209 3209 1.0
3209 1689 1.0
3210 3210 1.0
3210 3209 1.0
3210 1689 1.0
3216 3217 1.0
3216 1369 1.0
3216 3593 2.0
3216 3466 1.0
3216 3218 2.0
3216 3216 2.0
3216 147 1.0
3217 3593 1.0
3217 3218 1.0
3217 3217 1.0
3217 3216 1.0
3217 1369 1.0
3218 3217 1.0
3218 1369 1.0
3218 3593 2.0
3218 3466 1.0
3218 3218 2.0
3218 3216 2.0
3218 147 1.0
3221 3221 1.0
3221 2496 1.0
3221 2334 1.0
3221 2323 1.0
3221 1245 1.0
3222 3465 1.0
3222 3222 1.0
3222 1938 1.0
3223 3570 1.0
3223 1973 1.0
3223 3224 2.0
3223 3223 3.0
3224 3542 2.0
3224 3224 4.0
3224 3223 2.0
3226 3226 1.0
3226 488 1.0
3228 3228 1.0
3228 1072 1.0
3229 3229 1.0
3230 2702 1.0
3230 2084 1.0
3230 3230 3.0
3230 3167 3.0
3230 2941 1.0
3230 488 3.0
3230 329 1.0
3232 3257 1.0
3232 3232 1.0
3232 439 1.0
3233 3233 1.0
3233 1897 1.0
3234 3234 2.0
3234 2664 1.0
3234 418 1.0
3234 6 1.0
3236 3236 1.0
3237 1791 1.0
3237 3237 2.0
3237 38 1.0
3242 3520 1.0
3242 3611 2.0
3242 3610 2.0
3242 3242 2.0
3242 1093 2.0
3245 3245 1.0
3245 1176 1.0
3246 3246 2.0
3246 2863 1.0
3246 1979 1.0
3247 3483 1.0
3247 3247 1.0
3247 540 1.0
3248 3248 1.0
3248 2419 1.0
3248 727 1.0
3248 195 1.0
3251 3251 1.0
3251 1090 1.0
3252 3320 1.0
3252 3252 1.0
3252 2599 1.0
3252 1244 1.0
3252 321 1.0
3253 3587 1.0
3253 3253 1.0
3253 749 1.0
3256 3256 1.0
3256 2968 1.0
3256 2634 1.0
3257 3232 1.0
3257 3257 2.0
3257 439 2.0
3258 3567 1.0
3258 3258 2.0
3258 1100 2.0
3260 3398 1.0
3260 3260 2.0
3260 1079 2.0
3260 723 1.0
3261 3261 1.0
3261 2273 1.0
3261 1182 1.0
3262 3583 1.0
3262 3506 1.0
3262 3262 2.0
3262 2813 1.0
3264 3264 1.0
3264 193 1.0
3273 3273 1.0
3273 2966 1.0
3273 2794 1.0
3273 434 1.0
3274 3274 2.0
3274 1902 2.0
3274 701 2.0
3277 3277 2.0
3277 2526 1.0
3277 1663 2.0
3278 2756 1.0
3278 1548 1.0
3278 3278 2.0
3279 938 1.0
3279 3280 1.0
3279 3279 2.0
3279 1232 1.0
3280 284 1.0
3280 3280 2.0
3280 3279 1.0
3280 1232 1.0
3281 2793 1.0
3281 3281 2.0
3281 955 2.0
3282 2150 1.0
3282 1727 1.0
3282 23 1.0
3282 3283 1.0
3282 3282 2.0
3282 2978 1.0
3282 2761 1.0
3282 264 1.0
3283 3283 2.0
3283 3282 1.0
3283 2978 2.0
3283 2761 1.0
3283 264 1.0
3284 883 1.0
3284 3284 2.0
3284 2137 1.0
3285 2244 1.0
3285 3285 2.0
3285 2980 1.0
3285 1595 2.0
3286 3287 2.0
3286 3286 2.0
3286 3148 2.0
3287 3364 1.0
3287 3363 1.0
3287 3362 1.0
3287 3087 1.0
3287 3287 3.0
3287 3286 2.0
3287 3148 3.0
3288 3288 3.0
3288 2426 1.0
3288 1297 2.0
3289 3290 2.0
3289 3289 2.0
3289 555 1.0
3290 3290 2.0
3290 3289 2.0
3290 555 1.0
3291 2635 1.0
3291 3291 3.0
3291 1595 2.0
3291 750 2.0
3292 1868 1.0
3292 1603 1.0
3292 909 1.0
3292 3292 3.0
3293 2139 1.0
3293 3293 3.0
3293 237 2.0
3293 223 1.0
3293 23 1.0
3294 518 1.0
3294 3294 2.0
3294 3121 1.0
3294 1491 1.0
3295 1622 1.0
3295 3296 2.0
3295 3295 2.0
3296 1622 1.0
3296 3296 2.0
3296 3295 2.0
3297 3297 2.0
3298 3377 1.0
3298 3376 1.0
3298 3299 1.0
3298 3298 2.0
3298 2679 1.0
3298 1141 2.0
3299 2231 1.0
3299 3299 2.0
3299 3298 1.0
3299 2679 2.0
3299 1141 1.0
3300 2521 1.0
3300 3300 2.0
3300 2743 2.0
3300 995 2.0
3301 3379 1.0
3301 3174 1.0
3301 976 1.0
3301 261 1.0
3301 432 1.0
3301 3301 4.0
3301 2244 1.0
3301 1595 3.0
3302 3302 2.0
3302 1381 2.0
3303 3303 2.0
3304 3304 2.0
3304 2642 2.0
3305 3305 2.0
3305 2641 1.0
3305 1717 1.0
3305 1715 2.0
3306 2262 1.0
3306 3306 2.0
3307 3307 2.0
3307 2380 2.0
3307 50 1.0
3308 765 1.0
3308 3308 3.0
3308 2438 3.0
3309 3560 1.0
3309 15 2.0
3309 3309 4.0
3309 2781 2.0
3310 3311 1.0
3310 3310 2.0
3310 1595 1.0
3310 261 2.0
3311 3311 2.0
3311 3310 1.0
3311 1595 2.0
3311 261 1.0
3312 3312 2.0
3312 2846 2.0
3313 3313 2.0
3313 3074 2.0
3313 3043 2.0
3313 2751 2.0
3313 2037 1.0
3314 2129 1.0
3314 20 1.0
3314 3315 1.0
3314 3314 2.0
3314 1009 1.0
3314 360 2.0
3315 533 2.0
3315 3315 3.0
3315 3314 1.0
3315 1009 1.0
3315 360 1.0
3316 3476 1.0
3316 3316 2.0
3316 293 2.0
3317 3317 2.0
3318 3318 2.0
3318 1687 2.0
3318 98 2.0
3319 3346 1.0
3319 2997 1.0
3319 1532 1.0
3319 3319 3.0
3319 1850 1.0
3320 3530 1.0
3320 2960 1.0
3320 3520 1.0
3320 2965 1.0
3320 1093 1.0
3320 3320 3.0
3320 3252 1.0
3320 2599 1.0
3320 1244 1.0
3320 321 1.0
3321 3015 1.0
3321 3321 2.0
3321 1386 1.0
3322 3323 2.0
3322 3322 2.0
3323 3323 2.0
3323 3322 2.0
3324 3325 1.0
3324 3324 2.0
3325 3581 2.0
3325 3384 1.0
3325 3383 2.0
3325 3325 5.0
3325 3324 1.0
3326 3326 2.0
3326 1009 1.0
3326 360 2.0
3327 55 1.0
3327 3327 2.0
3328 3329 2.0
3328 3328 2.0
3329 3329 2.0
3329 3328 2.0
3330 3332 2.0
3330 3331 2.0
3330 3330 2.0
3330 2030 2.0
3331 3332 2.0
3331 3331 2.0
3331 3330 2.0
3331 2030 2.0
3332 3332 2.0
3332 3331 2.0
3332 3330 2.0
3332 2030 2.0
3333 3380 1.0
3333 3174 1.0
3333 518 1.0
3333 3333 2.0
3333 976 2.0
3334 3337 2.0
3334 3336 2.0
3334 3335 2.0
3334 3334 2.0
3334 3080 2.0
3334 2314 2.0
3335 3337 2.0
3335 3336 2.0
3335 3335 2.0
3335 3334 2.0
3335 3080 2.0
3335 2314 2.0
3336 3337 2.0
3336 3336 2.0
3336 3335 2.0
3336 3334 2.0
3336 3080 2.0
3336 2314 2.0
3337 3337 2.0
3337 3336 2.0
3337 3335 2.0
3337 3334 2.0
3337 3080 2.0
3337 2314 2.0
3338 3339 2.0
3338 3338 2.0
3339 3339 2.0
3339 3338 2.0
3340 1014 1.0
3340 3341 2.0
3340 3340 2.0
3341 1014 1.0
3341 3341 2.0
3341 3340 2.0
3342 3049 1.0
3342 585 2.0
3342 3343 2.0
3342 3342 3.0
3343 585 1.0
3343 3343 2.0
3343 3342 2.0
3344 955 1.0
3344 3344 2.0
3344 1097 2.0
3344 784 1.0
3345 3626 2.0
3345 2721 1.0
3345 1244 1.0
3345 3345 5.0
3345 1614 3.0
3345 49 3.0
3346 2736 1.0
3346 3346 2.0
3346 3319 1.0
3346 2997 2.0
3346 1532 1.0
3347 3347 2.0
3348 3382 1.0
3348 563 1.0
3348 3348 2.0
3348 2175 2.0
3348 1274 1.0
3348 961 1.0
3349 1947 1.0
3349 3349 3.0
3349 2989 1.0
3349 2861 2.0
3349 1028 1.0
3349 764 3.0
3350 3479 1.0
3350 3352 1.0
3350 3351 1.0
3350 3350 2.0
3351 3352 2.0
3351 3351 2.0
3351 3350 1.0
3352 3609 1.0
3352 3352 3.0
3352 3351 2.0
3352 3350 1.0
3353 3354 2.0
3353 3353 2.0
3354 438 1.0
3354 3354 3.0
3354 3353 2.0
3355 3356 3.0
3355 3355 3.0
3356 359 1.0
3356 3356 4.0
3356 3355 3.0
3357 1311 1.0
3357 3358 1.0
3357 3357 2.0
3358 3358 2.0
3358 3357 1.0
3359 98 1.0
3359 3360 2.0
3359 3359 2.0
3359 2478 1.0
3360 98 1.0
3360 3360 2.0
3360 3359 2.0
3360 2478 1.0
3361 2543 1.0
3361 3369 1.0
3361 3361 2.0
3361 2675 2.0
3362 3364 2.0
3362 3363 2.0
3362 3362 2.0
3362 3287 1.0
3362 3148 2.0
3362 3087 1.0
3363 3364 2.0
3363 3363 2.0
3363 3362 2.0
3363 3287 1.0
3363 3148 2.0
3363 3087 1.0
3364 3469 1.0
3364 3417 2.0
3364 2849 2.0
3364 1386 2.0
3364 3364 4.0
3364 3363 2.0
3364 3362 2.0
3364 3287 1.0
3364 3148 2.0
3364 3087 1.0
3365 3366 2.0
3365 3365 2.0
3366 3366 2.0
3366 3365 2.0
3367 3368 1.0
3367 3367 2.0
3368 2903 1.0
3368 2408 1.0
3368 3368 2.0
3368 3367 1.0
3369 3537 1.0
3369 3530 1.0
3369 3374 1.0
3369 1426 1.0
3369 3369 2.0
3369 3361 1.0
3369 2675 1.0
3370 3441 1.0
3370 3370 2.0
3370 161 2.0
3371 3623 1.0
3371 3371 2.0
3371 420 1.0
3371 110 1.0
3372 3373 3.0
3372 3372 3.0
3373 3373 3.0
3373 3372 3.0
3374 3537 1.0
3374 3530 1.0
3374 3369 1.0
3374 1426 1.0
3374 3375 1.0
3374 3374 2.0
3374 728 1.0
3374 510 1.0
3375 3390 1.0
3375 2030 1.0
3375 3375 2.0
3375 3374 1.0
3375 728 1.0
3375 510 1.0
3376 3377 2.0
3376 3376 2.0
3376 3298 1.0
3376 1141 1.0
3377 3377 2.0
3377 3376 2.0
3377 3298 1.0
3377 1141 1.0
3378 3378 2.0
3378 597 2.0
3379 3301 1.0
3379 1595 1.0
3379 261 1.0
3379 3380 1.0
3379 3379 2.0
3379 3174 2.0
3379 976 2.0
3380 3333 1.0
3380 518 1.0
3380 3380 2.0
3380 3379 1.0
3380 3174 2.0
3380 976 2.0
3381 603 1.0
3381 3381 2.0
3381 2203 1.0
3381 966 1.0
3381 688 1.0
3382 3625 1.0
3382 3382 2.0
3382 3348 1.0
3382 2175 1.0
3382 563 1.0
3383 3581 1.0
3383 3384 1.0
3383 3383 2.0
3383 3325 2.0
3384 3384 2.0
3384 3383 1.0
3384 3325 1.0
3385 3473 1.0
3385 3385 2.0
3385 2400 1.0
3386 3386 2.0
3387 2336 1.0
3387 3389 3.0
3387 3388 2.0
3387 3387 3.0
3387 2587 3.0
3387 2586 3.0
3388 3389 2.0
3388 3388 2.0
3388 3387 2.0
3388 2587 2.0
3388 2586 2.0
3389 2336 1.0
3389 3389 3.0
3389 3388 2.0
3389 3387 3.0
3389 2587 3.0
3389 2586 3.0
3390 2850 1.0
3390 2712 1.0
3390 3375 1.0
3390 2030 1.0
3390 3390 4.0
3390 1716 1.0
3390 1320 1.0
3391 3595 1.0
3391 3594 1.0
3391 3062 1.0
3391 2972 1.0
3391 2831 1.0
3391 2819 1.0
3391 660 1.0
3391 3391 2.0
3391 1969 1.0
3391 1344 2.0
3392 3393 1.0
3392 1622 1.0
3392 3392 2.0
3392 1250 2.0
3393 3392 1.0
3393 1622 1.0
3393 1250 2.0
3393 3393 3.0
3394 3394 2.0
3394 1239 1.0
3395 329 1.0
3395 1171 2.0
3395 3396 3.0
3395 3395 3.0
3395 1328 3.0
3396 329 1.0
3396 1171 2.0
3396 3396 3.0
3396 3395 3.0
3396 1328 3.0
3397 2769 1.0
3397 3397 2.0
3398 3260 1.0
3398 1079 1.0
3398 723 1.0
3398 3398 2.0
3398 3175 1.0
3398 1732 1.0
3399 3402 2.0
3399 3401 2.0
3399 3400 2.0
3399 3399 2.0
3400 3402 2.0
3400 3401 2.0
3400 3400 2.0
3400 3399 2.0
3401 3402 2.0
3401 3401 2.0
3401 3400 2.0
3401 3399 2.0
3402 3402 2.0
3402 3401 2.0
3402 3400 2.0
3402 3399 2.0
3403 3403 2.0
3403 266 2.0
3404 238 1.0
3404 3404 2.0
3405 3208 1.0
3405 3103 1.0
3405 505 1.0
3405 3405 2.0
3405 2171 1.0
3405 2170 1.0
3405 1081 1.0
3406 1967 1.0
3406 3406 2.0
3406 2850 2.0
3406 1337 2.0
3406 1336 1.0
3407 3161 1.0
3407 3407 2.0
3407 975 1.0
3408 3546 1.0
3408 3409 1.0
3408 3408 2.0
3408 1317 2.0
3409 3546 1.0
3409 43 1.0
3409 3409 3.0
3409 3408 1.0
3409 1317 3.0
3410 3029 1.0
3410 3410 2.0
3410 2802 2.0
3410 550 2.0
3411 3412 2.0
3411 3411 2.0
3412 283 1.0
3412 3613 1.0
3412 1984 1.0
3412 3412 5.0
3412 3411 2.0
3413 2850 1.0
3413 1310 1.0
3413 3413 2.0
3413 2032 1.0
3413 510 1.0
3414 3453 1.0
3414 2545 1.0
3414 786 1.0
3414 3414 3.0
3414 3029 2.0
3414 2802 2.0
3414 550 2.0
3415 3415 2.0
3416 3419 1.0
3416 563 2.0
3416 3416 3.0
3417 3469 1.0
3417 3417 2.0
3417 3364 2.0
3417 2849 2.0
3417 1386 2.0
3418 3460 1.0
3418 3453 1.0
3418 786 1.0
3418 3418 2.0
3419 3524 1.0
3419 20 1.0
3419 3419 2.0
3419 3416 1.0
3419 563 1.0
3420 727 1.0
3420 3421 2.0
3420 3420 2.0
3421 727 1.0
3421 3421 2.0
3421 3420 2.0
3422 1362 1.0
3422 3422 2.0
3423 3423 2.0
3423 2259 2.0
3423 685 2.0
3424 3424 2.0
3424 2453 2.0
3424 1881 2.0
3425 1499 1.0
3425 3425 3.0
3425 3163 2.0
3425 1936 3.0
3426 3635 1.0
3426 727 1.0
3426 3429 1.0
3426 3428 1.0
3426 3427 2.0
3426 3426 2.0
3426 1705 2.0
3427 3635 1.0
3427 727 1.0
3427 3429 1.0
3427 3428 1.0
3427 3427 2.0
3427 3426 2.0
3427 1705 2.0
3428 3429 1.0
3428 3428 2.0
3428 3427 1.0
3428 3426 1.0
3428 1705 1.0
3429 2702 1.0
3429 69 2.0
3429 3429 3.0
3429 3428 1.0
3429 3427 1.0
3429 3426 1.0
3429 1705 3.0
3430 3430 3.0
3430 2290 1.0
3430 159 1.0
3431 3431 2.0
3431 2332 2.0
3431 2105 1.0
3432 3432 2.0
3432 530 1.0
3433 3459 1.0
3433 3458 1.0
3433 3457 1.0
3433 3456 1.0
3433 2039 1.0
3433 3462 2.0
3433 3433 3.0
3433 2760 1.0
3433 996 1.0
3434 3437 2.0
3434 3436 2.0
3434 3435 2.0
3434 3434 2.0
3434 2639 2.0
3435 3437 2.0
3435 3436 2.0
3435 3435 2.0
3435 3434 2.0
3435 2639 2.0
3436 3437 2.0
3436 3436 2.0
3436 3435 2.0
3436 3434 2.0
3436 2639 2.0
3437 3437 2.0
3437 3436 2.0
3437 3435 2.0
3437 3434 2.0
3437 2639 2.0
3438 3440 1.0
3438 3439 1.0
3438 3438 2.0
3438 2308 2.0
3438 70 2.0
3439 3440 2.0
3439 3439 2.0
3439 3438 1.0
3439 2308 2.0
3439 70 2.0
3440 3440 2.0
3440 3439 2.0
3440 3438 1.0
3440 2308 2.0
3440 70 2.0
3441 3370 1.0
3441 161 1.0
3441 3442 1.0
3441 3441 2.0
3441 2524 1.0
3441 1743 1.0
3442 3442 2.0
3442 3441 1.0
3442 2524 1.0
3442 1743 1.0
3443 3444 2.0
3443 3443 2.0
3444 3444 2.0
3444 3443 2.0
3445 1311 1.0
3445 3080 1.0
3445 3076 1.0
3445 3461 1.0
3445 2546 1.0
3445 1664 1.0
3445 3460 1.0
3445 3446 2.0
3445 3445 5.0
3445 2711 1.0
3445 2710 2.0
3445 2545 3.0
3445 2310 2.0
3445 786 5.0
3446 1311 1.0
3446 3446 2.0
3446 3445 2.0
3446 2711 1.0
3446 2710 2.0
3446 2545 2.0
3446 2310 1.0
3446 786 2.0
3447 3447 2.0
3447 2317 2.0
3448 3451 2.0
3448 3450 2.0
3448 3449 2.0
3448 3448 2.0
3449 3451 2.0
3449 3450 2.0
3449 3449 2.0
3449 3448 2.0
3450 3451 2.0
3450 3450 2.0
3450 3449 2.0
3450 3448 2.0
3451 3451 2.0
3451 3450 2.0
3451 3449 2.0
3451 3448 2.0
3452 3452 2.0
3452 2919 2.0
3453 3460 1.0
3453 3418 1.0
3453 2850 2.0
3453 2561 1.0
3453 3453 4.0
3453 3414 1.0
3453 2545 3.0
3453 786 3.0
3454 3137 1.0
3454 3455 1.0
3454 3454 2.0
3454 86 2.0
3455 3455 3.0
3455 3454 1.0
3455 86 3.0
3456 3462 1.0
3456 3433 1.0
3456 3459 2.0
3456 3458 2.0
3456 3457 2.0
3456 3456 2.0
3456 2039 2.0
3457 3462 1.0
3457 3433 1.0
3457 3459 2.0
3457 3458 2.0
3457 3457 2.0
3457 3456 2.0
3457 2039 2.0
3458 3462 1.0
3458 3433 1.0
3458 3459 2.0
3458 3458 2.0
3458 3457 2.0
3458 3456 2.0
3458 2039 2.0
3459 3462 1.0
3459 3433 1.0
3459 3459 2.0
3459 3458 2.0
3459 3457 2.0
3459 3456 2.0
3459 2039 2.0
3460 3453 1.0
3460 3418 1.0
3460 3460 2.0
3460 3445 1.0
3460 786 2.0
3461 3461 2.0
3461 3445 1.0
3461 2546 1.0
3461 2310 2.0
3461 1664 1.0
3461 786 1.0
3462 3459 1.0
3462 3458 1.0
3462 3457 1.0
3462 3456 1.0
3462 2039 1.0
3462 3462 2.0
3462 3433 2.0
3463 3463 2.0
3463 1938 2.0
3464 3464 2.0
3464 3092 1.0
3464 1686 1.0
3464 491 2.0
3465 3222 1.0
3465 3465 2.0
3465 1938 2.0
3466 3593 1.0
3466 3218 1.0
3466 3216 1.0
3466 3466 2.0
3466 147 2.0
3467 2710 1.0
3467 3468 1.0
3467 3467 2.0
3467 1970 1.0
3467 1321 1.0
3467 1320 2.0
3468 1952 1.0
3468 246 1.0
3468 3468 2.0
3468 3467 1.0
3468 1970 1.0
3468 1321 1.0
3468 1320 1.0
3469 110 1.0
3469 74 1.0
3469 3469 2.0
3469 3417 1.0
3469 3364 1.0
3469 2849 1.0
3469 1386 1.0
3470 3470 2.0
3470 1741 2.0
3471 1338 1.0
3471 3471 2.0
3471 3116 1.0
3471 1937 1.0
3471 1936 1.0
3471 505 2.0
3471 82 2.0
3472 3472 3.0
3472 1418 3.0
3473 3385 1.0
3473 2828 1.0
3473 2290 1.0
3473 159 1.0
3473 3473 3.0
3473 2395 2.0
3473 488 1.0
3474 3475 1.0
3474 3474 2.0
3474 1699 1.0
3474 1668 1.0
3474 797 1.0
3475 3475 2.0
3475 3474 1.0
3475 1699 1.0
3475 1668 1.0
3475 797 1.0
3476 2241 1.0
3476 2018 1.0
3476 3476 2.0
3476 3316 1.0
3476 293 1.0
3477 3478 1.0
3477 3477 2.0
3478 3604 1.0
3478 3478 2.0
3478 3477 1.0
3479 3350 1.0
3479 1974 1.0
3479 3480 2.0
3479 3479 3.0
3480 3563 1.0
3480 1401 1.0
3480 3627 2.0
3480 1974 1.0
3480 3480 4.0
3480 3479 2.0
3481 750 1.0
3481 3481 2.0
3481 1378 1.0
3482 1968 1.0
3482 3482 2.0
3482 2361 1.0
3483 3483 2.0
3483 3247 1.0
3483 540 2.0
3484 3540 1.0
3484 2003 1.0
3484 369 1.0
3484 2592 1.0
3484 3484 3.0
3484 49 1.0
3485 3485 2.0
3486 3486 2.0
3486 1673 2.0
3487 3487 2.0
3487 98 2.0
3488 3489 1.0
3488 2590 1.0
3488 1806 1.0
3488 3488 2.0
3488 1973 1.0
3489 543 1.0
3489 3489 2.0
3489 3488 1.0
3489 2590 1.0
3489 1806 1.0
3490 1079 1.0
3490 3492 2.0
3490 3491 2.0
3490 3490 3.0
3491 3492 2.0
3491 3491 3.0
3491 3490 2.0
3492 3492 2.0
3492 3491 2.0
3492 3490 2.0
3493 3493 2.0
3493 2590 2.0
3493 2419 2.0
3494 3602 1.0
3494 3494 2.0
3494 2590 1.0
3495 2905 1.0
3495 3495 2.0
3495 1444 2.0
3496 3584 1.0
3496 3496 2.0
3497 2241 1.0
3497 3497 2.0
3497 754 2.0
3497 753 1.0
3498 3531 2.0
3498 3498 3.0
3498 414 3.0
3499 3554 1.0
3499 3503 2.0
3499 3502 1.0
3499 3501 2.0
3499 3500 1.0
3499 3499 2.0
3499 1872 1.0
3499 433 2.0
3500 2019 1.0
3500 1090 1.0
3500 3503 1.0
3500 3502 1.0
3500 3501 1.0
3500 3500 2.0
3500 3499 1.0
3500 1872 1.0
3500 433 1.0
3501 3554 1.0
3501 3503 2.0
3501 3502 1.0
3501 3501 2.0
3501 3500 1.0
3501 3499 2.0
3501 1872 1.0
3501 433 2.0
3502 3503 1.0
3502 3502 2.0
3502 3501 1.0
3502 3500 1.0
3502 3499 1.0
3502 1872 1.0
3502 433 2.0
3503 3554 1.0
3503 3503 2.0
3503 3502 1.0
3503 3501 2.0
3503 3500 1.0
3503 3499 2.0
3503 1872 1.0
3503 433 2.0
3504 3597 1.0
3504 3552 1.0
3504 3539 1.0
3504 3504 4.0
3504 2955 2.0
3504 1699 3.0
3504 1378 4.0
3505 3621 1.0
3505 3505 2.0
3505 110 1.0
3506 3583 1.0
3506 3262 1.0
3506 2813 1.0
3506 3506 3.0
3506 1424 1.0
3507 3548 1.0
3507 3547 1.0
3507 2868 1.0
3507 1679 1.0
3507 3545 1.0
3507 2885 1.0
3507 3507 3.0
3507 2351 1.0
3507 1693 1.0
3508 749 1.0
3508 3508 4.0
3508 110 3.0
3508 74 3.0
3509 3609 1.0
3509 1401 1.0
3509 336 1.0
3509 3509 2.0
3509 1959 2.0
3510 3510 4.0
3510 1959 3.0
3510 336 4.0
3511 49 1.0
3511 3511 2.0
3511 2208 1.0
3512 3512 2.0
3512 1401 2.0
3512 336 2.0
3513 2352 1.0
3513 3513 2.0
3513 395 1.0
3514 3545 1.0
3514 2885 1.0
3514 3514 2.0
3514 438 2.0
3515 2893 1.0
3515 2892 1.0
3515 3515 2.0
3515 3006 1.0
3516 3516 4.0
3517 3517 2.0
3517 23 2.0
3518 3518 2.0
3518 620 2.0
3518 49 2.0
3519 760 1.0
3519 3519 2.0
3519 2726 1.0
3520 3611 1.0
3520 3610 1.0
3520 3242 1.0
3520 3520 2.0
3520 3320 1.0
3520 2965 1.0
3520 1093 2.0
3521 1918 1.0
3521 1387 1.0
3521 3521 2.0
3521 3059 2.0
3522 3522 2.0
3522 2966 2.0
3523 3566 1.0
3523 3523 2.0
3523 2595 2.0
3524 3419 1.0
3524 3524 2.0
3524 20 2.0
3525 3117 1.0
3525 3059 1.0
3525 3525 2.0
3525 3163 1.0
3525 2176 1.0
3526 3526 2.0
3526 387 2.0
3527 3527 2.0
3527 2968 2.0
3528 2724 1.0
3528 3528 2.0
3528 2664 1.0
3528 6 2.0
3529 2405 1.0
3529 3529 3.0
3529 195 3.0
3530 3537 1.0
3530 3374 1.0
3530 3369 1.0
3530 1426 1.0
3530 3530 2.0
3530 3320 1.0
3530 2960 1.0
3531 3531 2.0
3531 3498 2.0
3531 414 2.0
3532 3532 2.0
3532 754 2.0
3533 3533 2.0
3533 1985 2.0
3533 1701 1.0
3533 1444 1.0
3533 60 2.0
3534 2363 1.0
3534 2260 1.0
3534 2099 1.0
3534 3535 1.0
3534 3534 2.0
3535 3535 2.0
3535 3534 1.0
3536 3536 2.0
3536 3120 2.0
3536 160 1.0
3536 159 1.0
3537 3530 1.0
3537 3374 1.0
3537 3369 1.0
3537 1426 1.0
3537 3537 2.0
3537 1838 1.0
3537 1836 1.0
3538 3539 1.0
3538 3538 2.0
3538 2896 2.0
3538 1181 2.0
3539 3504 1.0
3539 1378 1.0
3539 3552 2.0
3539 2717 1.0
3539 1699 2.0
3539 3539 3.0
3539 3538 1.0
3539 2896 1.0
3539 1181 1.0
3540 3484 1.0
3540 369 1.0
3540 3540 2.0
3540 2003 2.0
3541 2842 1.0
3541 3541 2.0
3541 2843 1.0
3542 3542 2.0
3542 3224 2.0
3543 3543 2.0
3543 569 2.0
3543 108 1.0
3544 3544 2.0
3544 1278 2.0
3545 3514 1.0
3545 438 1.0
3545 3545 2.0
3545 3507 1.0
3545 2885 2.0
3546 3409 1.0
3546 3546 2.0
3546 3408 1.0
3546 1317 2.0
3547 2877 1.0
3547 1738 1.0
3547 103 1.0
3547 3548 1.0
3547 3547 3.0
3547 3507 1.0
3547 2868 1.0
3547 1679 2.0
3548 3548 2.0
3548 3547 1.0
3548 3507 1.0
3548 2868 1.0
3548 1679 1.0
3549 3549 2.0
3549 2273 2.0
3550 3551 1.0
3550 3550 2.0
3551 3616 1.0
3551 3615 1.0
3551 98 1.0
3551 3551 2.0
3551 3550 1.0
3552 3504 1.0
3552 1378 1.0
3552 3552 2.0
3552 3539 2.0
3552 2717 1.0
3552 1699 2.0
3553 3554 1.0
3553 3553 2.0
3553 2604 2.0
3553 2355 1.0
3553 1790 1.0
3553 433 2.0
3554 3503 1.0
3554 3501 1.0
3554 3499 1.0
3554 3554 2.0
3554 3553 1.0
3554 2604 1.0
3554 2355 1.0
3554 1790 1.0
3554 433 2.0
3555 3555 2.0
3555 1688 2.0
3556 1089 1.0
3556 10 1.0
3556 3557 2.0
3556 3556 2.0
3556 724 1.0
3557 1089 1.0
3557 10 1.0
3557 3557 2.0
3557 3556 2.0
3557 724 1.0
3558 3596 1.0
3558 2748 1.0
3558 455 1.0
3558 3558 2.0
3558 2220 1.0
3559 2839 1.0
3559 2838 1.0
3559 765 1.0
3559 3559 2.0
3559 96 2.0
3560 3309 1.0
3560 15 1.0
3560 3560 2.0
3560 2897 1.0
3561 3562 2.0
3561 3561 2.0
3561 540 1.0
3561 213 2.0
3562 3562 2.0
3562 3561 2.0
3562 540 1.0
3562 213 2.0
3563 3627 1.0
3563 3480 1.0
3563 3563 2.0
3563 1401 2.0
3564 3564 2.0
3565 3565 2.0
3565 486 2.0
3566 3523 1.0
3566 2595 1.0
3566 3566 2.0
3566 488 1.0
3566 329 1.0
3567 1696 1.0
3567 3567 2.0
3567 3258 1.0
3567 1100 1.0
3568 3604 1.0
3568 3597 1.0
3568 3568 2.0
3568 1424 1.0
3568 1402 1.0
3569 550 1.0
3569 3569 2.0
3569 2168 2.0
3569 1508 1.0
3570 3223 1.0
3570 1964 1.0
3570 3570 3.0
3570 1973 3.0
3570 336 1.0
3571 2967 1.0
3571 2889 1.0
3571 3571 2.0
3571 1742 2.0
3572 3614 1.0
3572 202 1.0
3572 3574 1.0
3572 3573 1.0
3572 3572 2.0
3572 3037 1.0
3573 3574 2.0
3573 3573 3.0
3573 3572 1.0
3573 3037 1.0
3574 3574 2.0
3574 3573 2.0
3574 3572 1.0
3574 3037 1.0
3575 3575 2.0
3575 1623 1.0
3575 49 1.0
3576 3576 3.0
3577 2433 1.0
3577 3577 2.0
3577 2397 1.0
3577 2011 1.0
3577 845 1.0
3578 2537 1.0
3578 3578 2.0
3579 2191 1.0
3579 3579 2.0
3579 1998 2.0
3579 307 1.0
3580 1210 1.0
3580 3580 2.0
3580 491 1.0
3581 3581 2.0
3581 3383 1.0
3581 3325 2.0
3582 2973 1.0
3582 3582 2.0
3583 3506 1.0
3583 3262 1.0
3583 2813 1.0
3583 3583 2.0
3584 3496 1.0
3584 3585 1.0
3584 3584 2.0
3585 1675 1.0
3585 3585 2.0
3585 3584 1.0
3586 3586 2.0
3586 2852 2.0
3587 3253 1.0
3587 749 1.0
3587 3587 2.0
3587 1877 1.0
3587 434 1.0
3588 3589 1.0
3588 3588 2.0
3588 1743 2.0
3589 3601 1.0
3589 3589 2.0
3589 3588 1.0
3589 1743 2.0
3590 3590 2.0
3590 2813 2.0
3590 1950 2.0
3591 3625 1.0
3591 3591 3.0
3592 3601 1.0
3592 1743 1.0
3592 3592 2.0
3593 3217 1.0
3593 1369 1.0
3593 3593 2.0
3593 3466 1.0
3593 3218 2.0
3593 3216 2.0
3593 147 1.0
3594 3391 1.0
3594 3062 1.0
3594 2972 1.0
3594 2831 1.0
3594 1344 1.0
3594 3595 2.0
3594 3594 2.0
3594 2819 2.0
3594 2325 1.0
3594 660 2.0
3595 3391 1.0
3595 3062 1.0
3595 2972 1.0
3595 2831 1.0
3595 1344 1.0
3595 3595 2.0
3595 3594 2.0
3595 2819 2.0
3595 2325 1.0
3595 660 2.0
3596 3558 1.0
3596 3596 2.0
3596 2748 2.0
3596 1475 1.0
3596 455 2.0
3597 3504 1.0
3597 1378 1.0
3597 3604 1.0
3597 3568 1.0
3597 3597 4.0
3598 1910 1.0
3598 1906 1.0
3598 3598 2.0
3599 3600 2.0
3599 3599 2.0
3600 3600 2.0
3600 3599 2.0
3601 3589 1.0
3601 3601 2.0
3601 3592 1.0
3601 1743 2.0
3602 1802 1.0
3602 3494 1.0
3602 3602 4.0
3602 1973 1.0
3603 2840 1.0
3603 3603 2.0
3604 3478 1.0
3604 3604 2.0
3604 3597 1.0
3604 3568 1.0
3605 3605 2.0
3605 747 2.0
3606 3606 2.0
3607 3608 2.0
3607 3607 3.0
3607 1802 3.0
3608 3608 2.0
3608 3607 2.0
3608 1802 2.0
3609 3509 1.0
3609 1959 1.0
3609 1401 1.0
3609 336 1.0
3609 3609 2.0
3609 3352 1.0
3610 3520 1.0
3610 3611 2.0
3610 3610 2.0
3610 3242 2.0
3610 1093 2.0
3611 3520 1.0
3611 3611 2.0
3611 3610 2.0
3611 3242 2.0
3611 1093 2.0
3612 3612 2.0
3613 2859 1.0
3613 3613 2.0
3613 3412 1.0
3613 1984 1.0
3614 3572 1.0
3614 202 1.0
3614 3614 2.0
3615 3616 2.0
3615 3615 2.0
3615 3551 1.0
3615 98 2.0
3616 3616 3.0
3616 3615 2.0
3616 3551 1.0
3616 98 3.0
3617 3617 2.0
3617 2212 2.0
3617 1586 1.0
3618 2898 1.0
3618 3618 2.0
3618 2220 2.0
3619 110 1.0
3619 3619 2.0
3619 2955 1.0
3619 2866 1.0
3619 1699 1.0
3619 161 1.0
3620 3620 2.0
3620 811 2.0
3621 3505 1.0
3621 3621 2.0
3621 2345 1.0
3622 3638 1.0
3622 3622 2.0
3622 1688 2.0
3622 373 1.0
3623 3371 1.0
3623 25 1.0
3623 3623 3.0
3623 2793 1.0
3623 2792 1.0
3623 627 1.0
3624 3624 2.0
3624 2105 2.0
3624 2040 1.0
3625 3382 1.0
3625 3625 2.0
3625 3591 1.0
3626 2361 1.0
3626 3626 3.0
3626 3345 2.0
3626 1614 1.0
3626 49 1.0
3627 3563 1.0
3627 1401 1.0
3627 3627 2.0
3627 3480 2.0
3628 2728 1.0
3628 1401 1.0
3628 336 1.0
3628 3628 3.0
3628 490 1.0
3629 1717 1.0
3629 1715 1.0
3629 3629 2.0
3629 1764 1.0
3629 369 2.0
3630 3630 2.0
3630 2105 2.0
3631 3632 2.0
3631 3631 2.0
3632 3632 2.0
3632 3631 2.0
3633 3633 2.0
3633 193 2.0
3634 2908 1.0
3634 747 1.0
3634 3634 2.0
3635 3427 1.0
3635 3426 1.0
3635 1705 1.0
3635 727 1.0
3635 3635 2.0
3636 3636 2.0
3636 2727 1.0
3636 165 1.0
3637 2062 1.0
3637 3637 2.0
3637 1707 2.0
3638 3622 1.0
3638 1688 1.0
3638 3638 2.0
3639 2919 1.0
3639 3639 3.0
3639 1959 1.0
3639 1401 3.0
3639 336 3.0
3640 3640 2.0
