327 2411
3 1103 1.0
4 5 1.0
4 51 1.0
4 189 1.0
4 191 1.0
4 251 1.0
4 266 2.0
4 324 1.0
4 341 1.0
4 395 1.0
4 415 1.0
4 430 1.0
4 834 1.0
4 953 1.0
4 956 1.0
4 963 1.0
6 3 1.0
6 52 1.0
6 54 1.0
6 93 1.0
6 94 1.0
6 140 1.0
6 189 1.0
8 30 1.0
8 57 1.0
8 89 1.0
8 100 1.0
8 160 1.0
8 169 1.0
8 264 1.0
8 380 1.0
8 406 2.0
8 422 1.0
8 505 1.0
10 3 1.0
10 20 1.0
10 161 4.0
10 162 1.0
10 232 1.0
10 251 1.0
10 392 1.0
10 485 1.0
10 547 1.0
10 570 1.0
10 658 1.0
10 941 1.0
10 949 1.0
10 1148 2.0
10 1203 1.0
10 1240 1.0
12 142 1.0
12 145 1.0
12 146 1.0
12 167 1.0
12 218 1.0
12 237 1.0
12 517 1.0
14 20 1.0
14 161 4.0
14 251 1.0
14 392 1.0
14 485 1.0
14 547 1.0
14 570 1.0
14 658 1.0
14 941 1.0
14 1148 2.0
14 1203 1.0
14 1240 1.0
15 3 1.0
15 161 2.0
15 162 1.0
15 169 1.0
15 171 1.0
15 1045 1.0
16 137 1.0
16 161 1.0
16 274 1.0
16 534 1.0
16 1193 1.0
17 3 1.0
17 68 1.0
17 91 1.0
17 115 1.0
17 370 1.0
17 861 2.0
19 3 1.0
19 5 1.0
19 46 1.0
19 82 1.0
19 93 1.0
19 104 1.0
19 114 1.0
19 177 1.0
19 189 1.0
19 264 1.0
19 274 1.0
19 330 1.0
19 496 1.0
19 541 1.0
19 645 1.0
19 875 1.0
20 57 1.0
20 73 2.0
20 164 2.0
20 171 2.0
20 217 1.0
20 235 1.0
20 543 1.0
20 1162 1.0
23 27 1.0
23 29 1.0
23 30 1.0
23 60 1.0
23 82 1.0
23 90 1.0
23 100 1.0
23 188 1.0
23 190 1.0
23 210 2.0
23 211 1.0
23 218 1.0
23 235 1.0
23 285 1.0
23 287 1.0
23 299 1.0
23 383 1.0
23 415 1.0
23 470 1.0
23 482 1.0
23 498 1.0
23 521 1.0
23 559 1.0
23 625 1.0
23 658 1.0
23 679 1.0
23 738 1.0
23 1060 1.0
23 1061 1.0
23 1192 1.0
23 1266 1.0
26 3 2.0
26 15 1.0
26 20 1.0
26 40 1.0
26 47 1.0
26 57 1.0
26 60 1.0
26 73 1.0
26 82 2.0
26 98 1.0
26 111 1.0
26 114 1.0
26 137 1.0
26 162 1.0
26 196 1.0
26 236 1.0
26 251 1.0
26 260 2.0
26 285 1.0
26 313 1.0
26 376 1.0
26 380 2.0
26 433 1.0
26 472 1.0
26 569 1.0
26 571 1.0
26 714 1.0
26 882 1.0
26 981 1.0
26 1234 1.0
28 57 1.0
28 65 1.0
28 858 1.0
28 1045 1.0
28 1105 1.0
31 3 1.0
31 47 1.0
31 156 1.0
31 665 1.0
31 914 1.0
32 3 1.0
32 47 1.0
32 156 1.0
32 665 1.0
32 914 1.0
34 3 2.0
34 48 1.0
34 52 2.0
34 54 3.0
34 78 1.0
34 138 1.0
34 143 1.0
34 163 1.0
34 164 1.0
34 171 1.0
34 189 1.0
34 191 1.0
34 277 1.0
34 1053 1.0
36 6 1.0
36 77 1.0
36 647 1.0
36 686 1.0
36 991 1.0
37 3 1.0
37 8 1.0
37 23 1.0
37 57 1.0
37 60 2.0
37 77 1.0
37 80 1.0
37 95 1.0
37 146 1.0
37 159 1.0
37 213 2.0
37 218 1.0
37 221 1.0
37 329 1.0
37 549 1.0
37 610 1.0
37 634 1.0
37 946 1.0
38 161 1.0
38 570 1.0
38 941 1.0
39 3 1.0
39 24 1.0
39 64 1.0
39 71 1.0
39 821 1.0
39 1083 1.0
41 64 1.0
41 241 1.0
41 342 1.0
41 444 1.0
41 1008 1.0
41 1030 1.0
42 64 1.0
42 241 1.0
42 342 1.0
42 444 1.0
42 1008 1.0
42 1030 1.0
44 52 1.0
44 71 1.0
44 82 1.0
44 260 1.0
44 377 1.0
44 640 1.0
44 805 1.0
45 3 2.0
45 48 1.0
45 51 1.0
45 54 2.0
45 108 1.0
45 122 1.0
45 125 1.0
45 188 1.0
45 191 1.0
45 221 1.0
45 226 1.0
45 232 1.0
45 246 1.0
45 253 1.0
45 287 1.0
45 347 1.0
45 395 1.0
45 415 2.0
45 546 1.0
45 640 1.0
45 714 1.0
45 838 1.0
45 858 1.0
45 940 1.0
45 951 1.0
45 1026 1.0
45 1072 1.0
45 1138 1.0
49 3 1.0
49 142 1.0
49 198 1.0
49 218 1.0
49 252 1.0
49 299 1.0
49 605 1.0
49 619 1.0
49 773 1.0
49 835 1.0
49 1235 1.0
50 3 1.0
50 8 1.0
50 23 1.0
50 54 1.0
50 57 1.0
50 64 1.0
50 77 1.0
50 146 1.0
50 213 1.0
50 218 1.0
50 221 1.0
50 329 1.0
50 549 1.0
50 634 1.0
50 830 1.0
52 25 1.0
52 58 1.0
52 69 1.0
52 114 1.0
52 147 1.0
52 164 1.0
52 169 1.0
52 212 1.0
52 247 1.0
52 360 1.0
52 922 1.0
52 1162 1.0
53 159 1.0
53 177 1.0
53 1222 1.0
54 3 1.0
54 5 1.0
54 28 1.0
54 47 1.0
54 77 1.0
54 124 1.0
54 174 1.0
54 181 1.0
54 190 1.0
54 258 1.0
54 298 2.0
54 395 1.0
54 486 1.0
54 505 1.0
54 560 1.0
54 795 1.0
54 930 1.0
54 1191 1.0
55 110 1.0
55 111 1.0
55 114 1.0
55 213 1.0
55 1070 1.0
55 1164 1.0
57 5 1.0
57 6 1.0
57 19 1.0
57 22 1.0
57 105 1.0
57 111 1.0
57 130 1.0
57 134 1.0
57 137 1.0
57 171 1.0
57 183 1.0
57 252 1.0
57 254 1.0
57 260 1.0
57 330 1.0
57 347 1.0
57 497 1.0
58 3 1.0
58 10 1.0
58 12 1.0
58 52 1.0
58 54 1.0
58 57 1.0
58 64 1.0
58 71 1.0
58 111 2.0
58 123 1.0
58 169 1.0
58 221 1.0
58 251 1.0
58 254 1.0
58 378 1.0
58 479 1.0
58 748 1.0
58 773 1.0
58 828 1.0
58 1298 1.0
59 3 3.0
59 52 1.0
59 60 1.0
59 78 2.0
59 198 1.0
59 213 1.0
59 215 1.0
59 220 1.0
59 237 1.0
59 277 1.0
59 280 1.0
59 476 1.0
59 738 1.0
59 1011 1.0
60 20 1.0
60 94 1.0
60 105 1.0
60 115 1.0
60 161 2.0
60 162 1.0
60 189 1.0
60 217 1.0
60 226 1.0
60 235 1.0
60 298 1.0
60 496 1.0
60 591 1.0
60 649 1.0
60 875 1.0
60 940 1.0
60 1198 1.0
61 3 1.0
61 40 1.0
61 77 1.0
61 135 1.0
61 330 1.0
62 3 3.0
62 5 1.0
62 8 1.0
62 37 1.0
62 40 1.0
62 64 2.0
62 71 1.0
62 74 1.0
62 77 2.0
62 79 1.0
62 82 1.0
62 114 3.0
62 135 1.0
62 171 1.0
62 181 2.0
62 210 1.0
62 213 1.0
62 251 1.0
62 265 2.0
62 306 1.0
62 330 1.0
62 355 1.0
62 379 1.0
62 419 1.0
62 442 1.0
62 497 1.0
62 550 2.0
62 656 1.0
62 695 1.0
62 806 1.0
62 1022 1.0
64 57 1.0
64 58 1.0
64 152 1.0
65 3 1.0
65 22 1.0
65 60 1.0
65 82 1.0
65 186 1.0
65 251 2.0
65 304 1.0
65 640 1.0
65 855 1.0
65 968 1.0
66 20 1.0
66 85 1.0
66 166 1.0
66 251 1.0
66 279 1.0
66 518 1.0
67 417 1.0
67 567 1.0
68 5 1.0
68 32 1.0
68 60 1.0
68 134 1.0
68 135 1.0
68 159 1.0
68 161 1.0
68 296 1.0
68 329 1.0
68 599 1.0
68 944 1.0
69 82 2.0
69 88 1.0
69 232 1.0
69 241 1.0
69 248 1.0
69 251 1.0
69 260 1.0
69 377 1.0
69 378 1.0
69 396 2.0
69 406 1.0
69 408 1.0
69 415 1.0
69 426 1.0
69 842 2.0
69 995 1.0
69 1101 1.0
70 32 1.0
70 82 2.0
70 88 1.0
70 111 1.0
70 130 1.0
70 145 1.0
70 196 1.0
70 203 1.0
70 257 3.0
70 260 1.0
70 301 1.0
70 340 1.0
70 396 1.0
70 406 1.0
70 408 1.0
70 415 1.0
70 489 1.0
70 491 1.0
70 514 2.0
70 524 1.0
70 842 1.0
70 919 1.0
70 920 1.0
70 1160 1.0
70 1171 1.0
72 5 2.0
72 12 1.0
72 82 2.0
72 108 1.0
72 114 1.0
72 135 1.0
72 137 2.0
72 151 1.0
72 152 1.0
72 311 1.0
72 313 1.0
72 329 2.0
72 418 1.0
72 428 1.0
72 494 2.0
72 823 2.0
72 1124 1.0
73 5 2.0
73 82 3.0
73 90 1.0
73 114 2.0
73 135 1.0
73 137 2.0
73 311 1.0
73 329 2.0
73 418 1.0
73 494 2.0
73 823 3.0
74 2 1.0
74 4 1.0
74 20 1.0
74 57 1.0
74 82 1.0
74 89 1.0
74 95 1.0
74 98 1.0
74 110 1.0
74 111 1.0
74 112 1.0
74 162 1.0
74 168 1.0
74 196 1.0
74 202 1.0
74 211 1.0
74 217 1.0
74 232 1.0
74 235 1.0
74 251 3.0
74 257 1.0
74 260 2.0
74 282 1.0
74 329 1.0
74 433 1.0
74 466 1.0
74 476 1.0
74 640 1.0
74 688 1.0
74 755 1.0
74 823 1.0
74 850 1.0
74 907 1.0
74 913 1.0
74 958 1.0
75 30 1.0
75 71 1.0
75 74 2.0
75 89 1.0
75 90 1.0
75 162 2.0
75 164 1.0
75 217 2.0
75 218 1.0
75 235 2.0
75 236 1.0
75 238 2.0
75 239 2.0
75 254 1.0
75 308 1.0
75 377 1.0
75 409 1.0
75 807 1.0
76 110 1.0
76 111 1.0
76 114 1.0
76 213 1.0
76 1070 1.0
76 1164 1.0
77 32 1.0
77 162 1.0
77 217 1.0
77 235 1.0
77 1151 1.0
78 90 1.0
78 164 1.0
78 198 1.0
78 1282 1.0
80 10 1.0
80 82 1.0
80 100 1.0
80 181 1.0
80 199 1.0
80 1260 1.0
82 12 1.0
82 48 1.0
82 52 1.0
82 67 1.0
82 71 1.0
82 74 1.0
82 77 1.0
82 82 1.0
82 89 2.0
82 100 2.0
82 190 1.0
82 211 1.0
82 218 1.0
82 257 1.0
82 260 3.0
82 377 1.0
82 464 1.0
82 466 1.0
82 512 1.0
82 640 1.0
82 805 1.0
82 862 1.0
82 909 1.0
83 12 1.0
83 48 1.0
83 52 1.0
83 67 1.0
83 71 1.0
83 74 1.0
83 77 1.0
83 82 1.0
83 89 1.0
83 100 1.0
83 211 1.0
83 218 1.0
83 257 1.0
83 260 2.0
83 377 1.0
83 464 1.0
83 466 1.0
83 640 1.0
83 805 1.0
83 862 1.0
83 909 1.0
84 105 1.0
84 113 1.0
84 188 1.0
84 211 2.0
84 232 1.0
84 313 1.0
84 340 1.0
84 466 1.0
84 1159 1.0
86 91 1.0
86 105 1.0
86 111 1.0
86 113 1.0
86 168 1.0
86 178 1.0
86 188 1.0
86 196 1.0
86 211 3.0
86 232 1.0
86 301 1.0
86 313 1.0
86 340 2.0
86 466 2.0
86 489 1.0
86 899 1.0
86 1159 1.0
86 1160 1.0
88 6 1.0
88 159 1.0
88 164 1.0
88 346 1.0
88 352 1.0
90 5 1.0
90 10 1.0
90 12 1.0
90 57 1.0
90 69 1.0
90 82 1.0
90 209 1.0
90 378 1.0
90 748 1.0
90 828 1.0
90 1281 1.0
90 1298 1.0
91 130 1.0
91 203 1.0
91 257 3.0
91 260 1.0
91 514 2.0
91 920 1.0
91 1171 1.0
92 130 1.0
92 203 1.0
92 257 3.0
92 260 1.0
92 514 2.0
92 920 1.0
92 1171 1.0
95 83 1.0
95 175 1.0
95 360 1.0
95 380 1.0
95 584 1.0
95 679 1.0
95 682 1.0
95 685 1.0
95 1228 1.0
95 1251 1.0
96 12 1.0
96 13 1.0
96 32 1.0
96 58 1.0
96 77 1.0
96 198 1.0
96 236 1.0
96 320 1.0
96 959 1.0
96 1019 1.0
96 1020 1.0
98 6 1.0
98 57 1.0
98 63 1.0
98 82 1.0
98 89 1.0
98 170 1.0
98 189 1.0
98 190 1.0
98 238 1.0
98 239 1.0
98 266 1.0
98 295 1.0
98 360 1.0
98 377 1.0
98 378 1.0
98 382 1.0
98 471 1.0
98 472 1.0
98 1196 1.0
98 1197 1.0
98 1211 1.0
98 1244 1.0
99 105 1.0
99 162 1.0
99 217 1.0
99 235 1.0
99 298 1.0
99 591 1.0
99 1198 1.0
100 20 1.0
100 71 1.0
100 74 1.0
100 161 1.0
100 875 1.0
101 70 1.0
101 93 1.0
101 149 1.0
101 196 1.0
101 252 1.0
101 264 1.0
101 266 1.0
101 274 1.0
101 280 1.0
101 410 1.0
101 412 1.0
101 431 1.0
101 452 1.0
101 516 2.0
101 544 1.0
101 682 1.0
101 706 1.0
101 716 1.0
101 920 1.0
101 1199 1.0
102 3 2.0
102 24 1.0
102 30 1.0
102 85 1.0
102 162 1.0
102 195 2.0
102 217 1.0
102 223 1.0
102 235 1.0
102 317 1.0
102 319 1.0
102 602 1.0
102 604 1.0
102 677 1.0
102 1046 1.0
103 3 1.0
103 54 1.0
103 360 1.0
103 699 1.0
103 1054 1.0
103 1206 1.0
104 52 1.0
104 116 1.0
104 191 1.0
108 3 2.0
108 5 2.0
108 24 1.0
108 44 1.0
108 89 1.0
108 130 1.0
108 180 1.0
108 226 1.0
108 237 1.0
108 251 1.0
108 280 1.0
108 287 1.0
108 297 1.0
108 319 1.0
108 323 1.0
108 370 1.0
108 417 2.0
108 472 1.0
108 476 1.0
108 532 2.0
108 534 1.0
108 656 1.0
108 1198 1.0
108 1208 1.0
109 12 1.0
109 17 1.0
109 74 1.0
109 146 1.0
109 164 1.0
109 196 1.0
109 199 1.0
109 252 1.0
109 330 1.0
109 360 1.0
109 368 1.0
109 645 1.0
109 646 1.0
109 875 1.0
109 1208 1.0
109 1246 1.0
110 5 1.0
110 130 1.0
110 198 1.0
110 252 1.0
110 266 1.0
110 371 1.0
110 567 1.0
110 714 2.0
112 57 1.0
113 3 1.0
113 57 1.0
113 161 2.0
113 162 1.0
113 169 1.0
113 171 1.0
113 1045 1.0
117 2 1.0
117 41 1.0
117 51 1.0
117 158 1.0
117 1177 1.0
118 2 1.0
118 41 1.0
118 51 1.0
118 158 1.0
118 1177 1.0
119 24 1.0
119 317 1.0
119 319 1.0
119 602 1.0
119 604 1.0
119 677 1.0
121 20 1.0
121 85 1.0
121 166 1.0
121 251 1.0
121 279 1.0
121 518 1.0
122 5 1.0
122 48 1.0
122 74 1.0
122 266 1.0
122 625 1.0
126 3 1.0
126 37 1.0
126 64 1.0
126 114 1.0
126 171 1.0
126 355 1.0
126 419 1.0
126 497 1.0
126 656 1.0
127 10 1.0
127 82 1.0
127 100 1.0
127 181 1.0
127 199 1.0
127 1260 1.0
130 16 1.0
130 60 1.0
130 82 1.0
130 458 1.0
130 471 1.0
130 799 1.0
130 815 1.0
130 835 1.0
132 152 1.0
132 507 1.0
132 729 1.0
133 10 1.0
133 82 1.0
133 90 1.0
133 181 1.0
133 434 1.0
134 10 1.0
134 82 1.0
134 90 1.0
134 181 1.0
134 434 1.0
135 60 1.0
135 82 1.0
135 312 1.0
135 370 1.0
135 799 1.0
137 111 1.0
137 123 1.0
137 130 1.0
137 288 1.0
137 336 1.0
137 770 1.0
137 1304 2.0
138 46 1.0
138 210 1.0
138 276 1.0
138 300 1.0
138 302 1.0
138 419 1.0
138 455 1.0
139 10 1.0
139 77 1.0
139 89 1.0
139 100 2.0
139 181 1.0
139 257 1.0
139 260 1.0
139 311 1.0
139 464 1.0
139 909 1.0
140 111 1.0
140 170 1.0
140 235 1.0
140 237 1.0
140 288 1.0
140 321 1.0
140 440 1.0
140 551 1.0
140 569 1.0
140 1276 1.0
140 1277 1.0
140 1278 1.0
141 82 1.0
141 260 1.0
141 757 1.0
141 1165 1.0
145 5 1.0
145 10 1.0
145 57 1.0
145 69 1.0
145 82 2.0
145 90 1.0
145 152 1.0
145 209 1.0
145 431 1.0
145 507 1.0
145 729 1.0
145 759 1.0
145 774 1.0
145 1281 1.0
146 100 1.0
146 168 1.0
146 823 1.0
147 16 2.0
147 82 3.0
147 152 1.0
147 260 3.0
147 426 1.0
147 467 1.0
147 476 1.0
147 491 2.0
147 712 1.0
147 792 1.0
147 1144 1.0
147 1168 1.0
150 0 1.0
150 20 1.0
150 40 1.0
150 137 1.0
150 257 1.0
150 340 1.0
150 380 1.0
150 408 1.0
150 422 1.0
150 502 1.0
150 664 1.0
150 765 1.0
150 843 1.0
150 990 1.0
151 2 1.0
151 57 1.0
151 82 2.0
151 86 1.0
151 163 1.0
151 211 1.0
151 260 2.0
151 270 1.0
151 438 2.0
151 460 1.0
151 466 1.0
151 554 1.0
151 667 1.0
151 831 1.0
152 2 1.0
152 57 1.0
152 82 1.0
152 86 1.0
152 163 1.0
152 211 1.0
152 260 1.0
152 270 1.0
152 438 1.0
152 460 1.0
152 466 1.0
152 667 1.0
153 2 1.0
153 57 1.0
153 82 1.0
153 86 1.0
153 163 1.0
153 211 1.0
153 260 1.0
153 270 1.0
153 438 1.0
153 460 1.0
153 466 1.0
153 667 1.0
154 74 1.0
154 77 1.0
154 89 1.0
154 100 1.0
154 185 1.0
154 211 1.0
154 220 1.0
154 257 1.0
154 260 1.0
154 464 1.0
154 466 1.0
154 853 1.0
154 909 1.0
155 40 1.0
155 48 1.0
155 82 2.0
155 111 1.0
155 135 1.0
155 142 1.0
155 146 1.0
155 152 1.0
155 260 2.0
155 284 1.0
155 433 2.0
155 726 1.0
156 3 2.0
156 30 1.0
156 40 1.0
156 57 1.0
156 77 1.0
156 82 1.0
156 135 1.0
156 196 1.0
156 211 1.0
156 369 1.0
156 375 1.0
156 378 1.0
156 383 1.0
156 541 1.0
156 749 2.0
156 859 1.0
156 860 1.0
156 861 1.0
156 898 1.0
157 3 2.0
157 30 1.0
157 40 1.0
157 57 1.0
157 77 1.0
157 82 1.0
157 135 1.0
157 196 1.0
157 211 1.0
157 369 1.0
157 375 1.0
157 378 1.0
157 383 1.0
157 541 1.0
157 749 2.0
157 859 1.0
157 860 1.0
157 861 1.0
157 898 1.0
158 20 1.0
158 89 1.0
158 198 1.0
158 218 3.0
158 251 1.0
158 270 1.0
158 380 1.0
158 382 1.0
158 406 1.0
158 520 1.0
158 646 1.0
158 726 1.0
158 862 1.0
158 915 1.0
158 1020 1.0
158 1270 1.0
158 1302 1.0
159 3 1.0
159 17 2.0
159 20 1.0
159 57 1.0
159 60 1.0
159 80 1.0
159 82 1.0
159 108 1.0
159 111 1.0
159 118 1.0
159 213 1.0
159 251 3.0
159 282 1.0
159 304 1.0
159 318 1.0
159 577 1.0
159 639 1.0
159 676 1.0
159 806 1.0
159 863 1.0
159 864 1.0
159 881 1.0
159 946 1.0
159 1148 2.0
159 1149 1.0
160 3 1.0
160 17 2.0
160 20 1.0
160 57 1.0
160 60 1.0
160 80 1.0
160 82 1.0
160 108 1.0
160 111 1.0
160 118 1.0
160 213 1.0
160 251 3.0
160 282 1.0
160 304 1.0
160 318 1.0
160 577 1.0
160 639 1.0
160 676 1.0
160 806 1.0
160 863 1.0
160 864 1.0
160 881 1.0
160 946 1.0
160 1148 2.0
160 1149 1.0
161 3 1.0
161 17 2.0
161 20 1.0
161 57 1.0
161 60 1.0
161 80 1.0
161 82 1.0
161 108 1.0
161 111 1.0
161 118 1.0
161 213 1.0
161 251 3.0
161 282 1.0
161 304 1.0
161 318 1.0
161 577 1.0
161 639 1.0
161 676 1.0
161 806 1.0
161 863 1.0
161 864 1.0
161 881 1.0
161 946 1.0
161 1148 2.0
161 1149 1.0
162 17 1.0
162 57 1.0
162 82 1.0
162 251 2.0
162 304 1.0
162 318 1.0
162 577 1.0
162 806 1.0
162 863 1.0
162 864 1.0
162 1148 1.0
163 17 1.0
163 57 1.0
163 82 1.0
163 108 1.0
163 118 1.0
163 251 3.0
163 282 1.0
163 304 1.0
163 318 1.0
163 577 1.0
163 806 1.0
163 863 1.0
163 864 1.0
163 881 1.0
163 1148 1.0
164 30 1.0
164 71 1.0
164 74 2.0
164 89 1.0
164 90 1.0
164 162 2.0
164 164 1.0
164 217 2.0
164 218 1.0
164 235 2.0
164 236 1.0
164 238 2.0
164 239 2.0
164 254 1.0
164 308 1.0
164 377 1.0
164 409 1.0
164 807 1.0
165 10 1.0
165 12 1.0
165 74 1.0
165 110 1.0
165 112 1.0
165 146 1.0
165 171 1.0
165 202 1.0
165 251 2.0
165 282 1.0
165 378 1.0
165 748 1.0
165 828 1.0
165 913 1.0
165 1298 1.0
166 47 1.0
166 74 1.0
166 82 2.0
166 88 1.0
166 89 1.0
166 187 1.0
166 203 1.0
166 231 1.0
166 257 1.0
166 570 1.0
166 874 1.0
166 875 1.0
166 914 1.0
167 57 2.0
167 82 1.0
167 84 1.0
167 208 1.0
167 235 1.0
167 251 1.0
167 291 1.0
167 347 1.0
167 464 2.0
167 465 1.0
167 491 1.0
167 837 1.0
167 892 1.0
167 912 1.0
168 5 1.0
168 82 3.0
168 84 1.0
168 88 1.0
168 93 1.0
168 114 1.0
168 137 2.0
168 264 1.0
168 274 1.0
168 284 1.0
168 289 1.0
168 311 1.0
168 323 1.0
168 329 1.0
168 377 1.0
168 379 1.0
168 380 1.0
168 422 1.0
168 494 1.0
168 534 1.0
168 538 1.0
168 645 1.0
168 721 1.0
168 823 1.0
168 840 1.0
168 882 1.0
168 916 1.0
169 127 1.0
169 146 1.0
169 264 1.0
169 284 1.0
169 299 1.0
169 341 1.0
169 380 1.0
169 422 1.0
169 534 1.0
169 538 1.0
169 882 1.0
170 12 1.0
170 205 1.0
170 211 1.0
170 256 1.0
170 257 1.0
170 260 1.0
170 356 1.0
170 465 1.0
170 520 1.0
170 848 1.0
170 885 1.0
170 918 1.0
171 9 1.0
171 12 1.0
171 88 1.0
171 251 1.0
171 554 1.0
171 730 1.0
171 1117 2.0
172 30 1.0
172 57 1.0
172 89 1.0
172 100 1.0
172 160 1.0
172 169 1.0
172 264 1.0
172 380 1.0
172 406 2.0
172 422 1.0
172 505 1.0
173 30 1.0
173 57 1.0
173 89 1.0
173 100 1.0
173 160 1.0
173 169 1.0
173 264 1.0
173 380 1.0
173 406 2.0
173 422 1.0
173 505 1.0
174 91 1.0
174 105 1.0
174 111 1.0
174 113 1.0
174 168 1.0
174 178 1.0
174 188 1.0
174 196 1.0
174 211 3.0
174 232 1.0
174 301 1.0
174 313 1.0
174 340 2.0
174 466 2.0
174 489 1.0
174 899 1.0
174 1159 1.0
174 1160 1.0
175 12 1.0
175 29 1.0
175 163 1.0
175 179 1.0
175 320 1.0
175 347 2.0
175 839 2.0
175 858 1.0
175 879 2.0
175 900 1.0
175 901 1.0
175 902 1.0
176 12 1.0
176 29 1.0
176 163 1.0
176 179 1.0
176 320 1.0
176 347 2.0
176 839 2.0
176 858 1.0
176 879 2.0
176 900 1.0
176 901 1.0
176 902 1.0
177 12 1.0
177 29 1.0
177 163 1.0
177 179 1.0
177 320 1.0
177 347 2.0
177 839 2.0
177 858 1.0
177 879 2.0
177 900 1.0
177 901 1.0
177 902 1.0
178 48 1.0
178 89 1.0
178 147 1.0
178 179 1.0
178 246 1.0
178 257 1.0
178 260 2.0
178 311 1.0
178 369 1.0
178 409 1.0
178 469 1.0
178 476 1.0
178 548 1.0
178 590 1.0
178 910 1.0
178 914 1.0
179 48 1.0
179 179 1.0
179 246 1.0
179 257 1.0
179 260 2.0
179 369 1.0
179 469 1.0
179 548 1.0
179 910 1.0
180 57 1.0
180 82 1.0
180 211 1.0
180 251 1.0
180 260 1.0
180 329 1.0
180 377 1.0
180 378 1.0
180 466 1.0
180 476 1.0
180 640 1.0
180 688 1.0
180 907 1.0
180 908 1.0
181 57 1.0
181 82 1.0
181 211 1.0
181 251 1.0
181 260 1.0
181 329 1.0
181 377 1.0
181 378 1.0
181 466 1.0
181 476 1.0
181 640 1.0
181 688 1.0
181 907 1.0
181 908 1.0
182 57 1.0
182 82 1.0
182 211 1.0
182 251 1.0
182 260 1.0
182 329 1.0
182 377 1.0
182 378 1.0
182 466 1.0
182 476 1.0
182 640 1.0
182 688 1.0
182 907 1.0
182 908 1.0
183 77 1.0
183 89 1.0
183 100 1.0
183 171 1.0
183 196 1.0
183 257 1.0
183 260 1.0
183 464 1.0
183 547 1.0
183 647 1.0
183 909 1.0
184 48 1.0
184 89 1.0
184 147 1.0
184 179 1.0
184 246 1.0
184 260 1.0
184 311 1.0
184 409 1.0
184 469 1.0
184 476 1.0
184 590 1.0
184 910 1.0
184 914 1.0
185 32 1.0
185 48 1.0
185 82 1.0
185 145 1.0
185 179 1.0
185 246 1.0
185 260 1.0
185 469 1.0
185 491 1.0
185 524 1.0
185 910 1.0
185 919 1.0
186 71 1.0
186 82 1.0
186 100 1.0
186 147 1.0
186 196 1.0
186 260 2.0
186 287 1.0
186 811 1.0
186 899 1.0
186 924 1.0
187 5 1.0
187 6 1.0
187 19 1.0
187 22 1.0
187 105 1.0
187 111 1.0
187 130 1.0
187 134 1.0
187 137 1.0
187 171 1.0
187 183 1.0
187 252 1.0
187 254 1.0
187 260 1.0
187 330 1.0
187 347 1.0
187 497 1.0
188 20 1.0
188 29 1.0
188 57 1.0
188 68 1.0
188 74 1.0
188 88 2.0
188 914 1.0
188 915 1.0
188 916 2.0
189 20 1.0
189 29 1.0
189 57 1.0
189 68 1.0
189 74 1.0
189 88 2.0
189 914 1.0
189 915 1.0
189 916 2.0
190 3 2.0
190 19 2.0
190 48 2.0
190 73 1.0
190 82 1.0
190 94 1.0
190 270 1.0
190 296 1.0
191 3 2.0
191 19 2.0
191 48 2.0
191 73 1.0
191 82 1.0
191 94 1.0
191 270 1.0
191 296 1.0
192 3 2.0
192 52 1.0
192 78 2.0
192 213 1.0
192 215 1.0
192 237 1.0
192 277 1.0
192 280 1.0
192 1011 1.0
193 3 1.0
193 56 1.0
193 60 1.0
193 65 2.0
193 164 2.0
193 165 1.0
193 167 1.0
193 168 1.0
193 218 1.0
193 237 1.0
193 298 1.0
193 647 1.0
193 925 1.0
194 3 2.0
194 20 1.0
194 57 1.0
194 60 1.0
194 82 2.0
194 137 1.0
194 162 1.0
194 251 1.0
194 260 1.0
194 313 1.0
194 376 1.0
194 380 2.0
194 433 1.0
194 472 1.0
194 714 1.0
195 3 2.0
195 26 1.0
195 30 1.0
195 54 1.0
195 71 1.0
195 198 1.0
195 252 1.0
195 299 1.0
195 930 1.0
195 1223 1.0
196 3 1.0
196 5 1.0
196 77 1.0
196 114 1.0
196 181 1.0
196 196 1.0
196 410 1.0
196 412 1.0
196 706 1.0
197 3 1.0
197 5 1.0
197 74 1.0
197 77 1.0
197 82 1.0
197 114 2.0
197 181 2.0
197 251 1.0
198 3 2.0
198 30 1.0
198 32 1.0
198 82 1.0
198 86 1.0
198 135 2.0
198 141 2.0
198 142 2.0
198 144 1.0
198 146 1.0
198 153 2.0
198 189 1.0
198 206 1.0
198 260 1.0
198 329 1.0
198 337 1.0
198 632 1.0
198 869 1.0
198 932 1.0
198 933 1.0
198 934 1.0
198 971 1.0
198 977 1.0
198 1088 1.0
198 1150 1.0
199 60 1.0
199 152 1.0
199 159 1.0
199 173 1.0
199 196 1.0
199 223 1.0
199 274 1.0
199 329 1.0
199 369 1.0
200 82 1.0
200 183 1.0
200 441 1.0
200 585 1.0
200 667 1.0
200 875 1.0
200 935 1.0
200 1062 1.0
200 1063 1.0
201 3 1.0
201 12 1.0
201 29 1.0
201 30 1.0
201 60 1.0
201 112 1.0
201 162 1.0
201 196 1.0
201 199 1.0
201 407 1.0
201 462 2.0
201 505 1.0
201 554 1.0
201 693 1.0
201 760 1.0
202 3 1.0
202 12 1.0
202 29 1.0
202 30 1.0
202 60 1.0
202 112 1.0
202 162 1.0
202 196 1.0
202 199 1.0
202 407 1.0
202 462 2.0
202 505 1.0
202 554 1.0
202 693 1.0
202 760 1.0
203 57 1.0
203 68 2.0
203 82 1.0
203 84 1.0
203 137 2.0
203 246 2.0
203 247 2.0
203 260 1.0
203 308 1.0
203 1095 1.0
203 1096 2.0
203 1158 1.0
204 57 1.0
204 68 2.0
204 82 1.0
204 84 1.0
204 137 2.0
204 246 2.0
204 247 2.0
204 260 1.0
204 308 1.0
204 1095 1.0
204 1096 2.0
204 1158 1.0
205 5 2.0
205 58 1.0
205 82 1.0
205 104 1.0
205 114 1.0
205 263 1.0
205 264 1.0
205 274 1.0
205 541 1.0
205 611 1.0
205 645 1.0
205 875 1.0
205 1105 1.0
206 32 1.0
206 134 1.0
206 144 1.0
206 159 2.0
206 177 1.0
206 296 1.0
206 329 1.0
206 564 1.0
206 647 1.0
206 648 1.0
206 944 1.0
206 1222 1.0
207 115 1.0
207 161 1.0
207 189 1.0
207 226 1.0
207 284 1.0
207 380 1.0
207 649 1.0
207 875 1.0
207 882 1.0
207 940 1.0
207 1043 1.0
208 3 1.0
208 5 1.0
208 16 1.0
208 82 1.0
208 122 1.0
208 144 1.0
208 260 1.0
208 284 1.0
208 476 1.0
208 491 1.0
208 564 1.0
208 647 1.0
208 648 1.0
208 726 1.0
208 792 1.0
208 947 1.0
209 3 1.0
209 6 1.0
209 20 1.0
209 44 1.0
209 77 1.0
209 151 1.0
209 251 1.0
209 582 1.0
209 950 1.0
209 1187 1.0
209 1188 1.0
209 1189 1.0
210 25 1.0
210 29 1.0
210 32 2.0
210 57 1.0
210 60 1.0
210 68 1.0
210 78 1.0
210 115 1.0
210 135 1.0
210 137 1.0
210 200 1.0
210 206 1.0
210 240 1.0
210 251 1.0
210 277 1.0
210 287 2.0
210 352 1.0
210 392 1.0
210 543 1.0
210 571 1.0
210 602 1.0
210 835 1.0
210 1085 1.0
210 1148 1.0
210 1184 1.0
210 1229 1.0
211 25 1.0
211 29 2.0
211 32 2.0
211 57 1.0
211 60 1.0
211 68 2.0
211 78 1.0
211 82 1.0
211 115 1.0
211 135 1.0
211 137 1.0
211 146 1.0
211 153 1.0
211 162 1.0
211 200 1.0
211 206 1.0
211 240 1.0
211 251 1.0
211 277 1.0
211 287 2.0
211 352 1.0
211 377 1.0
211 378 1.0
211 392 1.0
211 474 1.0
211 543 1.0
211 571 1.0
211 602 1.0
211 835 1.0
211 970 1.0
211 1085 1.0
211 1148 1.0
211 1174 1.0
211 1184 1.0
211 1221 1.0
211 1229 1.0
212 3 1.0
212 54 1.0
212 188 1.0
212 221 1.0
212 232 1.0
212 246 1.0
212 287 1.0
212 415 1.0
212 640 1.0
212 714 1.0
212 858 1.0
212 1026 1.0
213 3 2.0
213 23 1.0
213 54 1.0
213 56 1.0
213 164 1.0
213 168 1.0
213 171 1.0
213 191 1.0
213 221 1.0
213 329 1.0
213 472 1.0
213 961 1.0
213 962 1.0
214 3 1.0
214 56 1.0
214 60 2.0
214 95 1.0
214 159 1.0
214 164 1.0
214 168 1.0
214 171 1.0
214 191 1.0
214 272 1.0
214 287 1.0
214 610 1.0
214 639 1.0
214 705 1.0
214 1105 1.0
215 5 1.0
215 19 1.0
215 48 1.0
215 77 1.0
215 110 1.0
215 130 1.0
215 196 1.0
215 252 1.0
215 352 1.0
215 442 1.0
215 1098 1.0
216 3 1.0
216 22 1.0
216 60 1.0
216 82 2.0
216 168 1.0
216 186 1.0
216 251 1.0
216 340 1.0
216 855 1.0
216 957 1.0
216 958 1.0
217 3 1.0
217 32 1.0
217 38 1.0
217 82 1.0
217 149 1.0
217 166 1.0
217 186 1.0
217 251 1.0
217 261 1.0
217 262 1.0
217 324 1.0
217 515 1.0
217 960 1.0
217 1030 1.0
218 3 2.0
218 54 2.0
218 64 1.0
218 472 1.0
218 830 1.0
218 961 1.0
218 962 1.0
219 3 1.0
219 30 1.0
219 40 1.0
219 52 2.0
219 54 1.0
219 64 1.0
219 71 1.0
219 93 1.0
219 94 1.0
219 140 1.0
219 189 1.0
219 191 1.0
219 354 1.0
220 3 1.0
220 32 1.0
220 135 1.0
220 141 1.0
220 142 2.0
220 146 1.0
220 153 2.0
220 189 1.0
220 206 1.0
220 337 1.0
220 869 1.0
220 971 1.0
220 1088 1.0
221 2 1.0
221 7 1.0
221 12 1.0
221 139 1.0
221 152 1.0
221 295 1.0
221 320 1.0
221 975 1.0
221 976 1.0
221 977 1.0
222 2 1.0
222 7 1.0
222 12 1.0
222 139 1.0
222 152 1.0
222 295 1.0
222 320 1.0
222 975 1.0
222 976 1.0
222 977 1.0
223 2 1.0
223 7 1.0
223 12 1.0
223 139 1.0
223 147 2.0
223 152 1.0
223 210 1.0
223 295 1.0
223 320 1.0
223 368 1.0
223 975 1.0
223 976 1.0
223 977 1.0
223 1084 1.0
224 2 1.0
224 7 1.0
224 12 1.0
224 139 1.0
224 152 1.0
224 295 1.0
224 320 1.0
224 975 1.0
224 976 1.0
224 977 1.0
225 51 1.0
225 75 1.0
225 94 1.0
225 123 1.0
225 196 1.0
225 246 1.0
225 311 1.0
225 415 1.0
225 444 1.0
225 779 1.0
225 957 1.0
225 1059 1.0
226 104 1.0
226 289 1.0
226 458 1.0
226 520 1.0
226 767 1.0
226 986 1.0
227 17 2.0
227 208 1.0
227 272 1.0
227 639 1.0
227 842 1.0
227 916 1.0
227 988 1.0
227 989 1.0
228 12 1.0
228 22 1.0
228 54 1.0
228 82 1.0
228 98 1.0
228 111 1.0
228 260 1.0
228 267 1.0
228 302 2.0
228 444 1.0
228 461 1.0
228 476 1.0
228 507 1.0
228 836 1.0
228 1169 1.0
229 22 1.0
229 75 1.0
229 168 1.0
229 210 1.0
229 520 1.0
229 625 1.0
229 658 1.0
229 992 1.0
230 2 1.0
230 7 1.0
230 22 1.0
230 166 1.0
230 196 1.0
230 246 1.0
230 447 1.0
230 842 1.0
230 874 1.0
230 997 1.0
230 998 1.0
231 0 1.0
231 5 2.0
231 72 2.0
231 210 2.0
231 218 1.0
231 368 1.0
231 415 1.0
231 656 1.0
231 858 1.0
231 999 2.0
231 1000 1.0
231 1001 1.0
232 0 1.0
232 5 2.0
232 72 2.0
232 210 2.0
232 218 1.0
232 368 1.0
232 415 1.0
232 656 1.0
232 858 1.0
232 999 2.0
232 1000 1.0
232 1001 1.0
233 0 1.0
233 5 2.0
233 72 2.0
233 210 2.0
233 218 1.0
233 368 1.0
233 415 1.0
233 656 1.0
233 858 1.0
233 999 2.0
233 1000 1.0
233 1001 1.0
234 0 2.0
234 5 2.0
234 72 1.0
234 105 1.0
234 210 2.0
234 303 1.0
234 368 1.0
234 374 1.0
234 656 1.0
234 992 1.0
234 999 2.0
234 1001 1.0
235 5 1.0
235 77 2.0
235 110 1.0
235 130 1.0
235 157 1.0
235 196 1.0
235 215 1.0
235 252 1.0
235 273 1.0
235 317 1.0
235 442 1.0
235 538 1.0
235 1098 1.0
236 3 1.0
236 75 1.0
236 134 1.0
236 159 1.0
236 164 1.0
236 218 1.0
236 296 1.0
236 738 1.0
236 793 1.0
236 1046 1.0
236 1047 1.0
237 65 1.0
237 69 1.0
237 72 1.0
237 147 1.0
237 237 1.0
237 550 1.0
237 1008 1.0
237 1009 1.0
237 1010 1.0
238 3 1.0
238 12 1.0
238 31 1.0
238 46 1.0
238 54 1.0
238 57 1.0
238 60 1.0
238 92 1.0
238 111 1.0
238 338 1.0
238 339 1.0
238 380 1.0
238 569 1.0
238 731 1.0
238 806 1.0
238 1012 1.0
238 1013 1.0
238 1014 1.0
238 1034 1.0
238 1035 1.0
239 3 1.0
239 46 1.0
239 54 1.0
239 57 1.0
239 60 1.0
239 92 1.0
239 227 1.0
239 287 1.0
239 380 1.0
239 806 1.0
239 1011 1.0
239 1014 1.0
239 1110 1.0
240 12 1.0
240 65 1.0
240 75 2.0
240 77 1.0
240 158 1.0
240 179 1.0
240 209 1.0
240 214 1.0
240 493 1.0
240 625 1.0
240 704 1.0
240 877 1.0
240 986 1.0
240 1016 1.0
240 1017 1.0
241 60 1.0
241 75 1.0
241 110 1.0
241 111 1.0
241 158 1.0
241 186 1.0
241 196 1.0
241 311 1.0
241 493 1.0
241 927 1.0
241 1016 1.0
241 1017 1.0
242 3 1.0
242 27 1.0
242 60 1.0
242 170 1.0
242 235 1.0
242 262 1.0
242 302 1.0
242 367 1.0
242 396 1.0
242 559 1.0
242 1021 1.0
242 1022 1.0
242 1023 2.0
242 1028 1.0
243 5 1.0
243 30 1.0
243 51 1.0
243 123 1.0
243 142 1.0
243 146 1.0
243 152 1.0
243 168 1.0
243 336 1.0
243 398 1.0
243 1131 1.0
244 12 1.0
244 22 1.0
244 24 1.0
244 49 1.0
244 159 1.0
244 188 1.0
244 210 1.0
244 360 1.0
244 625 1.0
244 773 1.0
244 1029 1.0
244 1080 1.0
245 3 2.0
245 48 1.0
245 52 2.0
245 54 3.0
245 78 1.0
245 138 1.0
245 143 1.0
245 163 1.0
245 164 1.0
245 171 1.0
245 189 1.0
245 191 1.0
245 277 1.0
245 1053 1.0
246 79 1.0
246 210 1.0
246 265 2.0
246 306 1.0
246 379 1.0
246 550 2.0
246 806 1.0
247 5 1.0
247 79 1.0
247 166 1.0
247 191 1.0
247 210 1.0
247 265 2.0
247 306 1.0
247 317 1.0
247 379 1.0
247 550 2.0
247 653 1.0
247 806 1.0
248 5 1.0
248 30 2.0
248 60 1.0
248 77 1.0
248 328 1.0
248 442 1.0
248 452 1.0
248 1028 2.0
248 1054 1.0
248 1055 1.0
249 5 1.0
249 20 2.0
249 29 1.0
249 40 1.0
249 115 1.0
249 137 2.0
249 455 1.0
249 502 1.0
249 515 1.0
249 664 1.0
249 765 1.0
249 990 1.0
249 1123 1.0
249 1124 1.0
249 1125 1.0
250 6 1.0
250 20 1.0
250 77 1.0
250 94 1.0
250 161 1.0
250 496 1.0
250 647 1.0
250 686 1.0
250 991 1.0
251 7 1.0
251 13 1.0
251 168 2.0
251 208 1.0
251 210 1.0
251 237 1.0
251 1035 1.0
251 1054 1.0
252 5 2.0
252 12 3.0
252 17 1.0
252 37 1.0
252 65 2.0
252 75 1.0
252 123 1.0
252 168 1.0
252 189 1.0
252 210 1.0
252 1015 1.0
252 1051 1.0
252 1130 1.0
252 1131 1.0
253 12 2.0
253 15 1.0
253 40 1.0
253 41 1.0
253 111 1.0
253 210 1.0
253 329 1.0
253 637 1.0
253 1070 1.0
253 1077 1.0
254 12 2.0
254 15 1.0
254 40 1.0
254 41 1.0
254 111 1.0
254 210 1.0
254 329 1.0
254 637 1.0
254 1070 1.0
254 1077 1.0
255 17 1.0
255 68 1.0
255 116 1.0
255 246 1.0
255 296 1.0
255 323 1.0
255 458 1.0
255 520 1.0
255 575 1.0
255 636 2.0
255 793 1.0
255 842 1.0
255 848 1.0
255 1078 1.0
256 2 1.0
256 7 1.0
256 12 1.0
256 139 1.0
256 147 2.0
256 210 1.0
256 295 1.0
256 320 1.0
256 368 1.0
256 1084 1.0
257 22 1.0
257 82 1.0
257 88 1.0
257 211 2.0
257 260 2.0
257 262 1.0
257 430 1.0
257 458 1.0
257 508 1.0
257 556 1.0
257 1133 1.0
258 40 1.0
258 41 1.0
258 60 1.0
258 144 1.0
258 193 1.0
258 211 1.0
258 287 1.0
258 540 1.0
258 625 1.0
258 1072 1.0
258 1094 1.0
258 1135 1.0
259 3 2.0
259 57 2.0
259 78 1.0
259 110 1.0
259 121 1.0
259 161 1.0
259 170 1.0
259 181 1.0
259 196 1.0
259 218 1.0
259 295 1.0
259 1013 1.0
259 1045 1.0
259 1219 1.0
260 23 1.0
260 146 1.0
260 152 1.0
260 236 1.0
260 251 1.0
260 308 1.0
260 415 1.0
260 978 1.0
260 1101 1.0
260 1102 1.0
261 46 1.0
261 57 1.0
261 416 1.0
261 476 1.0
261 1008 1.0
261 1010 1.0
262 46 1.0
262 57 1.0
262 416 1.0
262 476 1.0
262 1008 1.0
262 1010 1.0
263 51 1.0
263 57 1.0
263 65 1.0
263 73 1.0
263 164 1.0
263 265 1.0
263 550 1.0
263 858 1.0
263 1045 1.0
263 1105 1.0
264 17 1.0
264 46 1.0
264 164 1.0
264 378 1.0
264 415 1.0
264 847 1.0
264 1036 1.0
265 74 1.0
265 82 1.0
265 114 2.0
265 181 1.0
265 251 1.0
265 355 1.0
265 419 1.0
266 30 1.0
266 71 1.0
266 297 2.0
266 416 1.0
266 764 1.0
266 991 1.0
266 1008 2.0
266 1009 2.0
266 1010 1.0
266 1013 1.0
266 1129 1.0
266 1136 2.0
266 1137 2.0
266 1138 1.0
266 1139 1.0
267 71 1.0
267 297 2.0
267 764 1.0
267 1008 2.0
267 1009 2.0
267 1010 1.0
267 1136 2.0
267 1137 2.0
267 1138 1.0
267 1139 1.0
268 71 1.0
268 297 2.0
268 764 1.0
268 1008 2.0
268 1009 2.0
268 1010 1.0
268 1136 2.0
268 1137 2.0
268 1138 1.0
268 1139 1.0
269 30 1.0
269 57 1.0
269 82 1.0
269 89 1.0
269 90 1.0
269 100 1.0
269 218 1.0
269 232 1.0
269 235 1.0
269 246 1.0
269 260 1.0
269 377 1.0
269 378 1.0
269 408 1.0
269 491 1.0
269 498 1.0
269 738 1.0
269 812 1.0
269 1266 1.0
270 30 1.0
270 57 1.0
270 60 1.0
270 82 1.0
270 89 1.0
270 90 1.0
270 94 1.0
270 100 1.0
270 218 1.0
270 232 1.0
270 235 1.0
270 246 1.0
270 260 1.0
270 262 1.0
270 377 1.0
270 378 1.0
270 408 1.0
270 491 1.0
270 498 1.0
270 738 1.0
270 812 1.0
270 1265 1.0
270 1266 1.0
271 15 1.0
271 40 1.0
271 47 1.0
271 73 1.0
271 98 1.0
271 114 1.0
271 196 1.0
271 260 1.0
271 569 1.0
271 571 1.0
271 1234 1.0
272 12 1.0
272 71 1.0
272 90 1.0
272 100 1.0
272 246 1.0
272 297 1.0
272 303 1.0
272 323 1.0
272 370 1.0
272 382 1.0
272 408 1.0
272 690 1.0
272 818 1.0
272 1297 1.0
273 67 1.0
273 69 1.0
273 88 2.0
273 116 1.0
273 211 1.0
273 347 1.0
273 360 1.0
273 390 1.0
273 658 1.0
274 67 1.0
274 69 1.0
274 88 2.0
274 116 1.0
274 211 1.0
274 347 1.0
274 360 1.0
274 390 1.0
274 658 1.0
275 47 1.0
275 82 2.0
275 149 1.0
275 186 1.0
275 187 1.0
275 211 1.0
275 260 1.0
275 267 2.0
275 340 1.0
275 456 1.0
275 512 1.0
275 647 1.0
275 774 1.0
276 5 1.0
276 12 1.0
276 91 1.0
276 108 1.0
276 151 1.0
276 152 1.0
276 177 1.0
276 218 1.0
276 313 1.0
276 347 1.0
276 378 1.0
276 428 1.0
276 464 1.0
276 837 1.0
276 1124 1.0
276 1170 1.0
277 24 1.0
277 41 1.0
277 135 1.0
277 139 1.0
277 175 2.0
277 178 1.0
277 179 1.0
277 196 3.0
277 287 1.0
277 319 1.0
277 360 1.0
277 540 1.0
277 604 1.0
277 620 1.0
277 679 1.0
277 738 1.0
277 852 1.0
277 1124 1.0
277 1135 1.0
277 1172 4.0
277 1217 1.0
278 5 1.0
278 130 1.0
278 198 1.0
278 252 1.0
278 266 1.0
278 371 1.0
278 567 1.0
278 714 2.0
279 5 1.0
279 32 1.0
279 68 1.0
279 114 1.0
279 115 1.0
279 161 2.0
279 189 1.0
279 242 1.0
279 246 1.0
279 379 1.0
279 505 1.0
279 522 1.0
279 533 1.0
279 585 1.0
279 652 1.0
279 676 1.0
279 1182 1.0
279 1183 1.0
279 1215 1.0
279 1225 1.0
280 159 1.0
280 192 1.0
280 304 1.0
280 428 1.0
280 465 1.0
280 580 1.0
280 583 1.0
280 1194 1.0
281 57 1.0
281 82 1.0
281 170 1.0
281 189 1.0
281 190 1.0
281 238 1.0
281 239 1.0
281 295 1.0
281 360 1.0
281 377 1.0
281 378 1.0
281 382 1.0
281 1196 1.0
281 1197 1.0
281 1211 1.0
281 1244 1.0
282 60 1.0
282 69 1.0
282 116 1.0
282 161 1.0
282 272 1.0
282 287 1.0
282 639 1.0
282 705 1.0
282 1105 1.0
282 1200 1.0
283 24 1.0
283 68 1.0
283 83 1.0
283 135 1.0
283 152 2.0
283 181 1.0
283 183 1.0
283 196 1.0
283 265 1.0
283 319 1.0
283 323 1.0
283 363 1.0
283 369 1.0
283 883 1.0
283 1211 1.0
283 1256 1.0
284 20 1.0
284 71 1.0
284 74 1.0
284 161 2.0
284 485 1.0
284 875 1.0
284 1203 1.0
285 20 1.0
285 161 2.0
285 251 1.0
285 485 1.0
285 547 1.0
285 1148 2.0
285 1203 1.0
285 1240 1.0
286 57 1.0
286 73 2.0
286 164 2.0
286 171 2.0
286 217 1.0
286 235 1.0
286 543 1.0
286 1162 1.0
287 3 1.0
287 5 1.0
287 89 1.0
287 130 1.0
287 251 1.0
287 280 1.0
287 287 1.0
287 370 1.0
287 417 2.0
287 472 1.0
287 476 1.0
287 656 1.0
287 1198 1.0
288 2 1.0
288 41 1.0
288 51 1.0
288 60 1.0
288 158 1.0
288 568 1.0
288 637 1.0
288 763 1.0
288 1177 1.0
288 1185 1.0
288 1252 1.0
289 68 1.0
289 161 1.0
289 189 1.0
289 246 1.0
289 379 1.0
289 533 1.0
289 652 1.0
289 676 1.0
289 1215 1.0
289 1225 1.0
290 5 1.0
290 68 1.0
290 114 1.0
290 115 1.0
290 161 2.0
290 189 1.0
290 246 1.0
290 379 1.0
290 505 1.0
290 533 1.0
290 652 1.0
290 676 1.0
290 1215 1.0
290 1225 1.0
291 24 1.0
291 175 1.0
291 178 1.0
291 179 1.0
291 196 2.0
291 319 1.0
291 604 1.0
291 852 1.0
291 1172 2.0
291 1217 1.0
292 24 1.0
292 175 1.0
292 178 1.0
292 179 1.0
292 196 2.0
292 319 1.0
292 604 1.0
292 852 1.0
292 1172 2.0
292 1217 1.0
293 3 1.0
293 8 1.0
293 54 1.0
293 57 1.0
293 64 1.0
293 77 1.0
293 146 1.0
293 213 1.0
293 218 1.0
293 549 1.0
293 634 1.0
293 830 1.0
294 189 1.0
294 285 1.0
294 299 1.0
294 395 1.0
294 482 1.0
294 559 1.0
294 658 1.0
294 1194 1.0
295 13 1.0
295 32 1.0
295 46 1.0
295 115 1.0
295 163 1.0
295 195 1.0
295 287 1.0
295 320 1.0
295 327 1.0
295 335 1.0
295 443 1.0
295 640 1.0
295 1011 1.0
296 13 1.0
296 32 1.0
296 46 1.0
296 115 1.0
296 163 1.0
296 195 1.0
296 287 1.0
296 320 1.0
296 327 1.0
296 335 1.0
296 443 1.0
296 640 1.0
296 1011 1.0
297 258 1.0
297 298 1.0
297 360 1.0
297 380 1.0
297 965 1.0
297 1191 1.0
298 5 1.0
298 23 1.0
298 60 1.0
298 152 1.0
298 175 1.0
298 181 1.0
298 839 1.0
298 1230 2.0
298 1231 1.0
299 3 1.0
299 5 1.0
299 93 1.0
299 149 1.0
299 190 1.0
299 241 1.0
299 298 1.0
299 377 1.0
299 672 1.0
299 716 1.0
299 930 1.0
300 24 1.0
300 83 1.0
300 135 1.0
300 183 1.0
300 196 1.0
300 319 1.0
300 363 1.0
300 369 1.0
300 883 1.0
300 1211 1.0
300 1256 1.0
301 3 1.0
301 5 1.0
301 78 1.0
301 114 1.0
301 115 1.0
301 161 1.0
301 198 1.0
301 330 1.0
301 347 1.0
301 505 1.0
301 1064 1.0
301 1247 1.0
302 3 1.0
302 78 1.0
302 198 1.0
302 330 1.0
302 347 1.0
302 1064 1.0
302 1247 1.0
303 5 2.0
303 48 1.0
303 74 1.0
303 124 1.0
303 190 1.0
303 266 1.0
303 298 1.0
303 486 1.0
303 625 1.0
304 71 1.0
304 192 1.0
304 215 1.0
304 236 1.0
304 330 1.0
304 377 1.0
304 431 1.0
304 533 1.0
304 676 1.0
304 994 1.0
304 1248 1.0
305 3 1.0
305 6 1.0
305 57 1.0
305 60 2.0
305 137 1.0
305 163 1.0
305 164 1.0
305 171 1.0
305 246 1.0
305 344 1.0
305 1257 1.0
306 10 1.0
306 12 1.0
306 29 1.0
306 100 1.0
306 111 1.0
306 137 1.0
306 189 1.0
306 229 1.0
306 301 1.0
306 321 1.0
306 472 1.0
306 529 1.0
306 733 1.0
306 1287 1.0
306 1288 1.0
307 82 1.0
307 90 1.0
307 111 1.0
307 438 2.0
307 507 1.0
307 737 1.0
307 1260 1.0
308 163 1.0
308 181 1.0
308 321 1.0
308 500 1.0
308 507 1.0
308 551 1.0
308 737 1.0
308 1260 2.0
308 1296 1.0
309 82 3.0
309 90 1.0
309 163 1.0
309 237 1.0
309 296 1.0
309 406 1.0
309 444 1.0
309 476 1.0
309 500 1.0
309 520 1.0
309 1007 1.0
309 1261 1.0
309 1262 1.0
309 1263 1.0
309 1274 1.0
309 1275 1.0
309 1303 1.0
310 82 2.0
310 500 1.0
310 520 1.0
310 1261 1.0
310 1262 1.0
310 1263 1.0
310 1274 1.0
311 60 1.0
311 110 1.0
311 111 1.0
311 186 1.0
311 196 1.0
311 311 1.0
311 927 1.0
312 60 1.0
312 110 1.0
312 111 1.0
312 186 1.0
312 196 1.0
312 311 1.0
312 927 1.0
313 30 1.0
313 60 1.0
313 90 1.0
313 94 1.0
313 100 1.0
313 218 1.0
313 235 1.0
313 262 1.0
313 498 1.0
313 738 1.0
313 1265 1.0
313 1266 1.0
314 82 1.0
314 86 1.0
314 198 1.0
314 296 1.0
314 329 1.0
314 388 1.0
314 435 1.0
314 490 1.0
314 741 1.0
314 749 1.0
314 788 1.0
314 865 1.0
314 1271 1.0
315 21 1.0
315 82 1.0
315 86 1.0
315 111 1.0
315 124 1.0
315 198 2.0
315 221 1.0
315 296 1.0
315 329 1.0
315 388 1.0
315 435 2.0
315 438 1.0
315 456 1.0
315 490 1.0
315 507 1.0
315 737 1.0
315 741 1.0
315 749 1.0
315 788 1.0
315 797 1.0
315 865 1.0
315 1271 1.0
315 1279 1.0
316 82 1.0
316 86 1.0
316 198 1.0
316 296 1.0
316 329 1.0
316 388 1.0
316 435 1.0
316 490 1.0
316 741 1.0
316 749 1.0
316 788 1.0
316 865 1.0
316 1271 1.0
317 90 1.0
317 152 1.0
317 163 1.0
317 237 1.0
317 296 1.0
317 444 1.0
317 507 1.0
317 729 1.0
317 1007 1.0
317 1303 1.0
318 69 1.0
318 82 1.0
318 90 1.0
318 112 1.0
318 156 1.0
318 218 1.0
318 235 1.0
318 257 1.0
318 260 1.0
318 465 1.0
318 500 1.0
318 507 1.0
319 73 1.0
319 90 2.0
319 164 1.0
319 198 1.0
319 496 1.0
319 721 1.0
319 774 1.0
319 787 1.0
319 862 1.0
319 1161 1.0
319 1282 1.0
319 1284 2.0
320 82 1.0
320 90 1.0
320 164 1.0
320 198 1.0
320 433 1.0
320 507 1.0
320 574 1.0
320 667 1.0
320 669 1.0
320 730 1.0
320 788 1.0
320 1167 1.0
320 1285 1.0
320 1286 1.0
321 90 1.0
321 100 1.0
321 164 2.0
321 317 1.0
321 433 1.0
321 638 1.0
321 669 1.0
321 730 1.0
321 812 1.0
321 1167 1.0
321 1285 1.0
322 20 1.0
322 100 1.0
322 164 1.0
322 198 1.0
322 218 1.0
322 317 1.0
322 382 1.0
322 406 1.0
322 638 1.0
322 812 1.0
322 915 1.0
323 100 2.0
323 111 1.0
323 232 1.0
323 301 1.0
323 321 1.0
323 347 1.0
323 438 1.0
323 464 1.0
323 625 1.0
323 628 1.0
323 994 1.0
323 1022 1.0
323 1259 1.0
323 1276 1.0
324 12 1.0
324 100 2.0
324 111 2.0
324 301 2.0
324 321 2.0
324 438 1.0
324 628 1.0
324 994 1.0
324 1259 1.0
324 1276 1.0
324 1287 1.0
324 1288 1.0
325 10 1.0
325 111 1.0
325 247 1.0
325 313 1.0
325 438 1.0
325 500 1.0
325 507 1.0
325 737 1.0
325 799 1.0
325 1290 1.0
326 20 1.0
326 198 1.0
326 218 2.0
326 382 1.0
326 406 1.0
326 520 1.0
326 915 1.0
326 1020 1.0
326 1302 1.0
