468 2411
3 3 1.0
3 34 1.0
3 58 1.0
3 114 1.0
3 115 1.0
3 161 1.0
3 190 1.0
3 246 1.0
3 417 1.0
3 521 1.0
3 679 1.0
3 685 1.0
3 764 1.0
3 930 2.0
3 1432 1.0
4 146 1.0
4 211 1.0
4 308 1.0
4 476 1.0
4 548 1.0
5 196 1.0
5 379 1.0
6 3 1.0
6 65 1.0
6 161 1.0
6 345 1.0
6 515 1.0
6 1075 1.0
9 5 1.0
9 20 1.0
9 57 1.0
9 58 1.0
9 82 1.0
9 143 1.0
9 160 1.0
9 161 1.0
9 187 1.0
9 759 1.0
9 1360 1.0
10 3 1.0
10 23 1.0
10 33 2.0
10 57 1.0
10 69 1.0
10 81 1.0
10 88 1.0
10 99 1.0
10 142 1.0
10 161 4.0
10 162 1.0
10 181 1.0
10 192 1.0
10 198 1.0
10 200 1.0
10 221 1.0
10 287 2.0
10 360 1.0
10 373 1.0
10 376 1.0
10 408 1.0
10 540 1.0
10 543 1.0
10 610 1.0
10 638 2.0
10 639 1.0
10 649 1.0
10 658 2.0
10 705 1.0
10 988 1.0
14 3 2.0
14 23 1.0
14 65 1.0
14 69 1.0
14 81 1.0
14 88 1.0
14 161 1.0
14 192 1.0
14 287 1.0
14 345 1.0
14 360 1.0
14 408 1.0
14 515 1.0
14 658 2.0
14 1075 1.0
15 19 1.0
15 71 1.0
15 146 1.0
15 161 2.0
15 175 1.0
15 236 1.0
15 458 1.0
15 476 1.0
15 638 1.0
15 930 1.0
20 3 2.0
20 54 1.0
20 141 1.0
20 144 1.0
20 153 1.0
20 157 1.0
20 188 1.0
20 296 1.0
20 334 1.0
20 415 1.0
20 858 1.0
20 960 1.0
22 2 1.0
22 3 1.0
22 32 1.0
22 82 2.0
22 89 1.0
22 110 1.0
22 232 1.0
22 251 1.0
22 287 1.0
22 296 1.0
22 377 1.0
22 378 1.0
22 458 1.0
22 571 1.0
22 731 1.0
22 903 1.0
23 5 2.0
23 6 1.0
23 8 1.0
23 10 1.0
23 12 2.0
23 46 1.0
23 58 1.0
23 60 1.0
23 72 1.0
23 82 2.0
23 98 1.0
23 104 1.0
23 112 1.0
23 138 1.0
23 181 1.0
23 189 1.0
23 211 1.0
23 254 1.0
23 259 1.0
23 287 1.0
23 309 1.0
23 311 1.0
23 351 1.0
23 377 1.0
23 378 1.0
23 395 1.0
23 444 1.0
23 470 1.0
23 566 1.0
23 578 1.0
23 1008 1.0
23 1054 1.0
23 1082 1.0
23 1121 1.0
23 1260 1.0
23 1387 1.0
25 3 2.0
25 613 1.0
25 1204 1.0
25 1407 1.0
25 1408 1.0
26 5 2.0
26 22 1.0
26 75 1.0
26 89 1.0
26 100 1.0
26 111 1.0
26 137 1.0
26 181 1.0
26 236 1.0
26 252 1.0
26 260 2.0
26 285 1.0
26 301 1.0
26 380 1.0
26 416 1.0
26 984 1.0
26 1366 1.0
26 1367 1.0
26 1382 1.0
33 24 1.0
33 53 1.0
33 60 1.0
33 272 1.0
33 651 1.0
33 792 1.0
33 1105 1.0
35 3 2.0
35 19 1.0
35 48 1.0
35 58 1.0
35 115 1.0
35 162 1.0
35 217 1.0
35 235 1.0
35 274 1.0
35 875 1.0
37 5 1.0
37 12 1.0
37 58 1.0
37 104 1.0
37 189 1.0
37 351 1.0
37 395 1.0
37 1008 1.0
37 1054 1.0
38 46 1.0
38 82 1.0
38 413 1.0
38 415 1.0
38 1368 1.0
43 3 2.0
43 12 1.0
43 24 1.0
43 74 1.0
43 94 1.0
43 112 1.0
43 114 1.0
43 123 1.0
43 135 1.0
43 152 1.0
43 199 1.0
43 252 1.0
43 346 1.0
43 352 1.0
43 476 1.0
43 505 1.0
43 580 1.0
43 581 1.0
43 583 1.0
43 738 1.0
43 984 1.0
43 1148 1.0
44 12 1.0
44 71 1.0
44 82 1.0
44 257 1.0
44 287 1.0
44 352 1.0
44 377 1.0
44 380 1.0
44 422 1.0
44 433 1.0
44 464 1.0
44 520 1.0
44 1327 1.0
45 3 1.0
45 54 1.0
45 57 1.0
45 97 1.0
45 188 1.0
45 503 1.0
45 1352 1.0
46 12 1.0
46 23 1.0
46 30 1.0
46 45 1.0
46 65 1.0
46 73 1.0
46 137 1.0
46 171 1.0
46 191 1.0
46 237 1.0
46 297 1.0
46 365 1.0
46 646 1.0
46 829 1.0
46 1221 1.0
46 1419 1.0
52 3 1.0
52 5 1.0
52 135 1.0
52 137 1.0
52 155 1.0
52 196 1.0
52 251 1.0
52 258 1.0
52 274 1.0
52 382 1.0
52 383 1.0
52 458 1.0
52 707 1.0
52 1054 1.0
52 1326 1.0
52 1424 1.0
54 3 1.0
54 23 1.0
54 42 1.0
54 58 1.0
54 152 1.0
54 186 1.0
54 215 1.0
54 239 1.0
54 346 1.0
54 417 1.0
54 559 1.0
54 930 1.0
54 1438 1.0
55 74 1.0
55 108 1.0
55 175 2.0
55 431 1.0
55 754 1.0
60 3 1.0
60 161 2.0
60 186 1.0
60 189 1.0
60 251 1.0
60 515 1.0
60 548 1.0
66 24 1.0
66 319 1.0
66 1385 1.0
67 3 2.0
67 48 1.0
67 156 1.0
67 161 1.0
67 181 1.0
67 198 1.0
67 287 1.0
67 323 1.0
67 415 1.0
67 543 1.0
67 639 1.0
67 705 1.0
67 1420 2.0
68 20 1.0
68 162 1.0
68 196 1.0
68 198 1.0
68 217 1.0
68 346 1.0
68 476 1.0
68 567 1.0
69 74 1.0
69 111 1.0
69 260 1.0
69 282 1.0
69 302 1.0
69 347 1.0
69 350 1.0
69 396 1.0
69 455 1.0
69 638 1.0
69 669 1.0
69 722 1.0
69 757 1.0
69 770 1.0
69 773 1.0
69 1259 1.0
70 5 1.0
70 74 1.0
70 77 1.0
70 82 1.0
70 88 1.0
70 89 1.0
70 100 1.0
70 111 1.0
70 112 1.0
70 152 1.0
70 181 1.0
70 186 1.0
70 257 2.0
70 260 3.0
70 350 1.0
70 368 2.0
70 402 1.0
70 466 1.0
70 514 1.0
70 581 1.0
70 722 1.0
70 811 1.0
70 823 1.0
70 976 1.0
70 983 1.0
70 1020 1.0
70 1259 1.0
70 1336 1.0
71 98 1.0
71 111 2.0
71 260 1.0
71 281 1.0
71 301 1.0
71 460 1.0
71 505 1.0
71 795 1.0
71 1160 1.0
71 1364 1.0
72 3 1.0
72 32 1.0
72 57 1.0
72 315 1.0
73 3 1.0
73 32 1.0
73 57 1.0
73 252 1.0
73 257 1.0
73 274 1.0
73 315 1.0
73 347 1.0
73 573 1.0
74 3 1.0
74 142 1.0
74 146 1.0
74 195 1.0
74 443 1.0
74 584 1.0
75 74 2.0
75 88 1.0
75 93 1.0
75 94 1.0
75 105 1.0
75 262 1.0
75 298 1.0
75 311 1.0
75 324 1.0
75 377 1.0
75 392 1.0
75 406 1.0
75 497 1.0
75 658 1.0
75 1312 1.0
76 123 1.0
76 179 1.0
76 341 1.0
76 343 1.0
76 456 1.0
76 480 1.0
77 12 1.0
77 22 1.0
77 32 1.0
77 162 1.0
77 217 1.0
77 235 1.0
78 10 2.0
78 17 1.0
78 73 1.0
78 77 2.0
78 82 3.0
78 90 1.0
78 146 2.0
78 218 1.0
78 229 1.0
78 257 1.0
78 260 1.0
78 332 1.0
78 406 1.0
78 433 1.0
78 491 1.0
78 725 1.0
78 730 1.0
78 1464 1.0
79 10 1.0
79 51 1.0
79 77 1.0
79 82 1.0
79 146 2.0
79 218 1.0
79 229 1.0
79 257 1.0
79 273 1.0
79 332 1.0
79 406 1.0
79 491 1.0
79 725 1.0
79 730 1.0
79 748 1.0
79 760 1.0
79 910 1.0
81 82 1.0
81 288 1.0
81 306 1.0
81 433 1.0
81 802 1.0
81 1459 1.0
82 3 1.0
82 12 3.0
82 17 1.0
82 63 1.0
82 71 1.0
82 74 2.0
82 82 2.0
82 111 2.0
82 232 1.0
82 235 1.0
82 257 3.0
82 260 3.0
82 267 1.0
82 268 1.0
82 287 1.0
82 292 1.0
82 352 1.0
82 367 1.0
82 377 1.0
82 379 1.0
82 380 1.0
82 422 1.0
82 433 1.0
82 464 3.0
82 478 1.0
82 483 1.0
82 520 1.0
82 658 1.0
82 731 2.0
82 759 1.0
82 805 2.0
82 879 1.0
82 1306 1.0
82 1327 1.0
83 12 1.0
83 82 1.0
83 257 1.0
83 464 1.0
83 483 1.0
83 520 1.0
83 658 1.0
83 805 2.0
83 1327 1.0
84 68 1.0
84 100 1.0
84 118 1.0
84 211 1.0
84 468 1.0
84 498 1.0
84 528 1.0
84 628 1.0
84 1468 1.0
85 68 1.0
85 100 1.0
85 118 1.0
85 211 1.0
85 468 1.0
85 498 1.0
85 528 1.0
85 628 1.0
85 1468 1.0
86 5 1.0
86 30 1.0
86 48 1.0
86 74 1.0
86 88 2.0
86 90 1.0
86 112 1.0
86 157 1.0
86 166 1.0
86 186 1.0
86 208 1.0
86 211 1.0
86 232 1.0
86 260 1.0
86 313 1.0
86 335 1.0
86 340 1.0
86 368 1.0
86 464 1.0
86 837 1.0
86 914 1.0
86 1373 1.0
88 3 1.0
88 20 1.0
88 37 1.0
88 58 1.0
88 60 1.0
88 82 1.0
88 91 1.0
88 135 1.0
88 159 1.0
88 161 1.0
88 162 1.0
88 217 1.0
88 235 1.0
88 266 1.0
88 324 1.0
88 396 1.0
88 548 1.0
88 793 1.0
89 12 1.0
89 20 1.0
89 164 1.0
89 198 1.0
89 323 1.0
89 329 1.0
89 352 1.0
89 390 1.0
89 567 1.0
89 597 1.0
89 1310 1.0
90 82 1.0
90 94 1.0
90 100 1.0
90 270 1.0
90 293 1.0
90 324 1.0
90 380 1.0
90 433 1.0
90 455 1.0
90 763 1.0
90 1131 1.0
90 1478 1.0
91 257 1.0
91 260 1.0
91 368 1.0
91 514 1.0
91 976 1.0
91 1336 1.0
92 257 1.0
92 260 1.0
92 368 1.0
92 514 1.0
92 976 1.0
92 1336 1.0
95 30 1.0
95 41 1.0
95 74 1.0
95 91 1.0
95 107 1.0
95 116 1.0
95 171 1.0
95 178 1.0
95 183 1.0
95 196 2.0
95 220 1.0
95 521 1.0
95 612 1.0
96 29 1.0
96 63 1.0
96 68 1.0
96 236 1.0
96 472 1.0
97 161 1.0
97 189 1.0
97 548 1.0
98 1392 1.0
98 1444 1.0
99 3 1.0
99 161 2.0
99 186 1.0
99 189 1.0
99 251 1.0
99 515 1.0
99 548 1.0
100 3 1.0
100 63 1.0
100 74 1.0
100 161 3.0
100 186 1.0
100 189 1.0
100 251 1.0
100 475 1.0
100 515 1.0
100 548 1.0
100 638 1.0
100 1241 1.0
101 5 1.0
101 20 1.0
101 29 1.0
101 33 1.0
101 34 1.0
101 57 1.0
101 68 1.0
101 70 1.0
101 77 1.0
101 93 1.0
101 110 1.0
101 115 1.0
101 196 1.0
101 252 1.0
101 280 1.0
101 287 2.0
101 377 1.0
101 518 1.0
101 929 1.0
101 1033 1.0
102 30 1.0
102 134 1.0
102 164 1.0
102 261 1.0
102 324 1.0
102 1224 1.0
102 1294 1.0
103 3 1.0
103 149 1.0
103 236 1.0
103 441 1.0
103 489 1.0
103 956 1.0
103 1054 1.0
103 1411 1.0
104 3 1.0
104 46 1.0
104 54 1.0
104 143 1.0
104 156 1.0
104 164 2.0
104 171 1.0
104 227 1.0
104 287 1.0
104 440 1.0
104 469 1.0
104 541 1.0
104 707 1.0
104 819 1.0
105 5 1.0
105 70 1.0
105 82 1.0
105 111 1.0
105 396 1.0
105 534 1.0
105 760 1.0
107 23 1.0
107 315 1.0
107 323 3.0
107 487 1.0
107 522 1.0
107 575 1.0
107 1412 1.0
107 1439 1.0
108 265 1.0
108 287 1.0
108 370 1.0
108 476 1.0
108 1198 1.0
109 82 1.0
109 103 1.0
109 135 1.0
109 146 1.0
109 189 1.0
109 196 1.0
109 299 1.0
109 332 2.0
109 368 1.0
109 549 1.0
109 875 1.0
109 909 1.0
109 1184 1.0
109 1446 1.0
110 3 1.0
110 48 1.0
110 135 1.0
110 580 1.0
110 583 1.0
110 875 1.0
112 20 1.0
112 33 1.0
112 57 1.0
112 162 1.0
112 196 1.0
112 198 1.0
112 217 1.0
112 346 1.0
112 476 1.0
112 540 1.0
112 567 1.0
114 3 1.0
114 82 1.0
114 85 1.0
114 108 1.0
114 135 1.0
114 175 1.0
114 188 1.0
114 311 1.0
114 322 1.0
114 533 1.0
114 534 1.0
114 572 1.0
114 689 1.0
114 1126 1.0
114 1209 1.0
114 1268 1.0
114 1373 1.0
114 1420 1.0
115 108 1.0
115 175 1.0
115 188 1.0
115 311 1.0
115 322 1.0
115 534 1.0
115 689 1.0
115 1126 1.0
115 1209 1.0
115 1268 1.0
115 1420 1.0
116 32 1.0
116 60 1.0
116 123 1.0
116 162 1.0
116 217 1.0
116 235 1.0
116 1031 1.0
119 198 1.0
119 254 1.0
119 567 1.0
122 48 1.0
122 64 1.0
122 65 1.0
122 162 1.0
122 198 1.0
122 217 1.0
122 235 1.0
122 270 1.0
122 380 1.0
122 588 1.0
122 625 1.0
122 838 1.0
122 902 1.0
122 1429 1.0
122 1430 1.0
122 1431 1.0
123 5 1.0
123 41 1.0
123 60 1.0
123 270 1.0
123 380 1.0
123 520 1.0
123 1417 1.0
125 5 1.0
125 41 1.0
125 60 1.0
125 270 1.0
125 380 1.0
125 520 1.0
125 1417 1.0
127 82 1.0
127 799 1.0
127 848 1.0
127 1056 1.0
127 1451 1.0
130 30 1.0
130 47 1.0
130 458 1.0
130 623 1.0
130 815 1.0
132 10 1.0
132 82 1.0
132 500 1.0
132 1060 1.0
135 77 1.0
135 408 1.0
135 452 1.0
135 538 1.0
139 74 1.0
139 88 1.0
139 112 1.0
139 115 1.0
139 146 1.0
139 179 1.0
139 218 1.0
139 257 2.0
139 260 1.0
139 458 1.0
139 464 2.0
139 529 1.0
139 874 1.0
139 1164 1.0
140 64 1.0
140 82 2.0
140 137 1.0
140 237 1.0
140 248 1.0
140 256 1.0
140 270 1.0
140 284 1.0
140 380 1.0
140 623 1.0
140 628 1.0
140 793 1.0
140 1131 1.0
140 1291 1.0
140 1406 1.0
140 1476 1.0
143 30 1.0
143 60 1.0
143 483 1.0
143 657 1.0
144 89 1.0
144 100 1.0
144 218 1.0
144 469 1.0
144 957 1.0
147 16 1.0
147 17 1.0
147 82 2.0
147 257 1.0
147 260 2.0
147 287 1.0
147 408 1.0
147 415 1.0
147 426 1.0
147 472 1.0
147 476 2.0
147 491 1.0
147 652 1.0
147 698 1.0
147 856 1.0
147 1088 1.0
147 1121 1.0
150 3 2.0
150 12 1.0
150 109 1.0
150 142 1.0
150 146 1.0
150 181 1.0
150 195 1.0
150 208 1.0
150 404 1.0
150 443 1.0
150 584 1.0
156 5 1.0
156 105 1.0
156 111 1.0
156 257 1.0
156 260 1.0
156 298 1.0
156 320 1.0
156 329 1.0
156 331 1.0
156 347 1.0
156 465 2.0
156 704 1.0
156 1323 1.0
157 5 1.0
157 298 1.0
157 331 1.0
157 347 1.0
157 704 1.0
159 57 1.0
159 82 1.0
159 91 1.0
159 93 1.0
159 145 1.0
159 236 1.0
159 251 3.0
159 258 1.0
159 377 1.0
159 378 1.0
159 1117 1.0
160 57 1.0
160 82 1.0
160 91 1.0
160 93 1.0
160 145 1.0
160 236 1.0
160 251 3.0
160 258 1.0
160 377 1.0
160 378 1.0
160 1117 1.0
161 82 1.0
161 91 1.0
161 93 1.0
161 236 1.0
161 251 1.0
161 377 1.0
161 378 1.0
163 82 1.0
163 91 1.0
163 93 1.0
163 236 1.0
163 251 1.0
163 377 1.0
163 378 1.0
164 74 1.0
164 93 1.0
164 94 1.0
164 105 1.0
164 298 1.0
164 311 1.0
164 377 1.0
165 146 1.0
165 171 1.0
165 287 1.0
166 34 1.0
166 47 1.0
166 82 2.0
166 88 2.0
166 187 1.0
166 260 2.0
166 360 1.0
166 418 1.0
166 658 1.0
166 875 1.0
166 910 1.0
166 914 1.0
167 57 1.0
167 84 1.0
167 208 1.0
167 235 1.0
167 257 1.0
167 291 1.0
167 340 1.0
167 464 2.0
167 465 1.0
167 892 1.0
167 912 1.0
167 1172 1.0
168 82 1.0
168 90 1.0
168 158 1.0
168 282 1.0
168 390 1.0
168 774 1.0
169 82 1.0
169 189 1.0
169 231 1.0
169 264 1.0
169 341 1.0
169 380 1.0
169 422 1.0
169 1331 1.0
170 89 1.0
170 205 1.0
170 256 1.0
170 257 1.0
170 274 1.0
170 465 1.0
170 825 1.0
170 1333 1.0
172 27 1.0
172 82 1.0
172 84 1.0
172 100 2.0
172 237 1.0
172 245 1.0
172 246 1.0
172 257 1.0
172 260 2.0
172 298 1.0
172 380 5.0
172 406 1.0
172 422 3.0
172 426 1.0
172 473 1.0
172 549 1.0
172 1060 1.0
172 1171 1.0
172 1324 1.0
172 1326 1.0
172 1371 1.0
178 0 1.0
178 48 1.0
178 51 1.0
178 77 1.0
178 82 1.0
178 89 1.0
178 168 1.0
178 181 1.0
178 246 1.0
178 257 1.0
178 260 2.0
178 287 1.0
178 302 1.0
178 329 1.0
178 444 1.0
178 466 1.0
178 469 1.0
178 721 3.0
178 811 1.0
178 888 1.0
178 910 1.0
178 1020 1.0
178 1154 1.0
179 48 1.0
179 51 1.0
179 82 1.0
179 246 1.0
179 260 1.0
179 287 1.0
179 302 1.0
179 444 1.0
179 469 1.0
179 721 2.0
179 910 1.0
179 1020 1.0
179 1154 1.0
184 48 1.0
184 51 1.0
184 77 1.0
184 82 1.0
184 89 1.0
184 181 1.0
184 246 1.0
184 257 1.0
184 260 2.0
184 287 1.0
184 302 1.0
184 444 1.0
184 466 1.0
184 469 1.0
184 721 2.0
184 811 1.0
184 910 1.0
184 1020 1.0
184 1154 1.0
185 3 1.0
185 5 1.0
185 25 1.0
185 27 1.0
185 48 1.0
185 51 1.0
185 54 1.0
185 77 1.0
185 89 1.0
185 181 1.0
185 246 1.0
185 257 1.0
185 260 2.0
185 302 1.0
185 399 1.0
185 416 1.0
185 465 1.0
185 466 1.0
185 469 1.0
185 485 1.0
185 811 1.0
185 910 1.0
185 1020 1.0
190 3 1.0
190 12 1.0
190 19 1.0
190 48 1.0
190 199 1.0
190 323 1.0
190 569 1.0
191 3 1.0
191 12 1.0
191 19 1.0
191 48 1.0
191 199 1.0
191 323 1.0
191 569 1.0
193 65 2.0
193 134 1.0
193 141 1.0
193 164 1.0
193 237 1.0
193 298 1.0
194 5 1.0
194 75 1.0
194 89 1.0
194 100 1.0
194 260 1.0
194 380 1.0
194 1366 1.0
194 1367 1.0
198 32 1.0
198 34 1.0
198 153 1.0
198 189 1.0
198 370 1.0
198 862 1.0
198 1389 1.0
201 3 1.0
201 48 1.0
201 875 1.0
203 12 1.0
203 352 1.0
203 370 1.0
204 90 1.0
204 158 1.0
204 390 1.0
204 774 1.0
205 5 2.0
205 17 1.0
205 47 1.0
205 104 2.0
205 153 1.0
205 161 2.0
205 193 1.0
205 196 1.0
205 246 1.0
205 397 1.0
205 1103 2.0
205 1331 1.0
205 1348 2.0
206 3 1.0
206 33 1.0
206 46 1.0
206 47 1.0
206 54 1.0
206 143 1.0
206 159 1.0
206 164 2.0
206 200 1.0
206 227 1.0
206 232 2.0
206 287 1.0
206 341 1.0
206 469 1.0
206 610 1.0
206 819 1.0
207 20 1.0
207 162 1.0
207 196 1.0
207 198 1.0
207 217 1.0
207 346 1.0
207 476 1.0
207 567 1.0
209 5 1.0
209 12 1.0
209 29 1.0
209 82 1.0
209 383 1.0
209 531 1.0
209 543 1.0
209 943 1.0
209 1427 1.0
210 3 1.0
210 137 1.0
210 196 1.0
210 251 1.0
210 382 1.0
210 383 1.0
211 3 3.0
211 5 2.0
211 65 1.0
211 67 1.0
211 124 1.0
211 135 1.0
211 137 1.0
211 151 1.0
211 161 2.0
211 196 1.0
211 251 1.0
211 258 1.0
211 274 1.0
211 293 1.0
211 297 1.0
211 345 1.0
211 363 1.0
211 382 1.0
211 383 1.0
211 515 1.0
211 522 1.0
211 546 1.0
211 556 1.0
211 634 1.0
211 707 1.0
211 1075 1.0
211 1326 1.0
211 1442 1.0
212 0 1.0
212 3 1.0
212 78 1.0
212 164 1.0
212 165 1.0
212 166 1.0
212 167 1.0
212 191 1.0
212 368 1.0
212 656 1.0
212 1287 1.0
212 1351 1.0
216 3 1.0
216 5 1.0
216 65 1.0
216 82 1.0
216 184 1.0
216 198 1.0
216 342 1.0
216 676 1.0
216 859 1.0
216 1035 1.0
216 1355 1.0
218 5 1.0
218 12 1.0
218 58 1.0
218 104 1.0
218 189 1.0
218 351 1.0
218 395 1.0
218 1008 1.0
218 1054 1.0
219 20 1.0
219 52 1.0
219 53 1.0
219 191 1.0
219 221 1.0
219 357 1.0
219 491 1.0
220 3 2.0
220 25 1.0
220 27 1.0
220 32 1.0
220 34 1.0
220 54 2.0
220 141 1.0
220 142 1.0
220 144 1.0
220 153 1.0
220 189 1.0
220 370 1.0
220 399 1.0
220 416 1.0
220 465 2.0
220 485 1.0
220 862 1.0
220 1088 1.0
220 1389 1.0
235 82 1.0
235 95 1.0
235 109 1.0
235 143 1.0
235 181 1.0
235 875 1.0
235 935 1.0
235 1003 1.0
237 51 1.0
237 53 1.0
237 73 1.0
237 792 1.0
238 3 1.0
238 218 1.0
238 936 1.0
239 3 1.0
239 218 1.0
239 936 1.0
241 57 1.0
241 90 1.0
241 198 1.0
241 218 1.0
241 1466 1.0
245 153 1.0
245 162 1.0
245 352 1.0
245 1127 1.0
245 1221 1.0
246 3 2.0
246 5 1.0
246 12 1.0
246 51 1.0
246 54 2.0
246 57 1.0
246 124 1.0
246 265 1.0
246 469 1.0
246 550 1.0
247 3 2.0
247 10 1.0
247 29 1.0
247 54 1.0
247 73 1.0
247 80 1.0
247 121 1.0
247 124 1.0
247 171 1.0
247 189 1.0
247 213 1.0
247 252 2.0
247 265 1.0
247 529 1.0
247 559 1.0
247 763 1.0
247 802 1.0
247 814 1.0
247 1132 1.0
257 186 1.0
257 251 1.0
257 437 1.0
257 515 1.0
259 33 1.0
259 34 1.0
259 60 1.0
259 74 2.0
259 152 1.0
259 159 1.0
259 208 1.0
259 379 1.0
259 494 1.0
259 1103 1.0
261 3 1.0
261 46 1.0
261 54 1.0
261 213 1.0
261 252 1.0
261 821 1.0
261 936 1.0
261 937 1.0
261 1132 1.0
263 3 1.0
263 5 1.0
263 12 1.0
263 51 1.0
263 54 1.0
263 57 1.0
263 131 1.0
263 263 1.0
263 265 1.0
263 332 1.0
263 344 1.0
263 440 1.0
263 469 1.0
263 496 1.0
263 550 1.0
263 611 1.0
263 1047 1.0
263 1258 1.0
265 58 1.0
265 189 1.0
265 395 1.0
269 12 1.0
269 57 1.0
269 60 1.0
269 105 1.0
269 812 2.0
269 1020 1.0
269 1117 1.0
269 1376 1.0
269 1462 1.0
270 12 1.0
270 57 1.0
270 60 1.0
270 105 1.0
270 812 2.0
270 1020 1.0
270 1117 1.0
270 1376 1.0
270 1462 1.0
271 22 1.0
271 260 1.0
271 301 1.0
271 416 1.0
271 984 1.0
271 1382 1.0
272 30 1.0
272 60 1.0
272 483 1.0
272 657 1.0
273 88 1.0
273 340 1.0
273 349 1.0
273 693 1.0
274 88 1.0
274 340 1.0
274 349 1.0
274 693 1.0
275 36 1.0
275 82 1.0
275 105 1.0
275 106 1.0
275 111 1.0
275 151 1.0
275 167 1.0
275 179 1.0
275 260 1.0
275 313 1.0
275 380 1.0
275 417 1.0
275 422 1.0
275 512 1.0
275 1381 1.0
277 3 1.0
277 5 1.0
277 121 1.0
277 137 1.0
277 145 1.0
277 162 1.0
277 266 1.0
277 358 1.0
277 396 1.0
277 620 2.0
277 639 1.0
277 974 1.0
277 1087 1.0
277 1222 1.0
278 5 1.0
278 48 1.0
278 103 1.0
278 123 1.0
278 135 1.0
278 137 1.0
278 198 2.0
278 237 1.0
278 380 1.0
278 397 1.0
278 422 1.0
278 567 2.0
278 580 1.0
278 583 1.0
278 654 1.0
278 656 1.0
278 876 1.0
278 1070 1.0
278 1402 1.0
278 1403 1.0
279 47 1.0
279 68 1.0
279 82 1.0
279 251 1.0
279 383 1.0
279 531 1.0
279 649 1.0
279 943 1.0
279 1389 1.0
279 1400 1.0
279 1427 1.0
281 1392 1.0
281 1444 1.0
284 71 1.0
284 82 1.0
284 161 1.0
284 189 1.0
284 191 1.0
284 247 1.0
284 321 1.0
284 336 1.0
284 548 1.0
284 726 1.0
284 1454 1.0
284 1477 1.0
285 3 1.0
285 33 1.0
285 57 1.0
285 408 1.0
285 540 1.0
285 658 1.0
287 265 1.0
287 287 1.0
287 370 1.0
287 476 1.0
287 1198 1.0
290 251 1.0
290 649 1.0
290 1389 1.0
293 23 1.0
293 164 1.0
293 171 1.0
293 213 1.0
293 237 1.0
293 265 1.0
293 319 1.0
293 634 1.0
293 816 1.0
293 937 1.0
293 1208 1.0
294 82 1.0
294 115 1.0
294 170 1.0
294 189 1.0
294 242 1.0
294 263 1.0
294 277 1.0
294 295 1.0
294 296 1.0
294 311 1.0
294 377 1.0
294 378 1.0
294 395 1.0
294 444 1.0
294 585 1.0
294 775 1.0
294 1227 1.0
294 1387 1.0
299 216 1.0
299 257 1.0
299 287 1.0
299 642 1.0
299 764 1.0
301 175 1.0
301 236 1.0
301 930 1.0
302 236 1.0
302 321 1.0
303 48 1.0
303 64 1.0
303 65 1.0
303 162 1.0
303 198 1.0
303 217 1.0
303 235 1.0
303 270 1.0
303 380 1.0
303 588 1.0
303 625 1.0
303 838 1.0
303 902 1.0
303 1429 1.0
303 1430 1.0
303 1431 1.0
304 29 1.0
304 32 1.0
304 33 1.0
304 60 1.0
304 68 1.0
304 74 1.0
304 82 1.0
304 89 1.0
304 123 1.0
304 162 1.0
304 217 1.0
304 231 1.0
304 235 1.0
304 345 1.0
304 488 1.0
304 949 1.0
304 1031 1.0
306 77 1.0
306 406 1.0
306 625 1.0
307 100 3.0
307 181 1.0
307 211 1.0
307 260 1.0
307 333 1.0
307 424 1.0
307 425 1.0
307 438 1.0
307 466 1.0
307 628 1.0
308 295 1.0
308 1475 1.0
309 82 1.0
309 90 1.0
309 433 2.0
310 67 1.0
310 82 1.0
310 137 1.0
310 433 1.0
310 500 1.0
310 505 1.0
310 1131 1.0
314 198 1.0
314 435 1.0
315 198 1.0
315 435 1.0
316 198 1.0
316 435 1.0
318 10 1.0
318 77 1.0
318 112 1.0
318 218 1.0
318 406 1.0
318 812 1.0
319 16 1.0
319 17 1.0
319 82 1.0
319 260 1.0
319 426 1.0
319 476 1.0
319 491 1.0
320 223 1.0
320 237 1.0
320 256 1.0
320 427 1.0
320 483 1.0
321 82 2.0
321 223 1.0
321 237 1.0
321 238 1.0
321 239 1.0
321 256 1.0
321 288 1.0
321 306 1.0
321 407 1.0
321 427 1.0
321 433 2.0
321 483 1.0
321 730 1.0
321 802 1.0
321 1459 1.0
322 10 2.0
322 13 1.0
322 82 1.0
322 114 1.0
322 218 1.0
322 299 1.0
322 789 2.0
322 792 1.0
323 21 1.0
323 111 1.0
323 137 1.0
323 237 1.0
323 262 1.0
323 321 2.0
323 434 1.0
323 551 1.0
323 569 1.0
323 667 1.0
323 1276 1.0
325 2 1.0
325 10 1.0
325 82 1.0
325 111 1.0
325 330 1.0
325 507 1.0
325 1304 2.0
326 100 1.0
326 468 1.0
326 498 1.0
326 628 1.0
326 1468 1.0
327 3 2.0
327 25 1.0
327 27 1.0
327 54 2.0
327 141 1.0
327 142 1.0
327 144 1.0
327 399 1.0
327 416 1.0
327 465 2.0
327 485 1.0
327 1088 1.0
328 3 2.0
328 25 1.0
328 27 1.0
328 54 2.0
328 141 1.0
328 142 1.0
328 144 1.0
328 399 1.0
328 416 1.0
328 465 2.0
328 485 1.0
328 1088 1.0
329 3 1.0
329 5 1.0
329 25 1.0
329 27 1.0
329 54 1.0
329 399 1.0
329 416 1.0
329 465 1.0
329 485 1.0
329 1020 1.0
330 20 1.0
330 82 1.0
330 88 1.0
330 89 1.0
330 112 1.0
330 208 1.0
330 218 1.0
330 251 2.0
330 314 1.0
330 315 1.0
330 340 1.0
330 387 1.0
330 409 1.0
330 466 1.0
330 675 1.0
330 702 1.0
330 841 1.0
330 914 1.0
331 84 1.0
331 251 2.0
331 260 1.0
331 444 1.0
331 469 1.0
331 929 1.0
331 959 1.0
331 1095 1.0
331 1096 1.0
331 1306 1.0
332 12 2.0
332 56 1.0
332 57 1.0
332 60 1.0
332 82 2.0
332 100 1.0
332 152 1.0
332 168 1.0
332 211 2.0
332 218 1.0
332 251 2.0
332 260 3.0
332 297 1.0
332 324 1.0
332 402 1.0
332 416 1.0
332 466 1.0
332 478 2.0
332 514 1.0
332 548 1.0
332 559 1.0
332 581 1.0
332 823 1.0
332 874 1.0
332 908 1.0
332 983 1.0
332 1117 1.0
332 1330 1.0
332 1375 1.0
333 56 1.0
333 60 1.0
333 82 1.0
333 100 1.0
333 152 1.0
333 168 1.0
333 211 1.0
333 260 2.0
333 402 1.0
333 466 1.0
333 478 1.0
333 514 1.0
333 581 1.0
333 823 1.0
333 983 1.0
334 12 1.0
334 29 1.0
334 57 1.0
334 68 1.0
334 180 1.0
334 211 1.0
334 251 1.0
334 340 1.0
334 466 1.0
334 496 1.0
334 505 1.0
334 551 1.0
334 647 1.0
335 20 1.0
335 57 1.0
335 82 2.0
335 111 1.0
335 143 1.0
335 160 1.0
335 178 1.0
335 187 1.0
335 260 1.0
335 274 1.0
335 414 1.0
335 471 1.0
336 74 1.0
336 82 1.0
336 88 2.0
336 166 1.0
336 185 1.0
336 190 1.0
336 251 2.0
336 258 1.0
336 377 1.0
336 378 1.0
336 415 1.0
336 693 1.0
336 972 1.0
337 74 1.0
337 88 1.0
337 112 1.0
337 115 1.0
337 146 1.0
337 179 1.0
337 218 1.0
337 257 2.0
337 260 1.0
337 458 1.0
337 464 2.0
337 529 1.0
337 874 1.0
337 1164 1.0
338 12 1.0
338 29 1.0
338 57 1.0
338 100 1.0
338 171 1.0
338 232 1.0
338 295 1.0
338 303 1.0
338 340 1.0
338 408 1.0
338 548 1.0
338 886 1.0
338 905 1.0
339 71 1.0
339 82 1.0
339 235 1.0
339 257 1.0
339 260 1.0
339 287 1.0
339 292 1.0
339 352 1.0
339 377 1.0
339 380 1.0
339 422 1.0
339 433 1.0
339 464 1.0
339 879 1.0
340 100 1.0
340 211 1.0
340 260 1.0
340 268 1.0
340 287 1.0
340 466 2.0
340 629 1.0
340 1314 1.0
341 32 1.0
341 58 1.0
341 67 2.0
341 163 1.0
341 262 1.0
341 267 1.0
341 329 1.0
341 641 1.0
341 888 2.0
341 1369 1.0
342 3 1.0
342 5 1.0
342 121 1.0
342 137 1.0
342 145 1.0
342 147 1.0
342 266 1.0
342 367 1.0
342 639 1.0
342 974 1.0
342 1087 1.0
343 0 1.0
343 74 1.0
343 170 1.0
343 211 1.0
343 236 1.0
343 289 1.0
343 295 1.0
343 347 2.0
343 390 2.0
343 843 1.0
343 1319 2.0
344 3 1.0
344 19 1.0
344 71 1.0
344 74 1.0
344 142 1.0
344 146 1.0
344 161 1.0
344 195 1.0
344 211 1.0
344 236 1.0
344 347 1.0
344 390 1.0
344 443 1.0
344 584 1.0
344 1319 1.0
345 5 1.0
345 74 1.0
345 82 1.0
345 198 1.0
345 211 1.0
345 236 1.0
345 342 1.0
345 347 1.0
345 390 1.0
345 859 1.0
345 1319 1.0
346 23 1.0
346 40 1.0
346 46 1.0
346 135 1.0
346 159 1.0
346 188 1.0
346 260 1.0
346 873 1.0
346 1320 1.0
347 12 2.0
347 46 1.0
347 156 1.0
347 188 2.0
347 260 3.0
347 295 1.0
347 466 1.0
347 480 1.0
347 497 1.0
347 1192 1.0
347 1320 1.0
348 3 1.0
348 57 1.0
348 77 1.0
348 84 1.0
348 149 1.0
348 257 1.0
348 268 1.0
348 273 1.0
348 317 1.0
348 367 1.0
348 380 1.0
348 407 1.0
348 422 1.0
348 538 1.0
349 211 1.0
349 218 2.0
349 347 1.0
349 466 1.0
349 496 1.0
349 767 1.0
349 1020 1.0
349 1306 1.0
350 84 1.0
350 100 2.0
350 246 1.0
350 257 1.0
350 260 1.0
350 298 1.0
350 380 3.0
350 422 2.0
350 426 1.0
350 1171 1.0
350 1326 1.0
351 3 2.0
351 25 1.0
351 32 1.0
351 100 1.0
351 105 1.0
351 135 2.0
351 146 1.0
351 193 1.0
351 200 1.0
351 206 1.0
351 211 1.0
351 212 1.0
351 342 1.0
351 398 1.0
351 416 1.0
351 559 1.0
351 972 1.0
351 1356 1.0
352 172 1.0
352 179 1.0
352 198 1.0
352 251 1.0
352 260 1.0
352 469 1.0
352 591 1.0
352 899 2.0
353 221 1.0
353 246 1.0
353 358 1.0
353 469 1.0
353 590 1.0
353 641 1.0
353 869 1.0
353 923 2.0
353 1086 1.0
353 1353 1.0
353 1354 1.0
354 30 1.0
354 40 1.0
354 65 1.0
354 82 1.0
354 100 1.0
354 135 1.0
354 251 1.0
354 299 1.0
354 311 1.0
354 336 1.0
354 340 1.0
354 375 1.0
354 482 1.0
354 559 1.0
354 1207 1.0
354 1329 1.0
355 30 1.0
355 40 1.0
355 65 1.0
355 82 1.0
355 100 1.0
355 135 1.0
355 251 1.0
355 299 1.0
355 311 1.0
355 336 1.0
355 340 1.0
355 375 1.0
355 482 1.0
355 559 1.0
355 1207 1.0
355 1329 1.0
356 3 1.0
356 10 1.0
356 12 1.0
356 82 1.0
356 109 1.0
356 181 1.0
356 208 1.0
356 260 1.0
356 404 1.0
356 654 1.0
357 12 1.0
357 20 1.0
357 29 2.0
357 68 1.0
357 211 1.0
357 236 1.0
357 289 1.0
357 291 1.0
357 292 1.0
357 293 1.0
357 496 1.0
358 3 1.0
358 12 1.0
358 63 1.0
358 74 2.0
358 111 2.0
358 267 1.0
358 268 1.0
358 367 1.0
358 731 2.0
358 759 1.0
359 3 1.0
359 12 1.0
359 63 1.0
359 74 2.0
359 111 2.0
359 267 1.0
359 268 1.0
359 367 1.0
359 731 2.0
359 759 1.0
360 3 2.0
360 5 1.0
360 12 1.0
360 54 1.0
360 134 1.0
360 142 1.0
360 166 1.0
360 184 1.0
360 190 1.0
360 211 1.0
360 258 1.0
360 415 1.0
360 645 1.0
361 3 1.0
361 30 1.0
361 54 1.0
361 134 1.0
361 153 1.0
361 157 1.0
361 164 1.0
361 188 1.0
361 261 1.0
361 324 1.0
361 960 1.0
361 1224 1.0
361 1294 1.0
362 2 1.0
362 3 1.0
362 5 1.0
362 29 1.0
362 32 1.0
362 47 1.0
362 54 1.0
362 82 1.0
362 181 1.0
362 198 1.0
362 212 1.0
362 342 1.0
362 451 1.0
362 590 1.0
362 859 1.0
362 1344 1.0
363 5 1.0
363 33 1.0
363 60 1.0
363 130 1.0
363 152 1.0
363 159 1.0
363 196 1.0
363 252 1.0
363 263 1.0
363 369 1.0
363 379 1.0
363 494 1.0
364 33 1.0
364 34 1.0
364 60 1.0
364 74 2.0
364 152 1.0
364 159 1.0
364 208 1.0
364 379 1.0
364 494 1.0
364 1103 1.0
365 19 1.0
365 47 1.0
365 71 1.0
365 74 2.0
365 82 2.0
365 88 2.0
365 95 1.0
365 161 1.0
365 185 1.0
365 187 2.0
365 251 2.0
365 358 1.0
365 978 1.0
366 3 2.0
366 46 1.0
366 54 1.0
366 134 1.0
366 184 1.0
366 188 1.0
366 258 1.0
366 836 1.0
367 3 2.0
367 54 1.0
367 73 1.0
367 80 1.0
367 124 1.0
367 171 1.0
367 213 1.0
367 252 1.0
367 265 1.0
367 802 1.0
367 1132 1.0
368 3 1.0
368 5 1.0
368 12 1.0
368 51 1.0
368 54 1.0
368 57 1.0
368 131 1.0
368 263 1.0
368 265 1.0
368 440 1.0
368 469 1.0
368 550 1.0
368 611 1.0
368 1047 1.0
369 23 1.0
369 108 1.0
369 156 1.0
369 171 1.0
369 190 1.0
369 440 1.0
369 541 1.0
369 707 1.0
369 1203 1.0
370 23 1.0
370 108 1.0
370 156 1.0
370 171 1.0
370 190 1.0
370 215 1.0
370 239 1.0
370 440 1.0
370 541 1.0
370 707 1.0
370 930 1.0
370 1203 1.0
371 5 1.0
371 12 1.0
371 19 1.0
371 22 1.0
371 30 1.0
371 57 1.0
371 82 1.0
371 103 1.0
371 128 2.0
371 208 2.0
371 246 1.0
371 251 2.0
371 303 1.0
371 412 1.0
371 834 1.0
371 1088 1.0
371 1202 1.0
372 5 2.0
372 12 1.0
372 19 1.0
372 22 1.0
372 30 1.0
372 57 1.0
372 69 1.0
372 82 1.0
372 103 1.0
372 116 1.0
372 117 1.0
372 128 2.0
372 208 2.0
372 246 1.0
372 251 2.0
372 265 1.0
372 303 1.0
372 360 1.0
372 412 1.0
372 476 1.0
372 549 1.0
372 834 1.0
372 1088 1.0
372 1202 1.0
373 5 2.0
373 12 1.0
373 19 1.0
373 22 1.0
373 30 1.0
373 57 1.0
373 69 1.0
373 82 1.0
373 103 1.0
373 116 1.0
373 117 1.0
373 128 2.0
373 208 2.0
373 246 1.0
373 251 2.0
373 265 1.0
373 303 1.0
373 360 1.0
373 412 1.0
373 476 1.0
373 549 1.0
373 834 1.0
373 1088 1.0
373 1202 1.0
374 3 1.0
374 65 1.0
374 67 1.0
374 151 1.0
374 161 1.0
374 297 1.0
374 345 1.0
374 515 1.0
374 522 1.0
374 556 1.0
374 1075 1.0
375 3 1.0
375 65 1.0
375 67 1.0
375 151 1.0
375 161 1.0
375 297 1.0
375 345 1.0
375 515 1.0
375 522 1.0
375 556 1.0
375 1075 1.0
376 5 2.0
376 47 1.0
376 104 2.0
376 153 1.0
376 161 1.0
376 196 1.0
376 1103 2.0
376 1331 1.0
376 1348 1.0
377 5 1.0
377 30 1.0
377 74 1.0
377 88 2.0
377 112 1.0
377 157 1.0
377 186 1.0
377 368 1.0
377 914 1.0
377 1373 1.0
378 3 2.0
378 47 1.0
378 54 2.0
378 78 2.0
378 104 1.0
378 164 2.0
378 171 2.0
378 298 1.0
378 1032 1.0
379 3 3.0
379 46 1.0
379 47 1.0
379 54 3.0
379 57 1.0
379 78 2.0
379 104 1.0
379 164 3.0
379 171 3.0
379 298 2.0
379 1032 1.0
380 3 2.0
380 71 1.0
380 108 1.0
380 151 1.0
380 186 1.0
380 236 1.0
380 276 1.0
380 297 1.0
380 330 1.0
380 434 3.0
380 515 1.0
380 654 1.0
381 0 1.0
381 3 3.0
381 71 1.0
381 108 1.0
381 118 1.0
381 151 1.0
381 156 1.0
381 186 1.0
381 236 1.0
381 276 1.0
381 297 1.0
381 330 1.0
381 370 1.0
381 378 1.0
381 381 1.0
381 434 3.0
381 477 1.0
381 515 1.0
381 638 1.0
381 654 1.0
381 944 1.0
382 0 1.0
382 3 3.0
382 71 1.0
382 108 1.0
382 118 1.0
382 151 1.0
382 156 1.0
382 186 1.0
382 236 1.0
382 276 1.0
382 297 1.0
382 330 1.0
382 370 1.0
382 378 1.0
382 381 1.0
382 434 3.0
382 477 1.0
382 515 1.0
382 638 1.0
382 654 1.0
382 944 1.0
383 3 2.0
383 5 1.0
383 54 1.0
383 58 1.0
383 64 1.0
383 83 1.0
383 88 1.0
383 248 1.0
383 263 1.0
383 453 1.0
383 1350 1.0
384 47 1.0
384 74 2.0
384 82 2.0
384 88 2.0
384 95 1.0
384 185 1.0
384 187 2.0
384 251 2.0
384 358 1.0
384 978 1.0
385 47 1.0
385 74 2.0
385 82 2.0
385 88 2.0
385 95 1.0
385 185 1.0
385 187 2.0
385 251 2.0
385 358 1.0
385 978 1.0
386 161 3.0
386 221 1.0
386 373 1.0
386 376 1.0
386 638 2.0
386 649 1.0
386 988 1.0
387 5 1.0
387 12 1.0
387 22 1.0
387 58 2.0
387 103 1.0
387 104 1.0
387 189 1.0
387 351 1.0
387 395 1.0
387 591 1.0
387 1008 1.0
387 1054 1.0
388 5 1.0
388 12 1.0
388 58 1.0
388 104 1.0
388 177 1.0
388 189 1.0
388 211 1.0
388 351 1.0
388 395 1.0
388 572 1.0
388 615 1.0
388 814 1.0
388 1008 1.0
388 1054 1.0
388 1165 1.0
388 1240 1.0
389 5 1.0
389 29 1.0
389 34 1.0
389 68 1.0
389 70 1.0
389 115 1.0
389 196 1.0
389 252 1.0
389 263 1.0
389 280 1.0
389 611 1.0
389 706 1.0
390 29 1.0
390 30 1.0
390 68 1.0
390 157 1.0
390 164 1.0
390 177 1.0
390 189 1.0
390 235 1.0
390 458 1.0
390 748 1.0
390 828 1.0
390 927 1.0
390 960 1.0
391 3 1.0
391 23 1.0
391 57 2.0
391 82 2.0
391 90 1.0
391 107 1.0
391 146 1.0
391 179 1.0
391 208 1.0
391 211 1.0
391 257 1.0
391 260 3.0
391 298 1.0
391 333 1.0
391 334 1.0
391 352 1.0
391 425 1.0
391 431 1.0
391 433 1.0
391 465 1.0
391 466 1.0
391 491 1.0
391 791 1.0
391 837 1.0
391 928 1.0
391 1347 1.0
391 1359 1.0
391 1464 1.0
392 12 1.0
392 88 1.0
392 98 1.0
392 111 2.0
392 251 1.0
392 260 1.0
392 281 1.0
392 301 1.0
392 460 1.0
392 464 1.0
392 505 1.0
392 675 1.0
392 795 1.0
392 1160 1.0
392 1364 1.0
393 12 2.0
393 57 1.0
393 94 1.0
393 180 1.0
393 192 1.0
393 196 1.0
393 199 1.0
393 211 1.0
393 251 1.0
393 340 1.0
393 466 1.0
393 496 1.0
393 505 1.0
393 675 1.0
393 960 1.0
393 1361 1.0
394 100 2.0
394 211 1.0
394 260 1.0
394 333 1.0
394 424 1.0
394 425 1.0
394 438 1.0
394 466 1.0
394 628 1.0
395 2 1.0
395 3 2.0
395 67 2.0
395 71 1.0
395 82 1.0
395 110 1.0
395 162 1.0
395 196 1.0
395 217 1.0
395 235 1.0
395 330 2.0
395 350 1.0
395 444 2.0
395 472 1.0
395 1316 1.0
395 1365 1.0
396 48 1.0
396 67 2.0
396 71 1.0
396 74 1.0
396 77 1.0
396 82 1.0
396 88 1.0
396 100 1.0
396 115 1.0
396 162 1.0
396 181 1.0
396 217 1.0
396 235 1.0
396 260 1.0
396 298 1.0
396 379 1.0
396 415 2.0
396 472 1.0
396 476 1.0
396 515 1.0
396 756 1.0
396 862 1.0
396 1089 1.0
396 1316 1.0
396 1365 1.0
396 1384 1.0
396 1456 1.0
396 1457 1.0
397 29 1.0
397 58 1.0
397 67 1.0
397 257 1.0
397 267 1.0
397 329 1.0
397 452 1.0
397 466 1.0
397 484 1.0
397 641 1.0
397 888 1.0
397 899 1.0
397 1369 1.0
398 77 1.0
398 251 1.0
398 258 1.0
398 433 1.0
398 1058 1.0
398 1372 1.0
398 1413 1.0
399 12 1.0
399 57 1.0
399 82 1.0
399 100 1.0
399 152 1.0
399 218 1.0
399 251 1.0
399 260 1.0
399 297 1.0
399 402 1.0
399 559 1.0
399 581 1.0
399 823 1.0
399 983 1.0
399 1117 1.0
399 1375 1.0
400 29 1.0
400 96 1.0
400 232 1.0
400 260 1.0
400 379 1.0
400 464 1.0
400 478 2.0
400 1103 1.0
400 1320 1.0
400 1388 1.0
401 5 1.0
401 58 1.0
401 73 1.0
401 98 2.0
401 189 1.0
401 210 1.0
401 395 1.0
401 503 1.0
401 1383 1.0
402 3 2.0
402 330 2.0
402 444 2.0
403 12 1.0
403 82 1.0
403 146 1.0
403 150 1.0
403 218 1.0
403 260 2.0
403 464 1.0
403 867 1.0
403 1390 1.0
404 48 1.0
404 82 1.0
404 89 1.0
404 90 1.0
404 211 2.0
404 231 1.0
404 232 1.0
404 287 1.0
404 340 1.0
404 466 1.0
404 970 1.0
404 1373 1.0
405 5 2.0
405 30 1.0
405 48 1.0
405 71 1.0
405 85 1.0
405 88 2.0
405 135 1.0
405 137 1.0
405 151 1.0
405 266 2.0
405 522 1.0
405 532 1.0
405 534 1.0
405 708 1.0
405 874 1.0
405 875 1.0
405 1065 2.0
406 5 2.0
406 48 1.0
406 71 1.0
406 88 2.0
406 151 1.0
406 266 2.0
406 522 1.0
406 708 1.0
406 874 1.0
406 875 1.0
406 1065 2.0
407 12 1.0
407 23 1.0
407 30 1.0
407 45 1.0
407 65 1.0
407 73 1.0
407 137 1.0
407 171 1.0
407 191 1.0
407 237 1.0
407 297 1.0
407 365 1.0
407 646 1.0
407 829 1.0
407 1221 1.0
407 1419 1.0
408 3 1.0
408 40 1.0
408 41 1.0
408 135 1.0
408 237 1.0
408 374 1.0
408 392 1.0
408 679 1.0
408 811 1.0
408 1391 1.0
409 40 1.0
409 85 1.0
409 135 2.0
409 278 1.0
409 323 1.0
409 360 1.0
409 413 1.0
409 1435 1.0
410 3 1.0
410 189 1.0
410 236 1.0
410 395 1.0
410 519 1.0
410 541 1.0
410 614 1.0
410 889 1.0
410 1194 1.0
411 3 1.0
411 189 1.0
411 236 1.0
411 395 1.0
411 519 1.0
411 541 1.0
411 614 1.0
411 889 1.0
411 1194 1.0
412 3 1.0
412 189 1.0
412 236 1.0
412 395 1.0
412 519 1.0
412 541 1.0
412 614 1.0
412 889 1.0
412 1194 1.0
413 3 1.0
413 189 1.0
413 236 1.0
413 395 1.0
413 519 1.0
413 541 1.0
413 614 1.0
413 889 1.0
413 1194 1.0
414 30 1.0
414 75 1.0
414 88 1.0
414 90 1.0
414 114 1.0
414 198 1.0
414 270 1.0
414 380 1.0
414 647 1.0
414 648 1.0
414 746 1.0
414 1131 1.0
414 1232 1.0
414 1395 1.0
415 48 1.0
415 103 1.0
415 137 1.0
415 198 2.0
415 254 1.0
415 380 1.0
415 397 1.0
415 422 1.0
415 567 2.0
415 654 1.0
415 1070 1.0
415 1402 1.0
415 1403 1.0
416 0 1.0
416 12 1.0
416 161 1.0
416 380 1.0
416 534 1.0
416 548 1.0
416 566 1.0
416 679 1.0
416 987 1.0
416 1217 1.0
416 1398 1.0
416 1445 1.0
417 3 1.0
417 30 1.0
417 82 1.0
417 85 1.0
417 114 1.0
417 135 1.0
417 220 1.0
417 522 1.0
417 533 1.0
417 572 1.0
417 676 1.0
417 1215 1.0
417 1292 1.0
417 1373 1.0
418 33 1.0
418 57 1.0
418 58 1.0
418 161 1.0
418 287 1.0
418 764 1.0
419 3 1.0
419 12 1.0
419 158 1.0
419 237 1.0
419 329 1.0
419 360 1.0
419 466 1.0
419 658 1.0
419 704 2.0
420 3 1.0
420 5 1.0
420 12 1.0
420 20 1.0
420 60 1.0
420 93 1.0
420 135 1.0
420 158 1.0
420 190 1.0
420 237 1.0
420 360 1.0
420 377 1.0
420 390 1.0
420 486 1.0
420 652 1.0
420 704 2.0
420 1219 1.0
421 3 1.0
421 46 1.0
421 94 1.0
421 126 1.0
421 149 1.0
421 171 1.0
421 189 1.0
421 236 1.0
421 298 1.0
421 612 2.0
421 682 1.0
421 1206 1.0
421 1422 1.0
422 31 1.0
422 168 1.0
422 175 1.0
422 541 1.0
422 612 1.0
422 682 2.0
422 1178 1.0
422 1209 2.0
423 5 1.0
423 48 1.0
423 103 1.0
423 123 1.0
423 137 1.0
423 198 2.0
423 237 1.0
423 380 1.0
423 397 1.0
423 422 1.0
423 567 2.0
423 654 1.0
423 656 1.0
423 876 1.0
423 1070 1.0
423 1402 1.0
423 1403 1.0
424 24 2.0
424 165 1.0
424 167 1.0
424 190 1.0
424 317 1.0
424 319 2.0
424 677 1.0
424 709 1.0
424 985 1.0
424 1208 1.0
424 1233 1.0
424 1385 1.0
425 29 1.0
425 32 1.0
425 33 1.0
425 60 1.0
425 68 1.0
425 74 1.0
425 82 1.0
425 89 1.0
425 123 1.0
425 162 1.0
425 217 1.0
425 231 1.0
425 235 1.0
425 345 1.0
425 488 1.0
425 949 1.0
425 1031 1.0
426 41 1.0
426 116 1.0
426 168 1.0
426 274 1.0
426 280 1.0
426 311 1.0
426 323 1.0
426 496 1.0
426 580 1.0
426 583 1.0
426 612 1.0
426 834 1.0
426 1209 1.0
426 1405 1.0
426 1406 1.0
427 5 1.0
427 12 1.0
427 29 1.0
427 82 1.0
427 383 1.0
427 531 1.0
427 543 1.0
427 943 1.0
427 1427 1.0
428 3 1.0
428 30 1.0
428 33 1.0
428 89 1.0
428 116 1.0
428 293 1.0
428 324 1.0
428 575 1.0
428 1103 1.0
428 1414 1.0
428 1415 1.0
429 3 1.0
429 116 1.0
429 164 1.0
429 196 1.0
429 263 1.0
429 324 1.0
429 360 1.0
429 475 1.0
429 575 1.0
429 611 1.0
429 706 1.0
429 1414 1.0
429 1415 1.0
429 1449 1.0
430 177 1.0
430 211 1.0
430 213 1.0
430 319 1.0
430 572 1.0
430 615 1.0
430 634 1.0
430 814 1.0
430 937 1.0
430 1165 1.0
430 1208 1.0
430 1240 1.0
431 115 1.0
431 170 1.0
431 189 1.0
431 242 1.0
431 263 1.0
431 277 1.0
431 295 1.0
431 296 1.0
431 395 1.0
431 585 1.0
431 775 1.0
431 1227 1.0
432 0 1.0
432 30 1.0
432 83 1.0
432 123 1.0
432 179 1.0
432 237 1.0
432 263 1.0
432 341 1.0
432 343 1.0
432 346 1.0
432 377 1.0
432 378 1.0
432 456 1.0
432 480 1.0
432 647 1.0
432 757 1.0
433 5 1.0
433 40 1.0
433 189 1.0
433 365 1.0
433 625 1.0
433 656 1.0
433 672 1.0
433 1061 1.0
433 1426 1.0
433 1439 1.0
433 1440 1.0
433 1441 1.0
434 48 1.0
434 58 1.0
434 186 1.0
434 217 1.0
434 559 1.0
434 1055 1.0
434 1194 1.0
435 46 1.0
435 94 1.0
435 126 1.0
435 171 1.0
435 189 1.0
435 298 1.0
435 612 2.0
435 682 1.0
435 1206 1.0
435 1422 1.0
436 23 1.0
436 69 1.0
436 81 1.0
436 88 1.0
436 161 2.0
436 192 1.0
436 221 1.0
436 287 1.0
436 360 1.0
436 373 1.0
436 376 1.0
436 638 1.0
436 649 1.0
436 658 1.0
437 12 1.0
437 20 1.0
437 164 1.0
437 198 1.0
437 323 1.0
437 329 1.0
437 352 1.0
437 390 1.0
437 567 1.0
437 597 1.0
437 1310 1.0
438 3 1.0
438 23 1.0
438 42 1.0
438 58 1.0
438 152 1.0
438 186 1.0
438 346 1.0
438 417 1.0
438 559 1.0
438 1438 1.0
439 3 1.0
439 5 1.0
439 135 1.0
439 137 1.0
439 196 1.0
439 251 1.0
439 258 1.0
439 274 1.0
439 382 1.0
439 383 1.0
439 707 1.0
439 1326 1.0
440 2 1.0
440 10 2.0
440 82 2.0
440 111 1.0
440 330 1.0
440 500 1.0
440 507 1.0
440 1060 1.0
440 1304 2.0
441 46 1.0
441 90 1.0
441 100 1.0
441 141 1.0
441 171 1.0
441 181 1.0
441 298 2.0
441 415 1.0
441 756 1.0
441 1065 1.0
441 1089 1.0
441 1384 1.0
441 1469 1.0
442 46 1.0
442 90 1.0
442 100 1.0
442 141 1.0
442 171 1.0
442 181 1.0
442 298 2.0
442 415 1.0
442 756 1.0
442 1065 1.0
442 1089 1.0
442 1384 1.0
442 1469 1.0
443 100 2.0
443 181 1.0
444 100 2.0
444 424 1.0
444 438 1.0
444 628 1.0
445 10 1.0
445 51 1.0
445 77 1.0
445 82 1.0
445 146 2.0
445 218 1.0
445 229 1.0
445 257 1.0
445 273 1.0
445 332 1.0
445 406 1.0
445 491 1.0
445 725 1.0
445 730 1.0
445 748 1.0
445 760 1.0
445 910 1.0
446 10 1.0
446 51 1.0
446 82 1.0
446 146 1.0
446 257 1.0
446 273 1.0
446 491 1.0
446 725 1.0
446 730 1.0
446 748 1.0
446 760 1.0
446 910 1.0
447 46 1.0
447 70 1.0
447 90 1.0
447 100 1.0
447 123 1.0
447 146 1.0
447 214 1.0
447 235 1.0
447 285 1.0
447 434 1.0
447 823 1.0
447 1051 1.0
447 1137 1.0
447 1273 1.0
447 1453 1.0
448 10 1.0
448 46 1.0
448 77 1.0
448 90 1.0
448 98 1.0
448 112 1.0
448 146 1.0
448 181 1.0
448 214 1.0
448 235 1.0
448 285 1.0
448 406 1.0
448 434 1.0
448 625 1.0
448 1260 1.0
449 10 1.0
449 12 1.0
449 29 1.0
449 82 1.0
449 90 1.0
449 98 1.0
449 112 1.0
449 181 1.0
449 210 1.0
449 211 1.0
449 251 1.0
449 260 1.0
449 425 1.0
449 466 1.0
449 1260 1.0
449 1476 1.0
450 46 1.0
450 77 1.0
450 90 1.0
450 146 1.0
450 214 1.0
450 235 1.0
450 285 1.0
450 406 1.0
450 434 1.0
450 625 1.0
451 21 1.0
451 111 1.0
451 137 1.0
451 237 1.0
451 262 1.0
451 321 2.0
451 434 1.0
451 551 1.0
451 569 1.0
451 667 1.0
451 1276 1.0
452 21 1.0
452 111 1.0
452 137 1.0
452 237 1.0
452 262 1.0
452 321 2.0
452 434 1.0
452 551 1.0
452 569 1.0
452 667 1.0
452 1276 1.0
453 21 1.0
453 111 1.0
453 137 1.0
453 237 1.0
453 262 1.0
453 321 2.0
453 434 1.0
453 551 1.0
453 569 1.0
453 667 1.0
453 1276 1.0
454 21 1.0
454 111 1.0
454 137 1.0
454 237 1.0
454 262 1.0
454 321 2.0
454 434 1.0
454 551 1.0
454 569 1.0
454 667 1.0
454 1276 1.0
455 10 1.0
455 13 1.0
455 30 1.0
455 46 1.0
455 60 1.0
455 82 1.0
455 90 1.0
455 218 1.0
455 262 1.0
455 299 1.0
455 483 2.0
455 657 1.0
455 658 1.0
455 789 2.0
455 792 1.0
455 805 2.0
455 1452 1.0
455 1458 1.0
456 10 1.0
456 13 1.0
456 46 1.0
456 82 1.0
456 90 1.0
456 218 1.0
456 238 1.0
456 239 1.0
456 262 1.0
456 299 1.0
456 407 1.0
456 433 1.0
456 730 1.0
456 789 2.0
456 792 1.0
456 1452 1.0
456 1458 1.0
457 82 1.0
457 137 1.0
457 143 1.0
457 296 1.0
457 321 1.0
457 454 1.0
457 494 1.0
457 507 1.0
457 513 1.0
457 568 1.0
457 726 1.0
457 733 1.0
457 789 1.0
457 1345 1.0
458 10 1.0
458 12 1.0
458 90 1.0
458 100 1.0
458 181 1.0
458 340 1.0
458 415 1.0
458 1089 1.0
458 1396 1.0
459 10 1.0
459 77 2.0
459 82 1.0
459 90 1.0
459 94 1.0
459 121 1.0
459 143 1.0
459 171 1.0
459 247 1.0
459 256 1.0
459 400 1.0
459 734 1.0
459 799 1.0
460 57 1.0
460 90 2.0
460 169 1.0
460 198 1.0
460 251 1.0
460 258 1.0
460 811 1.0
460 1157 2.0
460 1302 1.0
460 1470 1.0
461 46 1.0
461 68 1.0
461 89 1.0
461 100 1.0
461 143 1.0
461 152 1.0
461 455 1.0
461 472 1.0
461 498 1.0
461 507 1.0
461 733 1.0
461 1161 1.0
462 100 1.0
462 123 1.0
462 455 1.0
462 632 1.0
462 724 1.0
462 738 1.0
462 764 1.0
462 1035 2.0
463 5 1.0
463 10 1.0
463 60 1.0
463 70 1.0
463 82 1.0
463 100 1.0
463 123 1.0
463 141 1.0
463 258 1.0
463 500 1.0
463 1060 1.0
464 20 1.0
464 137 1.0
464 163 1.0
464 205 1.0
464 218 1.0
464 406 1.0
464 466 1.0
464 625 1.0
464 628 1.0
464 734 1.0
464 918 1.0
464 1314 1.0
465 100 1.0
465 196 1.0
465 413 1.0
465 507 2.0
465 559 1.0
465 628 1.0
465 747 1.0
465 763 1.0
465 1150 1.0
466 77 1.0
466 236 1.0
466 238 1.0
466 239 1.0
466 342 1.0
466 406 1.0
466 415 1.0
467 77 1.0
467 236 1.0
467 238 1.0
467 239 1.0
467 342 1.0
467 406 1.0
467 415 1.0
