658 2411
2 5 1.0
2 336 1.0
2 445 1.0
2 480 1.0
2 722 1.0
2 939 1.0
2 1489 1.0
3 5 1.0
3 57 1.0
3 74 1.0
3 169 2.0
3 298 1.0
3 414 1.0
3 875 1.0
3 1090 1.0
3 1103 1.0
3 1670 1.0
3 1671 1.0
4 3 1.0
4 12 1.0
4 17 1.0
4 20 2.0
4 40 2.0
4 45 1.0
4 46 1.0
4 71 1.0
4 74 1.0
4 77 1.0
4 82 2.0
4 84 1.0
4 89 1.0
4 90 1.0
4 91 1.0
4 114 1.0
4 118 1.0
4 135 2.0
4 150 1.0
4 151 3.0
4 218 1.0
4 226 1.0
4 232 1.0
4 251 1.0
4 257 1.0
4 278 1.0
4 287 1.0
4 378 1.0
4 387 1.0
4 415 1.0
4 476 2.0
4 505 1.0
4 527 1.0
4 549 1.0
4 568 1.0
4 571 2.0
4 690 1.0
4 716 1.0
4 757 1.0
4 852 1.0
4 862 1.0
4 907 2.0
4 1276 1.0
4 1281 1.0
4 1496 1.0
4 1531 1.0
5 12 1.0
5 17 1.0
5 20 1.0
5 84 1.0
5 90 1.0
5 287 1.0
5 476 1.0
5 527 1.0
5 568 1.0
5 571 1.0
5 757 1.0
6 32 1.0
6 33 1.0
6 78 1.0
6 89 1.0
6 173 1.0
6 226 1.0
6 277 1.0
6 861 1.0
6 1211 1.0
7 5 1.0
7 12 1.0
7 82 1.0
7 198 1.0
7 211 1.0
7 260 1.0
7 297 1.0
7 298 1.0
7 334 1.0
7 380 2.0
7 382 1.0
7 390 1.0
7 422 1.0
7 512 1.0
7 645 1.0
7 916 1.0
7 1014 1.0
9 177 1.0
9 195 1.0
9 352 1.0
9 1514 1.0
10 3 1.0
10 58 1.0
10 65 2.0
10 82 1.0
10 162 1.0
10 232 1.0
10 246 1.0
10 298 1.0
10 409 1.0
10 515 1.0
10 540 1.0
10 548 1.0
10 949 1.0
10 1075 1.0
10 1399 1.0
14 20 1.0
14 1211 1.0
14 1310 1.0
15 3 1.0
15 162 1.0
15 319 1.0
15 1676 1.0
16 162 1.0
16 217 1.0
16 235 1.0
16 534 1.0
16 1193 1.0
17 3 1.0
17 74 1.0
17 160 1.0
17 323 1.0
17 330 1.0
19 5 1.0
19 60 1.0
19 74 1.0
19 115 1.0
19 336 1.0
20 3 1.0
20 5 1.0
20 12 1.0
20 52 1.0
20 54 1.0
20 138 1.0
20 162 1.0
20 191 1.0
20 217 1.0
20 235 1.0
20 861 1.0
20 922 1.0
22 388 1.0
22 896 1.0
22 1626 1.0
22 1627 1.0
23 3 1.0
23 10 2.0
23 12 1.0
23 23 2.0
23 82 4.0
23 89 1.0
23 98 1.0
23 105 1.0
23 111 1.0
23 112 2.0
23 130 1.0
23 144 1.0
23 152 1.0
23 158 1.0
23 170 1.0
23 179 1.0
23 188 3.0
23 196 1.0
23 210 1.0
23 217 1.0
23 236 1.0
23 246 2.0
23 251 1.0
23 258 1.0
23 260 1.0
23 285 1.0
23 287 1.0
23 311 1.0
23 330 1.0
23 335 1.0
23 341 1.0
23 368 1.0
23 379 1.0
23 383 1.0
23 443 1.0
23 444 1.0
23 455 1.0
23 499 1.0
23 500 1.0
23 504 1.0
23 507 1.0
23 520 1.0
23 656 1.0
23 658 1.0
23 704 1.0
23 738 1.0
23 765 1.0
23 815 1.0
23 841 1.0
23 843 1.0
23 964 1.0
23 986 3.0
23 994 1.0
23 1013 1.0
23 1049 1.0
23 1054 1.0
23 1164 1.0
23 1573 1.0
23 1574 1.0
23 1612 1.0
23 1613 1.0
23 1690 1.0
26 3 1.0
26 22 1.0
26 48 1.0
26 108 1.0
26 242 1.0
26 302 1.0
26 371 1.0
26 722 1.0
28 46 1.0
28 107 1.0
28 164 1.0
28 213 1.0
28 399 1.0
28 472 1.0
28 1546 1.0
30 30 1.0
30 58 1.0
30 82 1.0
30 142 1.0
30 146 1.0
30 160 1.0
30 251 2.0
30 377 1.0
30 378 1.0
30 379 1.0
30 398 1.0
30 645 1.0
33 3 1.0
33 5 1.0
33 12 2.0
33 13 1.0
33 24 1.0
33 46 1.0
33 53 2.0
33 57 2.0
33 71 1.0
33 73 1.0
33 82 1.0
33 104 1.0
33 122 1.0
33 124 1.0
33 133 1.0
33 141 1.0
33 146 1.0
33 159 1.0
33 166 1.0
33 167 2.0
33 171 1.0
33 187 1.0
33 190 1.0
33 210 1.0
33 220 1.0
33 353 1.0
33 383 1.0
33 503 1.0
33 764 1.0
33 850 1.0
33 875 1.0
33 940 1.0
33 981 1.0
33 1008 1.0
33 1044 1.0
33 1054 1.0
33 1202 1.0
33 1224 1.0
33 1343 2.0
33 1525 1.0
33 1608 1.0
34 3 1.0
34 5 1.0
34 83 1.0
34 104 1.0
34 112 1.0
34 181 1.0
34 260 1.0
34 263 1.0
34 266 1.0
34 324 1.0
35 3 1.0
35 19 1.0
35 22 1.0
35 48 1.0
35 58 1.0
35 65 1.0
35 74 1.0
35 130 1.0
35 162 1.0
35 217 1.0
35 235 1.0
35 252 1.0
35 258 1.0
35 349 1.0
35 460 1.0
35 658 1.0
35 693 1.0
35 891 1.0
35 1555 1.0
36 3 1.0
36 388 1.0
36 783 1.0
36 1012 1.0
37 3 1.0
37 23 1.0
37 221 1.0
37 329 1.0
38 3 2.0
38 17 1.0
38 25 1.0
38 174 1.0
38 318 1.0
38 382 1.0
38 383 1.0
38 1148 1.0
38 1310 1.0
39 3 2.0
39 12 1.0
39 53 1.0
39 64 1.0
39 71 1.0
39 164 1.0
39 181 1.0
39 184 1.0
39 188 1.0
39 190 1.0
39 210 2.0
39 213 1.0
39 486 1.0
39 550 1.0
39 1352 1.0
39 1660 1.0
41 123 1.0
41 248 1.0
41 520 1.0
41 773 1.0
41 835 1.0
41 857 1.0
41 902 1.0
41 1067 1.0
42 3 1.0
42 60 1.0
42 64 1.0
42 71 1.0
42 123 1.0
42 236 1.0
42 303 1.0
43 57 1.0
43 137 1.0
43 253 1.0
43 257 1.0
43 260 1.0
43 476 1.0
43 520 1.0
43 854 1.0
45 30 1.0
45 142 1.0
45 198 1.0
45 244 1.0
45 252 1.0
45 370 1.0
45 419 1.0
45 484 1.0
45 515 1.0
45 592 1.0
45 1515 1.0
47 3 1.0
47 56 2.0
47 64 1.0
47 184 1.0
47 189 1.0
47 280 1.0
47 329 1.0
47 357 1.0
47 380 1.0
47 472 1.0
47 647 1.0
47 648 1.0
47 839 1.0
47 1235 1.0
49 142 1.0
49 159 1.0
49 164 1.0
49 166 1.0
49 177 1.0
49 191 1.0
49 441 1.0
49 497 1.0
49 990 1.0
49 1054 1.0
50 3 1.0
50 12 1.0
50 23 2.0
50 30 1.0
50 169 1.0
50 221 2.0
50 329 2.0
50 550 1.0
50 652 1.0
50 764 1.0
50 1224 1.0
52 3 1.0
52 54 1.0
52 64 1.0
52 139 1.0
52 647 1.0
52 986 1.0
54 296 1.0
54 359 1.0
54 775 1.0
55 5 1.0
55 37 1.0
55 111 1.0
55 114 1.0
55 302 1.0
55 399 1.0
55 770 1.0
55 771 1.0
55 1502 1.0
57 3 1.0
57 71 1.0
57 110 1.0
57 127 1.0
57 171 1.0
57 181 1.0
57 186 1.0
57 196 1.0
57 329 1.0
57 396 1.0
57 515 1.0
57 547 1.0
58 3 1.0
58 10 1.0
58 12 1.0
58 40 1.0
58 47 1.0
58 57 1.0
58 82 3.0
58 90 1.0
58 96 1.0
58 108 1.0
58 168 1.0
58 192 1.0
58 224 1.0
58 252 1.0
58 257 1.0
58 287 1.0
58 311 1.0
58 484 1.0
58 518 1.0
58 534 1.0
58 571 1.0
58 581 1.0
58 582 1.0
58 626 1.0
58 659 1.0
58 789 2.0
58 834 1.0
58 1275 1.0
58 1363 1.0
58 1388 1.0
58 1452 1.0
58 1688 1.0
59 0 1.0
59 3 2.0
59 71 1.0
59 79 1.0
59 122 1.0
59 210 1.0
59 367 1.0
59 525 1.0
59 877 1.0
59 1059 1.0
59 1525 1.0
59 1529 1.0
59 1530 1.0
59 1549 1.0
60 3 2.0
60 57 1.0
60 82 2.0
60 161 1.0
60 190 1.0
60 323 1.0
60 329 1.0
60 486 1.0
60 679 1.0
60 793 1.0
60 825 1.0
60 1103 1.0
60 1392 1.0
62 3 2.0
62 20 1.0
62 33 1.0
62 40 1.0
62 57 1.0
62 60 1.0
62 68 1.0
62 77 1.0
62 78 1.0
62 82 3.0
62 181 3.0
62 190 1.0
62 210 1.0
62 213 1.0
62 252 1.0
62 296 1.0
62 299 1.0
62 324 1.0
62 329 1.0
62 341 1.0
62 342 1.0
62 505 1.0
62 525 1.0
62 550 1.0
62 571 1.0
62 647 1.0
62 648 1.0
62 726 1.0
62 806 1.0
62 850 1.0
62 937 1.0
62 1064 1.0
62 1335 1.0
62 1549 1.0
64 82 2.0
64 143 1.0
64 187 1.0
64 260 1.0
64 296 1.0
64 329 1.0
64 944 1.0
66 164 1.0
66 183 1.0
66 441 1.0
67 287 1.0
67 639 1.0
67 827 1.0
69 10 1.0
69 32 1.0
69 77 1.0
69 82 3.0
69 137 1.0
69 171 1.0
69 179 1.0
69 251 1.0
69 260 1.0
69 382 1.0
69 396 1.0
69 433 1.0
69 594 1.0
69 764 1.0
69 1502 1.0
70 3 1.0
70 5 1.0
70 12 2.0
70 32 2.0
70 57 1.0
70 82 5.0
70 88 1.0
70 109 1.0
70 131 1.0
70 160 1.0
70 168 1.0
70 179 1.0
70 183 1.0
70 187 1.0
70 218 1.0
70 234 1.0
70 251 2.0
70 257 2.0
70 260 3.0
70 268 1.0
70 279 1.0
70 352 1.0
70 353 1.0
70 367 1.0
70 390 1.0
70 433 3.0
70 465 1.0
70 476 1.0
70 590 1.0
70 645 1.0
70 732 1.0
70 944 1.0
70 1314 1.0
70 1502 1.0
70 1644 1.0
73 3 1.0
73 5 2.0
73 40 1.0
73 57 1.0
73 82 1.0
73 127 1.0
73 149 1.0
73 171 1.0
73 174 1.0
73 189 1.0
73 195 1.0
73 229 1.0
73 251 2.0
73 266 2.0
73 760 1.0
73 1198 1.0
73 1258 1.0
73 1331 1.0
74 13 1.0
74 89 1.0
74 105 1.0
74 122 1.0
74 251 1.0
74 284 1.0
74 329 1.0
74 472 1.0
74 500 1.0
74 585 1.0
74 721 1.0
74 1087 1.0
74 1581 1.0
74 1597 1.0
75 46 1.0
75 48 1.0
75 71 1.0
75 82 1.0
75 90 1.0
75 164 1.0
75 192 1.0
75 208 1.0
75 218 1.0
75 235 1.0
75 377 1.0
75 380 1.0
75 382 1.0
75 406 1.0
75 422 1.0
75 433 1.0
75 452 1.0
75 513 1.0
75 691 1.0
75 730 1.0
75 1065 1.0
76 3 1.0
76 112 1.0
76 181 1.0
76 260 1.0
76 324 1.0
82 2 1.0
82 17 1.0
82 32 2.0
82 63 1.0
82 82 3.0
82 89 1.0
82 109 1.0
82 160 1.0
82 179 1.0
82 192 1.0
82 218 1.0
82 232 1.0
82 234 1.0
82 251 2.0
82 257 3.0
82 258 1.0
82 260 5.0
82 399 1.0
82 415 1.0
82 433 2.0
82 451 1.0
82 464 2.0
82 465 1.0
82 520 1.0
82 805 2.0
82 837 1.0
82 879 3.0
82 1157 1.0
82 1502 1.0
83 12 1.0
83 57 1.0
83 82 3.0
83 127 3.0
83 183 1.0
83 196 1.0
83 229 2.0
83 251 1.0
83 257 2.0
83 260 2.0
83 380 1.0
83 399 1.0
83 415 1.0
83 422 1.0
83 444 1.0
83 451 1.0
83 464 1.0
83 469 2.0
83 476 1.0
83 483 1.0
83 658 1.0
83 792 1.0
83 805 1.0
83 837 1.0
83 879 1.0
83 1406 1.0
83 1642 1.0
84 10 1.0
84 30 1.0
84 90 1.0
84 100 1.0
84 146 1.0
84 218 1.0
84 235 1.0
84 257 2.0
84 260 2.0
84 321 1.0
84 323 1.0
84 464 1.0
84 625 1.0
84 1632 1.0
85 10 2.0
85 12 1.0
85 30 1.0
85 90 1.0
85 100 1.0
85 146 1.0
85 218 1.0
85 235 1.0
85 257 2.0
85 260 2.0
85 321 1.0
85 323 1.0
85 464 1.0
85 625 1.0
85 815 1.0
85 1260 1.0
85 1632 1.0
85 1703 1.0
86 3 2.0
86 32 2.0
86 44 1.0
86 68 1.0
86 82 3.0
86 88 2.0
86 111 4.0
86 124 1.0
86 151 1.0
86 185 1.0
86 187 3.0
86 196 1.0
86 205 1.0
86 257 1.0
86 260 3.0
86 268 3.0
86 311 1.0
86 313 1.0
86 352 1.0
86 367 2.0
86 381 2.0
86 471 1.0
86 731 3.0
86 732 1.0
86 1056 1.0
86 1229 1.0
86 1281 1.0
88 3 1.0
88 33 1.0
88 58 1.0
88 60 1.0
88 71 1.0
88 74 1.0
88 78 1.0
88 89 1.0
88 135 1.0
88 152 1.0
88 158 1.0
88 159 1.0
88 272 1.0
88 496 1.0
88 874 1.0
88 883 1.0
88 1405 1.0
89 40 1.0
89 198 1.0
89 268 1.0
89 567 1.0
89 993 1.0
90 46 1.0
90 69 1.0
90 82 2.0
90 90 1.0
90 94 1.0
90 147 1.0
90 151 1.0
90 218 1.0
90 433 1.0
90 455 1.0
90 1645 1.0
90 1646 1.0
91 218 1.0
91 246 1.0
91 251 2.0
91 260 1.0
91 377 1.0
91 378 1.0
91 464 1.0
91 892 1.0
91 940 1.0
91 1491 1.0
92 32 1.0
92 63 1.0
92 82 1.0
92 84 1.0
92 89 1.0
92 232 1.0
92 251 1.0
92 257 1.0
92 258 1.0
92 271 1.0
92 404 1.0
92 409 1.0
92 879 1.0
95 3 1.0
95 5 1.0
95 20 1.0
95 23 1.0
95 30 1.0
95 46 1.0
95 82 1.0
95 103 1.0
95 107 1.0
95 196 2.0
95 251 1.0
95 706 1.0
95 979 1.0
95 1172 1.0
95 1392 1.0
98 81 1.0
98 140 1.0
98 189 1.0
98 251 1.0
98 276 1.0
98 496 1.0
98 988 1.0
98 1148 1.0
98 1179 1.0
98 1449 1.0
98 1650 1.0
99 12 1.0
99 332 1.0
99 452 1.0
100 3 2.0
100 57 1.0
100 74 1.0
100 82 2.0
100 161 2.0
100 186 1.0
100 190 1.0
100 251 1.0
100 323 1.0
100 329 1.0
100 475 1.0
100 486 1.0
100 515 1.0
100 679 1.0
100 793 1.0
100 825 1.0
100 1103 1.0
100 1392 1.0
101 196 1.0
101 280 1.0
101 567 1.0
101 706 1.0
102 32 1.0
102 85 1.0
102 134 1.0
102 164 1.0
102 217 1.0
102 235 1.0
102 261 1.0
102 298 1.0
102 612 1.0
102 1294 1.0
103 12 1.0
103 40 1.0
103 70 1.0
103 161 1.0
103 168 1.0
103 207 1.0
103 324 1.0
103 566 1.0
103 616 1.0
103 738 1.0
103 1206 1.0
103 1242 1.0
103 1243 1.0
103 1253 1.0
104 65 1.0
104 191 1.0
104 221 1.0
104 237 1.0
104 246 1.0
104 383 1.0
104 415 1.0
104 469 1.0
105 236 1.0
105 299 1.0
105 815 1.0
105 1502 1.0
107 5 1.0
107 156 1.0
107 218 1.0
107 266 1.0
107 417 1.0
107 496 1.0
107 567 1.0
107 575 1.0
107 634 1.0
107 644 1.0
107 1428 1.0
108 17 1.0
108 103 1.0
108 114 1.0
108 220 1.0
108 360 1.0
108 531 1.0
108 532 1.0
108 847 1.0
109 3 1.0
109 5 1.0
109 93 1.0
109 105 1.0
109 106 1.0
109 138 1.0
109 164 1.0
109 169 1.0
109 176 1.0
109 261 1.0
109 274 1.0
109 298 1.0
109 377 1.0
109 381 1.0
109 548 1.0
109 861 1.0
109 1054 1.0
109 1103 1.0
110 3 1.0
110 46 1.0
110 52 1.0
110 171 1.0
110 186 1.0
110 198 1.0
110 441 1.0
110 473 1.0
110 515 1.0
110 541 1.0
110 561 1.0
110 567 2.0
110 1534 1.0
111 3 1.0
111 8 1.0
111 44 1.0
111 65 2.0
111 137 1.0
111 162 1.0
111 198 1.0
111 257 1.0
111 298 1.0
111 365 1.0
111 366 2.0
111 368 1.0
111 515 2.0
111 534 1.0
111 540 1.0
111 567 1.0
111 690 1.0
111 1075 2.0
111 1198 1.0
112 3 1.0
112 65 2.0
112 162 1.0
112 257 1.0
112 515 2.0
112 534 1.0
112 540 1.0
112 1075 2.0
112 1198 1.0
115 74 1.0
115 108 1.0
115 122 2.0
115 151 1.0
115 229 1.0
115 241 1.0
115 262 1.0
115 444 1.0
115 702 1.0
115 830 1.0
116 32 1.0
116 46 1.0
116 163 1.0
116 164 1.0
116 324 1.0
118 3 1.0
118 40 1.0
118 52 1.0
118 195 1.0
118 215 1.0
118 298 1.0
118 1683 1.0
118 1684 1.0
119 85 1.0
119 298 1.0
119 612 1.0
123 196 1.0
123 237 1.0
123 253 1.0
123 520 1.0
123 521 1.0
123 631 1.0
123 637 1.0
123 679 1.0
125 196 1.0
125 237 1.0
125 253 1.0
125 520 1.0
125 521 1.0
125 631 1.0
125 637 1.0
125 679 1.0
127 100 2.0
127 483 1.0
127 500 1.0
127 613 1.0
127 722 1.0
127 724 1.0
127 766 1.0
127 1689 1.0
129 12 1.0
129 16 1.0
129 82 2.0
129 260 1.0
129 309 1.0
129 594 1.0
129 749 1.0
131 287 1.0
131 408 1.0
131 501 1.0
131 1267 1.0
132 433 1.0
132 1396 1.0
132 1690 1.0
137 75 1.0
137 90 1.0
137 111 1.0
137 1291 1.0
139 10 1.0
139 12 1.0
139 74 1.0
139 82 1.0
139 88 1.0
139 90 1.0
139 112 1.0
139 251 1.0
139 257 1.0
139 363 1.0
139 406 1.0
139 464 1.0
139 520 1.0
139 812 1.0
139 875 1.0
139 983 1.0
139 1458 1.0
139 1512 1.0
139 1678 1.0
140 30 1.0
140 82 1.0
140 218 1.0
140 433 1.0
140 647 1.0
140 725 1.0
140 1707 1.0
142 2 1.0
142 82 1.0
142 270 1.0
142 284 1.0
142 460 1.0
142 500 1.0
142 507 1.0
145 433 1.0
145 1396 1.0
145 1690 1.0
146 2 1.0
146 30 1.0
146 82 1.0
146 146 1.0
146 235 1.0
146 270 1.0
146 284 1.0
146 460 1.0
146 464 1.0
146 500 1.0
146 507 1.0
146 625 1.0
147 236 1.0
147 260 1.0
147 433 1.0
147 643 1.0
150 12 1.0
150 324 1.0
150 434 1.0
150 1142 1.0
155 82 1.0
155 94 1.0
155 333 1.0
155 425 1.0
155 547 1.0
155 645 1.0
155 1492 1.0
159 40 2.0
159 77 1.0
159 82 1.0
159 135 1.0
159 185 1.0
159 251 1.0
159 415 1.0
159 543 1.0
159 559 1.0
159 639 1.0
159 705 1.0
159 730 1.0
161 930 1.0
161 1521 1.0
164 88 1.0
164 93 1.0
164 112 1.0
164 115 1.0
164 161 1.0
164 187 1.0
164 190 1.0
164 196 1.0
164 260 1.0
164 377 1.0
164 929 1.0
164 1359 1.0
165 82 1.0
165 142 1.0
165 146 1.0
165 260 1.0
165 335 1.0
165 378 1.0
165 433 1.0
165 862 1.0
167 12 1.0
167 30 1.0
167 32 1.0
167 77 1.0
167 464 1.0
167 844 1.0
167 1044 1.0
167 1484 1.0
168 147 1.0
168 1095 1.0
172 48 1.0
172 71 1.0
172 114 1.0
172 235 1.0
172 251 1.0
172 347 1.0
172 377 1.0
172 380 3.0
172 382 1.0
172 406 1.0
172 422 3.0
172 452 1.0
172 744 1.0
172 745 1.0
172 766 1.0
172 1326 1.0
172 1481 1.0
178 5 1.0
178 6 1.0
178 40 1.0
178 82 1.0
178 89 1.0
178 123 1.0
178 152 1.0
178 218 1.0
178 251 1.0
178 275 1.0
178 276 1.0
178 308 1.0
178 329 1.0
178 330 1.0
178 399 1.0
178 472 1.0
178 500 1.0
178 590 1.0
178 645 1.0
178 721 2.0
178 944 1.0
178 994 1.0
178 1025 1.0
178 1087 1.0
178 1102 1.0
178 1501 1.0
178 1581 1.0
179 40 1.0
179 82 1.0
179 275 1.0
179 276 1.0
179 308 1.0
179 721 1.0
179 994 1.0
179 1501 1.0
184 40 1.0
184 82 1.0
184 275 1.0
184 276 1.0
184 308 1.0
184 721 1.0
184 994 1.0
184 1501 1.0
185 3 1.0
185 5 1.0
185 12 1.0
185 32 1.0
185 57 1.0
185 82 4.0
185 109 1.0
185 160 1.0
185 183 1.0
185 218 1.0
185 234 1.0
185 251 1.0
185 257 1.0
185 260 2.0
185 275 1.0
185 390 1.0
185 433 2.0
185 465 1.0
185 476 1.0
185 488 1.0
185 590 1.0
185 645 1.0
185 724 1.0
185 944 1.0
185 988 1.0
185 1314 1.0
186 211 1.0
186 466 1.0
186 520 1.0
186 834 1.0
186 1498 1.0
187 3 2.0
192 3 1.0
192 71 1.0
192 79 1.0
192 122 1.0
192 210 1.0
192 525 1.0
192 1059 1.0
192 1525 1.0
192 1549 1.0
193 40 1.0
193 46 1.0
193 152 1.0
193 236 1.0
195 3 2.0
195 20 1.0
195 30 1.0
195 54 1.0
195 56 1.0
195 81 1.0
195 83 1.0
195 104 1.0
195 168 1.0
195 188 1.0
195 191 1.0
195 198 1.0
195 200 1.0
195 415 1.0
195 476 1.0
195 563 1.0
195 567 1.0
195 1056 1.0
195 1518 1.0
195 1519 1.0
197 3 1.0
197 33 1.0
197 40 1.0
197 68 1.0
197 82 2.0
197 181 1.0
197 252 1.0
197 329 1.0
197 341 1.0
197 571 1.0
197 806 1.0
197 1064 1.0
197 1335 1.0
198 3 2.0
198 20 1.0
198 54 1.0
198 64 1.0
198 293 1.0
198 304 2.0
198 615 1.0
198 1276 1.0
198 1517 1.0
201 5 2.0
201 57 1.0
201 63 1.0
201 88 1.0
201 89 1.0
201 104 1.0
201 137 1.0
201 164 1.0
201 166 1.0
201 266 1.0
201 352 1.0
201 472 2.0
201 623 1.0
201 647 1.0
201 757 1.0
201 914 1.0
201 1086 1.0
201 1105 1.0
201 1229 1.0
201 1533 1.0
202 5 1.0
202 57 1.0
202 63 1.0
202 88 1.0
202 89 1.0
202 104 1.0
202 137 1.0
202 164 1.0
202 166 1.0
202 352 1.0
202 472 2.0
202 914 1.0
202 1086 1.0
202 1105 1.0
202 1229 1.0
202 1533 1.0
203 3 1.0
203 190 1.0
203 215 1.0
203 415 1.0
203 675 1.0
204 90 1.0
204 244 1.0
204 262 1.0
204 390 1.0
205 3 1.0
205 171 1.0
205 186 1.0
205 515 1.0
205 541 1.0
205 567 1.0
205 1534 1.0
206 3 1.0
206 141 2.0
206 144 1.0
206 221 1.0
206 246 1.0
206 367 1.0
206 381 1.0
206 383 1.0
206 469 1.0
207 5 1.0
207 82 1.0
207 198 1.0
207 280 1.0
207 377 1.0
207 378 1.0
207 392 1.0
207 567 1.0
208 3 1.0
208 5 1.0
208 12 2.0
208 24 1.0
208 46 1.0
208 53 2.0
208 57 4.0
208 71 1.0
208 73 1.0
208 78 1.0
208 82 1.0
208 122 3.0
208 124 1.0
208 133 1.0
208 146 1.0
208 156 1.0
208 159 1.0
208 166 1.0
208 167 2.0
208 187 1.0
208 190 2.0
208 220 1.0
208 260 1.0
208 278 1.0
208 280 1.0
208 284 1.0
208 296 1.0
208 299 2.0
208 353 1.0
208 383 1.0
208 503 1.0
208 525 1.0
208 647 2.0
208 648 2.0
208 764 1.0
208 850 2.0
208 875 1.0
208 902 1.0
208 981 1.0
208 988 1.0
208 1008 1.0
208 1044 1.0
208 1224 1.0
208 1343 2.0
208 1608 1.0
209 161 1.0
209 251 1.0
209 568 1.0
210 3 1.0
210 5 1.0
210 54 1.0
210 60 1.0
210 65 1.0
210 74 1.0
210 115 1.0
210 191 1.0
210 237 1.0
210 336 1.0
210 415 1.0
210 902 1.0
210 1667 1.0
211 3 3.0
211 5 1.0
211 17 1.0
211 32 1.0
211 33 1.0
211 40 1.0
211 54 1.0
211 65 1.0
211 78 1.0
211 89 1.0
211 93 1.0
211 161 1.0
211 164 2.0
211 173 1.0
211 186 1.0
211 198 1.0
211 226 1.0
211 251 1.0
211 258 1.0
211 277 1.0
211 282 1.0
211 324 1.0
211 360 2.0
211 377 1.0
211 441 1.0
211 496 1.0
211 577 1.0
211 711 1.0
211 861 1.0
211 902 1.0
211 1017 1.0
211 1062 1.0
211 1148 1.0
211 1211 1.0
211 1240 1.0
211 1604 1.0
211 1651 1.0
211 1652 1.0
211 1667 1.0
211 1679 1.0
214 166 1.0
214 251 1.0
214 258 1.0
214 296 1.0
214 883 1.0
215 5 1.0
215 110 1.0
215 130 1.0
215 142 1.0
215 146 1.0
215 196 1.0
215 218 1.0
215 252 1.0
215 258 1.0
215 390 1.0
215 440 1.0
215 1144 1.0
215 1553 1.0
216 5 1.0
216 82 1.0
216 198 1.0
216 297 1.0
216 380 1.0
216 390 1.0
216 422 1.0
217 3 3.0
217 57 1.0
217 159 1.0
217 169 1.0
217 177 1.0
217 251 1.0
217 330 1.0
217 451 1.0
217 453 1.0
217 650 1.0
217 792 1.0
217 1310 1.0
217 1655 1.0
218 3 1.0
218 23 1.0
218 221 1.0
218 329 1.0
220 3 1.0
220 141 2.0
220 144 1.0
220 367 1.0
220 381 1.0
223 142 1.0
223 441 1.0
223 497 1.0
223 990 1.0
223 1054 1.0
227 251 1.0
227 496 1.0
227 988 1.0
227 1148 1.0
227 1179 1.0
232 5 1.0
232 72 1.0
232 999 1.0
232 1059 1.0
232 1119 1.0
232 1361 1.0
235 5 1.0
235 110 1.0
235 130 1.0
235 196 1.0
235 252 1.0
235 258 1.0
236 13 1.0
236 57 1.0
236 105 1.0
236 122 1.0
236 137 1.0
236 161 1.0
236 162 1.0
236 284 1.0
236 330 1.0
236 377 1.0
236 455 1.0
236 520 1.0
236 549 1.0
236 585 1.0
236 673 1.0
236 997 1.0
236 1500 1.0
236 1597 1.0
237 3 1.0
237 13 1.0
237 30 1.0
237 54 1.0
237 123 1.0
237 135 1.0
237 142 1.0
237 159 1.0
237 221 1.0
237 248 1.0
237 254 1.0
237 331 1.0
237 376 1.0
237 441 2.0
237 497 2.0
237 520 1.0
237 632 1.0
237 773 1.0
237 835 1.0
237 857 1.0
237 902 1.0
237 938 1.0
237 1067 1.0
237 1221 1.0
237 1567 1.0
237 1618 1.0
238 20 1.0
238 40 1.0
238 46 1.0
238 505 1.0
238 658 1.0
238 1464 1.0
239 190 1.0
239 213 1.0
239 396 1.0
244 23 1.0
244 158 1.0
244 188 3.0
244 196 1.0
244 210 1.0
244 341 1.0
244 368 1.0
244 520 1.0
244 656 1.0
244 704 1.0
244 964 1.0
244 986 2.0
244 1013 1.0
244 1049 1.0
244 1573 1.0
245 74 1.0
245 153 1.0
245 162 1.0
245 344 1.0
245 346 1.0
245 1221 1.0
246 33 1.0
246 40 1.0
246 60 1.0
246 181 1.0
246 210 1.0
246 252 1.0
246 505 1.0
246 550 1.0
246 726 1.0
246 806 1.0
247 3 1.0
247 32 2.0
247 33 1.0
247 54 1.0
247 74 1.0
247 89 1.0
247 164 1.0
247 166 1.0
247 190 1.0
247 191 1.0
247 297 1.0
247 299 1.0
247 307 1.0
247 476 1.0
247 525 1.0
247 1064 1.0
247 1524 1.0
247 1557 1.0
248 5 1.0
248 30 1.0
248 60 2.0
248 77 1.0
248 142 1.0
248 211 1.0
248 223 1.0
248 441 4.0
248 497 2.0
248 612 1.0
251 46 1.0
251 168 1.0
251 1035 1.0
251 1496 1.0
251 1577 1.0
255 29 1.0
255 71 1.0
255 122 1.0
255 188 1.0
255 248 1.0
255 299 1.0
255 303 1.0
255 320 1.0
255 522 1.0
257 11 1.0
257 32 1.0
257 95 1.0
257 125 1.0
257 151 1.0
257 160 1.0
257 236 1.0
257 308 1.0
257 367 1.0
257 408 1.0
257 452 1.0
257 638 1.0
257 973 1.0
257 1451 1.0
259 3 2.0
259 20 1.0
259 33 1.0
259 152 1.0
259 161 1.0
259 181 1.0
261 3 3.0
261 6 1.0
261 46 1.0
261 57 1.0
261 60 1.0
261 75 3.0
261 78 1.0
261 79 1.0
261 80 1.0
261 92 1.0
261 106 1.0
261 159 1.0
261 173 1.0
261 179 1.0
261 207 1.0
261 213 1.0
261 214 1.0
261 223 1.0
261 240 1.0
261 380 1.0
261 416 1.0
261 451 1.0
261 517 1.0
261 520 1.0
261 559 1.0
261 612 1.0
261 630 1.0
261 779 1.0
261 802 1.0
261 821 1.0
261 937 1.0
261 964 1.0
261 973 1.0
261 1002 1.0
261 1014 1.0
261 1037 1.0
261 1075 1.0
261 1088 1.0
261 1137 1.0
261 1516 1.0
261 1549 1.0
261 1556 1.0
261 1577 1.0
261 1602 1.0
261 1603 1.0
261 1682 1.0
263 3 1.0
263 5 1.0
263 83 1.0
263 263 1.0
263 266 1.0
263 293 1.0
263 392 1.0
264 7 1.0
264 12 1.0
264 65 1.0
264 75 1.0
264 94 1.0
264 104 1.0
264 147 1.0
264 164 1.0
264 208 3.0
264 214 1.0
264 215 1.0
264 430 1.0
264 1035 1.0
264 1363 1.0
264 1562 1.0
266 53 1.0
266 55 1.0
266 79 1.0
266 191 1.0
266 218 1.0
266 232 1.0
266 317 1.0
266 351 1.0
266 399 1.0
266 520 1.0
266 857 1.0
266 1008 1.0
266 1010 1.0
266 1011 1.0
266 1041 1.0
266 1136 1.0
266 1137 2.0
266 1192 1.0
266 1282 1.0
271 3 1.0
271 22 1.0
271 48 1.0
271 371 1.0
273 113 1.0
273 408 1.0
273 693 1.0
273 1591 1.0
273 1592 1.0
275 152 1.0
275 196 1.0
275 248 1.0
275 260 1.0
277 23 1.0
277 137 1.0
277 346 1.0
277 431 1.0
277 676 1.0
277 1215 1.0
278 3 1.0
278 54 1.0
278 57 1.0
278 82 1.0
278 161 1.0
278 198 2.0
278 329 1.0
278 473 1.0
278 567 2.0
278 679 1.0
279 67 1.0
279 71 1.0
279 196 1.0
279 277 1.0
279 988 1.0
279 1227 1.0
279 1400 1.0
279 1554 1.0
279 1596 1.0
281 251 1.0
281 496 1.0
281 988 1.0
281 1148 1.0
281 1179 1.0
283 151 1.0
283 154 1.0
283 195 1.0
283 241 1.0
283 323 1.0
283 656 1.0
284 74 1.0
284 161 1.0
284 186 1.0
284 251 1.0
284 475 1.0
284 515 1.0
285 74 1.0
285 169 1.0
285 1090 1.0
286 3 1.0
286 5 1.0
286 12 1.0
286 52 1.0
286 54 1.0
286 191 1.0
288 3 1.0
288 40 1.0
288 52 1.0
288 195 1.0
288 215 1.0
288 298 1.0
288 1683 1.0
288 1684 1.0
293 57 1.0
293 213 1.0
293 221 1.0
293 246 1.0
293 383 1.0
293 469 1.0
293 1452 1.0
293 1661 1.0
294 82 1.0
294 89 1.0
294 246 1.0
294 285 1.0
294 311 1.0
294 444 1.0
294 1164 1.0
297 146 1.0
297 190 1.0
297 299 1.0
297 319 1.0
297 496 1.0
297 525 1.0
297 647 1.0
297 1174 1.0
299 58 1.0
299 151 1.0
299 279 1.0
299 296 1.0
299 360 1.0
299 369 1.0
299 875 1.0
299 1218 1.0
299 1569 1.0
301 65 1.0
301 298 1.0
301 323 1.0
301 995 1.0
302 58 1.0
302 949 1.0
302 1219 1.0
304 217 1.0
304 235 1.0
304 304 1.0
304 352 1.0
304 424 1.0
304 647 1.0
304 652 1.0
306 4 1.0
306 10 1.0
306 71 1.0
306 90 2.0
306 183 1.0
306 196 1.0
306 198 1.0
306 277 1.0
306 431 1.0
306 433 1.0
306 434 1.0
306 576 1.0
306 723 1.0
306 730 1.0
306 795 1.0
306 812 2.0
306 1130 1.0
306 1137 1.0
306 1701 1.0
307 40 1.0
307 112 1.0
307 333 1.0
307 406 1.0
307 425 1.0
308 4 1.0
308 10 1.0
308 82 1.0
308 89 1.0
308 90 1.0
308 123 1.0
308 152 2.0
308 198 1.0
308 354 1.0
308 399 1.0
308 431 1.0
308 1130 1.0
308 1426 1.0
308 1710 1.0
309 10 1.0
309 82 1.0
309 90 1.0
309 100 2.0
309 198 1.0
309 378 1.0
309 433 1.0
309 500 1.0
309 722 1.0
309 812 1.0
309 984 1.0
309 1303 1.0
309 1345 1.0
309 1444 1.0
309 1693 1.0
310 82 2.0
310 433 2.0
310 500 2.0
310 690 1.0
310 1265 1.0
310 1303 1.0
310 1709 1.0
312 90 1.0
312 363 1.0
312 1466 1.0
318 82 2.0
318 260 1.0
318 275 1.0
318 433 1.0
318 488 1.0
318 724 1.0
318 988 1.0
319 349 1.0
319 472 1.0
319 507 1.0
319 667 1.0
319 733 1.0
321 6 1.0
321 40 1.0
321 82 2.0
321 84 1.0
321 100 1.0
321 258 1.0
321 394 1.0
321 433 1.0
321 686 1.0
321 749 1.0
321 999 1.0
321 1131 1.0
321 1691 1.0
322 60 1.0
322 146 2.0
322 218 1.0
322 257 2.0
322 262 1.0
322 1690 1.0
323 12 1.0
323 82 2.0
323 89 1.0
323 100 1.0
323 111 1.0
323 137 1.0
323 181 1.0
323 472 1.0
323 506 1.0
323 882 1.0
323 911 1.0
323 994 1.0
323 1120 1.0
323 1260 1.0
323 1276 1.0
323 1700 1.0
325 10 1.0
325 98 1.0
325 111 1.0
325 152 1.0
325 330 1.0
325 500 1.0
325 507 1.0
325 815 1.0
325 994 1.0
327 3 1.0
327 141 2.0
327 144 1.0
327 367 1.0
327 381 1.0
329 3 1.0
329 5 1.0
329 32 1.0
329 82 2.0
329 109 1.0
329 160 1.0
329 218 1.0
329 234 1.0
329 260 1.0
329 390 1.0
329 433 1.0
329 465 1.0
329 590 1.0
329 645 1.0
329 944 1.0
329 1314 1.0
330 22 1.0
330 82 1.0
330 89 1.0
330 144 1.0
330 218 1.0
330 260 1.0
330 345 1.0
330 347 1.0
330 409 1.0
330 444 1.0
330 464 1.0
330 478 1.0
330 538 1.0
330 1503 1.0
330 1628 1.0
332 12 1.0
332 82 2.0
332 96 1.0
332 111 1.0
332 168 1.0
332 232 1.0
332 251 1.0
332 257 1.0
332 260 1.0
332 279 1.0
332 352 1.0
332 408 1.0
332 415 1.0
332 433 1.0
332 466 1.0
332 478 1.0
332 571 1.0
332 783 1.0
332 1270 1.0
332 1311 1.0
334 82 1.0
334 93 1.0
334 218 1.0
336 5 1.0
336 12 1.0
336 51 1.0
336 60 1.0
336 82 2.0
336 107 2.0
336 196 2.0
336 251 3.0
336 346 1.0
336 1485 1.0
337 10 1.0
337 90 1.0
337 112 1.0
337 257 1.0
337 406 1.0
337 464 1.0
337 520 1.0
337 812 1.0
337 983 1.0
337 1458 1.0
337 1678 1.0
339 82 1.0
339 179 1.0
339 251 1.0
339 260 1.0
339 399 1.0
339 415 1.0
339 433 1.0
339 451 1.0
339 464 1.0
339 837 1.0
339 879 1.0
339 1502 1.0
340 67 1.0
340 89 1.0
340 100 1.0
340 218 1.0
340 226 1.0
340 260 1.0
340 409 1.0
340 466 1.0
340 500 1.0
340 659 1.0
340 1056 1.0
344 3 1.0
344 32 1.0
344 62 1.0
344 67 2.0
344 71 1.0
344 114 1.0
344 141 1.0
344 162 1.0
344 195 1.0
344 211 1.0
344 246 1.0
344 262 1.0
344 287 1.0
344 296 1.0
344 383 2.0
344 388 1.0
344 443 3.0
344 944 1.0
344 1521 1.0
346 22 1.0
346 63 1.0
346 110 1.0
346 115 1.0
346 142 3.0
346 146 3.0
346 188 1.0
346 200 1.0
346 206 1.0
346 288 1.0
346 324 1.0
346 452 1.0
346 590 1.0
346 793 1.0
346 944 2.0
346 1103 1.0
346 1490 2.0
347 22 1.0
347 67 1.0
347 98 1.0
347 110 1.0
347 142 1.0
347 146 1.0
347 188 1.0
347 210 1.0
347 260 2.0
347 370 1.0
347 378 1.0
347 497 1.0
347 837 1.0
349 12 1.0
349 100 1.0
349 151 1.0
349 152 1.0
349 237 1.0
349 260 1.0
349 464 1.0
349 837 1.0
349 867 1.0
350 114 1.0
350 347 1.0
350 380 1.0
350 422 1.0
350 1326 1.0
351 56 1.0
351 151 1.0
351 716 1.0
353 74 1.0
353 107 1.0
353 160 1.0
353 179 1.0
354 5 1.0
354 12 1.0
354 82 1.0
354 207 1.0
354 251 1.0
354 491 1.0
354 1167 1.0
355 5 1.0
355 12 1.0
355 82 1.0
355 207 1.0
355 251 1.0
355 491 1.0
355 1167 1.0
356 3 1.0
356 12 1.0
356 82 1.0
356 144 1.0
356 170 1.0
356 260 1.0
356 287 1.0
356 443 1.0
356 499 1.0
356 765 1.0
356 843 1.0
358 32 1.0
358 60 1.0
358 63 1.0
358 67 2.0
358 74 1.0
358 82 2.0
358 89 1.0
358 162 1.0
358 189 1.0
358 217 1.0
358 232 1.0
358 235 1.0
358 251 1.0
358 258 1.0
358 268 2.0
358 316 1.0
358 488 1.0
358 522 1.0
361 32 1.0
361 134 1.0
361 164 1.0
361 217 1.0
361 235 1.0
361 261 1.0
361 1294 1.0
363 3 1.0
363 33 1.0
363 152 1.0
366 52 1.0
366 57 1.0
366 191 1.0
366 258 1.0
367 3 1.0
367 32 2.0
367 33 1.0
367 54 1.0
367 74 1.0
367 89 1.0
367 164 1.0
367 166 1.0
367 191 1.0
367 1064 1.0
367 1524 1.0
369 164 1.0
369 298 1.0
369 360 1.0
369 612 1.0
370 5 2.0
370 20 1.0
370 46 2.0
370 52 1.0
370 105 2.0
370 114 1.0
370 123 1.0
370 130 1.0
370 159 1.0
370 190 1.0
370 220 1.0
370 221 1.0
370 236 1.0
370 252 1.0
370 274 1.0
370 298 2.0
370 360 2.0
370 441 1.0
370 532 1.0
370 561 1.0
370 651 1.0
370 930 1.0
370 1203 1.0
370 1443 1.0
371 3 1.0
371 1148 1.0
372 3 1.0
372 265 1.0
372 1148 1.0
373 3 1.0
373 5 1.0
373 265 1.0
373 298 1.0
373 414 1.0
373 875 1.0
373 1103 1.0
373 1148 1.0
375 6 1.0
375 142 1.0
375 182 1.0
375 252 1.0
375 297 1.0
375 600 1.0
375 1403 1.0
377 3 1.0
377 32 2.0
377 44 1.0
377 82 2.0
377 88 2.0
377 111 1.0
377 187 2.0
377 196 1.0
377 260 1.0
377 268 2.0
377 367 1.0
377 731 1.0
377 732 1.0
377 1056 1.0
378 52 1.0
378 57 1.0
378 78 1.0
378 850 1.0
378 1086 1.0
378 1526 1.0
379 52 1.0
379 57 1.0
379 78 1.0
379 850 1.0
379 1086 1.0
379 1526 1.0
380 3 1.0
380 170 1.0
380 295 1.0
380 330 1.0
380 390 1.0
380 434 1.0
380 641 1.0
380 927 1.0
380 1369 1.0
381 3 1.0
381 170 1.0
381 295 1.0
381 330 1.0
381 390 1.0
381 434 1.0
381 641 1.0
381 927 1.0
381 1369 1.0
382 3 2.0
382 64 1.0
382 73 1.0
382 82 1.0
382 111 1.0
382 170 1.0
382 196 2.0
382 210 1.0
382 260 1.0
382 295 1.0
382 330 1.0
382 351 1.0
382 363 1.0
382 390 1.0
382 434 1.0
382 641 1.0
382 927 1.0
382 1051 1.0
382 1108 2.0
382 1369 1.0
382 1471 1.0
382 1541 1.0
382 1542 1.0
382 1629 1.0
382 1630 1.0
387 58 1.0
387 237 1.0
392 12 1.0
392 329 1.0
392 464 1.0
392 475 1.0
392 1481 1.0
393 82 1.0
393 93 1.0
393 218 1.0
395 3 1.0
395 81 1.0
395 95 1.0
395 114 1.0
395 282 1.0
395 299 1.0
396 3 1.0
396 81 1.0
396 95 1.0
396 114 1.0
396 282 1.0
396 299 1.0
397 82 1.0
397 152 1.0
397 190 1.0
397 232 1.0
397 235 1.0
397 251 2.0
397 257 1.0
397 258 1.0
397 260 1.0
397 280 1.0
397 329 1.0
397 342 1.0
397 347 1.0
397 466 1.0
397 485 1.0
397 1144 1.0
397 1369 1.0
397 1473 1.0
397 1509 1.0
397 1641 1.0
398 40 1.0
398 57 1.0
398 89 1.0
398 111 1.0
398 137 1.0
398 183 1.0
398 221 1.0
398 246 1.0
398 287 1.0
398 476 1.0
398 830 1.0
398 1022 1.0
398 1191 1.0
398 1323 1.0
398 1636 1.0
401 2 1.0
401 5 1.0
401 33 1.0
401 73 1.0
401 98 1.0
401 162 1.0
401 171 1.0
401 173 1.0
401 183 1.0
401 217 1.0
401 235 1.0
401 306 1.0
401 329 1.0
401 893 1.0
403 10 1.0
403 32 1.0
403 65 1.0
403 77 1.0
403 82 2.0
403 84 1.0
403 190 1.0
403 257 1.0
403 260 2.0
403 271 1.0
403 296 1.0
403 387 1.0
403 396 1.0
403 404 1.0
403 409 1.0
403 476 1.0
403 879 1.0
403 1386 1.0
405 40 1.0
405 51 1.0
405 81 1.0
405 82 1.0
405 83 1.0
405 930 1.0
406 5 1.0
406 40 1.0
406 51 1.0
406 81 1.0
406 82 2.0
406 83 1.0
406 198 1.0
406 297 1.0
406 380 1.0
406 390 1.0
406 422 1.0
406 930 1.0
408 30 1.0
408 57 1.0
408 85 1.0
408 183 1.0
408 196 1.0
418 57 1.0
418 74 1.0
418 169 2.0
418 1090 1.0
418 1670 1.0
418 1671 1.0
419 3 1.0
419 5 1.0
419 57 1.0
419 146 1.0
419 172 1.0
419 186 1.0
419 198 1.0
419 258 1.0
419 282 1.0
419 515 1.0
419 645 1.0
419 1017 1.0
419 1651 1.0
419 1652 1.0
420 3 1.0
420 5 1.0
420 57 1.0
420 146 1.0
420 172 1.0
420 186 1.0
420 198 1.0
420 258 1.0
420 282 1.0
420 515 1.0
420 645 1.0
420 1017 1.0
420 1651 1.0
420 1652 1.0
421 3 1.0
421 23 1.0
421 54 1.0
421 57 1.0
421 192 1.0
421 271 1.0
421 315 1.0
421 328 1.0
421 431 1.0
421 869 1.0
421 995 1.0
421 1669 1.0
424 164 1.0
424 183 1.0
424 441 1.0
427 6 1.0
427 29 1.0
427 68 1.0
427 161 1.0
427 251 2.0
427 568 1.0
429 5 2.0
429 82 1.0
429 84 1.0
429 143 1.0
429 153 1.0
429 168 1.0
429 196 1.0
429 251 1.0
429 265 1.0
429 280 1.0
429 567 1.0
429 572 1.0
429 634 2.0
429 706 1.0
429 841 1.0
429 943 1.0
429 1034 1.0
429 1054 1.0
429 1406 1.0
430 57 1.0
430 213 1.0
430 1452 1.0
430 1661 1.0
432 3 1.0
432 5 1.0
432 83 1.0
432 104 1.0
432 112 1.0
432 181 1.0
432 260 1.0
432 263 1.0
432 266 1.0
432 324 1.0
437 40 1.0
437 198 1.0
437 268 1.0
437 567 1.0
437 993 1.0
438 164 1.0
438 287 1.0
438 296 1.0
438 298 1.0
438 359 1.0
438 360 1.0
438 612 1.0
438 639 1.0
438 775 1.0
438 827 1.0
440 2 1.0
440 10 2.0
440 16 1.0
440 20 1.0
440 82 2.0
440 90 1.0
440 94 1.0
440 111 1.0
440 137 1.0
440 152 1.0
440 308 1.0
440 330 1.0
440 492 1.0
440 500 1.0
440 792 1.0
440 1290 1.0
441 46 1.0
441 90 1.0
441 105 1.0
441 141 1.0
441 171 1.0
441 652 1.0
441 867 1.0
441 1065 1.0
442 46 1.0
442 90 1.0
442 105 1.0
442 141 1.0
442 171 1.0
442 652 1.0
442 867 1.0
442 1065 1.0
449 100 1.0
449 123 1.0
449 141 1.0
449 913 1.0
451 82 1.0
451 89 1.0
451 100 1.0
451 111 1.0
451 137 1.0
451 472 1.0
451 506 1.0
451 994 1.0
451 1276 1.0
451 1700 1.0
452 82 1.0
452 89 1.0
452 100 1.0
452 111 1.0
452 137 1.0
452 472 1.0
452 506 1.0
452 994 1.0
452 1276 1.0
452 1700 1.0
453 82 1.0
453 89 1.0
453 100 1.0
453 111 1.0
453 137 1.0
453 472 1.0
453 506 1.0
453 994 1.0
453 1276 1.0
453 1700 1.0
454 82 1.0
454 89 1.0
454 100 1.0
454 111 1.0
454 137 1.0
454 472 1.0
454 506 1.0
454 994 1.0
454 1276 1.0
454 1700 1.0
455 60 1.0
455 82 1.0
455 146 2.0
455 211 1.0
455 218 1.0
455 237 1.0
455 257 2.0
455 260 1.0
455 262 1.0
455 302 1.0
455 469 1.0
455 483 1.0
455 489 1.0
455 492 1.0
455 658 1.0
455 792 1.0
455 805 1.0
455 1690 1.0
456 10 2.0
456 46 1.0
456 82 2.0
456 84 1.0
456 90 2.0
456 100 1.0
456 164 1.0
456 198 1.0
456 208 1.0
456 218 1.0
456 258 1.0
456 415 1.0
456 433 2.0
456 458 1.0
456 730 1.0
456 1065 1.0
456 1089 1.0
456 1151 1.0
456 1312 1.0
456 1691 1.0
456 1699 1.0
457 100 2.0
457 500 1.0
457 722 1.0
458 10 1.0
458 100 2.0
458 181 1.0
458 218 1.0
458 415 2.0
458 762 1.0
458 1089 2.0
458 1151 1.0
463 100 2.0
463 500 1.0
463 722 1.0
464 100 1.0
464 236 1.0
464 321 2.0
464 795 1.0
464 811 1.0
465 100 2.0
465 500 1.0
465 722 1.0
466 20 1.0
466 40 1.0
466 46 1.0
466 90 2.0
466 100 1.0
466 146 1.0
466 168 1.0
466 198 1.0
466 329 1.0
466 387 1.0
466 789 1.0
466 958 1.0
467 20 1.0
467 40 1.0
467 46 1.0
467 90 2.0
467 100 1.0
467 146 1.0
467 168 1.0
467 198 1.0
467 329 1.0
467 387 1.0
467 789 1.0
467 958 1.0
468 2 1.0
468 57 1.0
468 71 1.0
468 156 1.0
468 211 2.0
468 251 1.0
468 260 2.0
468 350 1.0
468 466 2.0
468 712 1.0
468 727 1.0
468 765 1.0
468 848 3.0
468 1169 1.0
469 2 1.0
469 57 1.0
469 71 1.0
469 156 1.0
469 211 2.0
469 251 1.0
469 260 2.0
469 350 1.0
469 466 2.0
469 712 1.0
469 727 1.0
469 765 1.0
469 848 3.0
469 1169 1.0
470 60 1.0
470 82 1.0
470 178 1.0
470 218 1.0
470 276 1.0
470 377 1.0
470 378 1.0
470 712 1.0
470 919 1.0
470 942 1.0
470 1125 1.0
471 60 1.0
471 82 1.0
471 178 1.0
471 218 1.0
471 276 1.0
471 377 1.0
471 378 1.0
471 712 1.0
471 919 1.0
471 942 1.0
471 1125 1.0
472 60 1.0
472 82 1.0
472 178 1.0
472 218 1.0
472 276 1.0
472 377 1.0
472 378 1.0
472 712 1.0
472 919 1.0
472 942 1.0
472 1125 1.0
473 30 1.0
473 82 3.0
473 89 1.0
473 100 2.0
473 178 2.0
473 232 1.0
473 260 1.0
473 276 1.0
473 311 1.0
473 377 1.0
473 378 1.0
473 387 1.0
473 500 1.0
473 505 1.0
473 722 1.0
473 919 1.0
474 5 1.0
474 12 1.0
474 71 1.0
474 88 1.0
474 112 1.0
474 187 1.0
474 260 1.0
474 298 1.0
474 414 1.0
474 466 1.0
474 478 1.0
474 834 1.0
474 846 1.0
474 929 1.0
475 3 1.0
475 19 1.0
475 32 1.0
475 73 1.0
475 368 1.0
475 388 1.0
475 448 1.0
475 781 1.0
475 862 1.0
475 910 1.0
475 916 1.0
475 1311 1.0
476 113 1.0
476 142 1.0
476 146 1.0
476 211 1.0
476 252 1.0
476 261 1.0
476 390 2.0
476 1486 1.0
477 51 1.0
477 113 1.0
477 142 1.0
477 146 1.0
477 181 1.0
477 218 1.0
477 252 2.0
477 347 1.0
477 380 1.0
477 390 1.0
477 496 1.0
477 704 1.0
477 1486 2.0
478 51 1.0
478 113 1.0
478 142 1.0
478 146 1.0
478 181 1.0
478 218 1.0
478 252 2.0
478 347 1.0
478 380 1.0
478 390 1.0
478 496 1.0
478 704 1.0
478 1486 2.0
479 51 1.0
479 113 1.0
479 142 1.0
479 146 1.0
479 181 1.0
479 218 1.0
479 252 2.0
479 347 1.0
479 380 1.0
479 390 1.0
479 496 1.0
479 704 1.0
479 1486 2.0
480 12 1.0
480 17 1.0
480 150 1.0
480 151 1.0
480 257 1.0
480 296 1.0
480 340 1.0
480 350 1.0
480 882 1.0
480 1323 1.0
480 1488 1.0
481 9 2.0
481 75 1.0
481 88 1.0
481 112 1.0
481 251 1.0
481 296 1.0
481 380 1.0
481 413 1.0
482 63 1.0
482 115 1.0
482 142 1.0
482 146 1.0
482 200 1.0
482 206 1.0
482 288 1.0
482 324 1.0
482 452 1.0
482 793 1.0
482 944 2.0
482 1490 2.0
483 17 2.0
483 33 1.0
483 67 1.0
483 77 1.0
483 161 1.0
483 257 1.0
483 260 1.0
483 852 1.0
483 875 2.0
483 963 1.0
484 17 2.0
484 33 1.0
484 67 1.0
484 77 1.0
484 161 1.0
484 257 1.0
484 260 1.0
484 852 1.0
484 875 2.0
484 963 1.0
485 12 1.0
485 17 1.0
485 20 1.0
485 82 2.0
485 84 1.0
485 89 1.0
485 90 1.0
485 114 1.0
485 118 1.0
485 151 1.0
485 226 1.0
485 232 1.0
485 287 1.0
485 476 1.0
485 527 1.0
485 568 1.0
485 571 2.0
485 716 1.0
485 757 1.0
485 1281 1.0
485 1496 1.0
486 12 1.0
486 17 1.0
486 20 1.0
486 65 1.0
486 82 1.0
486 84 1.0
486 89 1.0
486 90 1.0
486 151 1.0
486 191 2.0
486 232 1.0
486 237 1.0
486 287 1.0
486 415 2.0
486 476 1.0
486 527 1.0
486 568 1.0
486 571 2.0
486 599 1.0
486 716 1.0
486 757 1.0
486 1496 1.0
487 3 1.0
487 32 1.0
487 88 1.0
487 187 2.0
487 268 2.0
487 352 1.0
487 367 2.0
487 381 1.0
487 732 1.0
487 1229 1.0
488 6 1.0
488 46 1.0
488 60 1.0
488 68 1.0
488 82 1.0
488 115 1.0
488 128 1.0
488 287 1.0
488 311 1.0
488 331 1.0
488 387 1.0
488 503 1.0
488 505 1.0
488 740 1.0
488 861 1.0
488 1497 1.0
489 5 3.0
489 37 1.0
489 83 2.0
489 104 2.0
489 114 1.0
489 152 1.0
489 263 2.0
489 266 2.0
489 274 1.0
489 302 1.0
490 5 2.0
490 12 1.0
490 51 1.0
490 60 2.0
490 82 1.0
490 152 1.0
490 251 2.0
490 333 1.0
490 425 1.0
491 3 1.0
491 32 1.0
491 82 1.0
491 135 1.0
491 138 1.0
491 146 1.0
491 153 1.0
491 181 3.0
491 189 1.0
491 730 1.0
491 847 1.0
491 916 1.0
491 928 1.0
491 1522 1.0
492 3 2.0
492 19 1.0
492 32 1.0
492 48 1.0
492 77 1.0
492 82 2.0
492 113 1.0
492 135 1.0
492 138 1.0
492 146 1.0
492 153 1.0
492 181 4.0
492 189 1.0
492 196 1.0
492 329 1.0
492 429 1.0
492 730 1.0
492 847 1.0
492 878 1.0
492 916 1.0
492 928 1.0
492 1325 1.0
492 1522 1.0
492 1633 1.0
493 12 1.0
493 100 1.0
493 151 1.0
493 152 1.0
493 237 1.0
493 260 1.0
493 464 1.0
493 837 1.0
493 867 1.0
494 6 1.0
494 46 1.0
494 60 1.0
494 82 1.0
494 91 1.0
494 93 1.0
494 115 1.0
494 161 1.0
494 171 1.0
494 218 1.0
494 251 1.0
494 287 1.0
494 331 1.0
494 505 1.0
494 652 1.0
495 6 1.0
495 46 1.0
495 60 1.0
495 82 1.0
495 91 1.0
495 93 1.0
495 115 1.0
495 161 1.0
495 171 1.0
495 218 1.0
495 251 1.0
495 287 1.0
495 331 1.0
495 505 1.0
495 652 1.0
496 82 1.0
496 94 2.0
496 260 1.0
496 333 2.0
496 425 2.0
496 612 1.0
496 645 2.0
496 647 1.0
496 757 1.0
496 1492 1.0
497 3 1.0
497 5 1.0
497 83 1.0
497 104 1.0
497 112 1.0
497 181 1.0
497 260 1.0
497 263 1.0
497 266 1.0
497 324 1.0
498 57 1.0
498 123 1.0
498 152 1.0
498 163 1.0
498 211 2.0
498 260 2.0
498 378 1.0
498 466 2.0
498 1304 2.0
499 57 1.0
499 123 1.0
499 152 1.0
499 163 1.0
499 211 2.0
499 260 2.0
499 378 1.0
499 466 2.0
499 1304 2.0
500 12 1.0
500 82 2.0
500 142 1.0
500 145 1.0
500 146 1.0
500 151 1.0
500 311 1.0
500 341 2.0
500 367 1.0
500 380 1.0
500 390 1.0
500 422 1.0
500 483 1.0
500 490 1.0
500 843 1.0
500 921 1.0
500 1474 1.0
501 12 1.0
501 82 3.0
501 142 1.0
501 145 1.0
501 146 1.0
501 151 1.0
501 168 1.0
501 260 1.0
501 311 1.0
501 341 2.0
501 367 1.0
501 380 1.0
501 390 1.0
501 419 1.0
501 422 1.0
501 483 1.0
501 490 1.0
501 843 1.0
501 921 1.0
501 1474 1.0
502 12 1.0
502 82 3.0
502 142 1.0
502 145 1.0
502 146 1.0
502 151 1.0
502 168 1.0
502 260 1.0
502 311 1.0
502 341 2.0
502 367 1.0
502 380 1.0
502 390 1.0
502 419 1.0
502 422 1.0
502 483 1.0
502 490 1.0
502 843 1.0
502 921 1.0
502 1474 1.0
503 12 1.0
503 60 1.0
503 211 2.0
503 257 1.0
503 311 1.0
503 347 1.0
503 390 1.0
503 408 1.0
503 472 1.0
503 712 1.0
503 1311 1.0
504 12 1.0
504 60 1.0
504 211 2.0
504 257 1.0
504 311 1.0
504 347 1.0
504 390 1.0
504 408 1.0
504 472 1.0
504 712 1.0
504 1311 1.0
505 17 1.0
505 257 2.0
505 260 2.0
505 464 1.0
505 465 1.0
505 879 2.0
506 32 1.0
506 67 1.0
506 89 1.0
506 139 1.0
506 140 1.0
506 179 1.0
506 251 2.0
506 329 1.0
506 472 1.0
506 500 1.0
506 505 1.0
506 721 1.0
506 861 1.0
506 1087 1.0
506 1581 1.0
507 12 1.0
507 29 1.0
507 81 1.0
507 183 1.0
507 211 1.0
507 237 1.0
507 260 1.0
507 302 1.0
507 329 1.0
507 464 1.0
507 475 1.0
507 478 1.0
507 481 1.0
507 489 1.0
507 492 1.0
507 893 1.0
507 1320 1.0
507 1481 1.0
508 82 1.0
508 152 1.0
508 232 1.0
508 235 1.0
508 251 1.0
508 257 1.0
508 260 1.0
508 347 1.0
508 466 1.0
508 1144 1.0
508 1369 1.0
508 1473 1.0
508 1509 1.0
508 1641 1.0
509 12 1.0
509 40 1.0
509 90 1.0
509 100 1.0
509 166 1.0
509 198 1.0
509 251 1.0
509 257 1.0
509 379 1.0
509 387 1.0
509 464 1.0
510 12 1.0
510 29 1.0
510 68 1.0
510 74 1.0
510 82 1.0
510 88 2.0
510 251 2.0
510 262 1.0
510 363 1.0
510 875 1.0
510 1512 1.0
511 12 1.0
511 29 1.0
511 68 1.0
511 74 1.0
511 82 1.0
511 88 2.0
511 251 2.0
511 262 1.0
511 363 1.0
511 875 1.0
511 1512 1.0
512 29 1.0
512 68 1.0
512 88 1.0
512 179 1.0
512 505 1.0
512 647 1.0
513 3 1.0
513 5 1.0
513 171 1.0
513 181 1.0
513 208 1.0
513 266 1.0
513 382 1.0
513 520 1.0
513 567 1.0
513 905 2.0
514 3 1.0
514 5 2.0
514 171 1.0
514 181 1.0
514 208 1.0
514 251 1.0
514 266 1.0
514 382 1.0
514 520 1.0
514 567 1.0
514 634 1.0
514 905 2.0
514 943 1.0
515 3 1.0
515 5 2.0
515 171 1.0
515 181 1.0
515 208 1.0
515 251 1.0
515 266 1.0
515 382 1.0
515 520 1.0
515 567 1.0
515 634 1.0
515 905 2.0
515 943 1.0
516 3 1.0
516 5 1.0
516 171 1.0
516 181 1.0
516 208 1.0
516 266 1.0
516 382 1.0
516 520 1.0
516 567 1.0
516 905 2.0
517 63 1.0
517 65 1.0
517 71 1.0
517 156 1.0
517 177 1.0
517 195 1.0
517 352 1.0
517 1514 1.0
518 3 2.0
518 6 1.0
518 57 1.0
518 60 1.0
518 75 3.0
518 78 1.0
518 79 1.0
518 80 1.0
518 106 1.0
518 159 1.0
518 173 1.0
518 179 1.0
518 213 1.0
518 214 1.0
518 223 1.0
518 240 1.0
518 451 1.0
518 517 1.0
518 559 1.0
518 612 1.0
518 630 1.0
518 779 1.0
518 802 1.0
518 821 1.0
518 937 1.0
518 964 1.0
518 973 1.0
518 1002 1.0
518 1037 1.0
518 1075 1.0
518 1137 1.0
518 1516 1.0
518 1549 1.0
518 1556 1.0
519 46 1.0
519 74 2.0
519 90 1.0
519 153 1.0
519 161 1.0
519 162 2.0
519 164 1.0
519 217 1.0
519 235 1.0
519 238 1.0
519 254 1.0
519 344 1.0
519 346 1.0
519 476 1.0
519 1221 1.0
520 46 1.0
520 135 1.0
520 164 1.0
520 252 1.0
520 581 1.0
520 764 1.0
520 1102 1.0
520 1348 1.0
521 3 2.0
521 30 1.0
521 56 1.0
521 159 1.0
521 168 1.0
521 177 1.0
521 198 1.0
521 200 1.0
521 251 1.0
521 567 1.0
521 792 1.0
521 1310 1.0
521 1518 1.0
521 1519 1.0
522 0 1.0
522 22 2.0
522 497 1.0
522 834 1.0
522 844 1.0
522 1512 1.0
522 1520 1.0
522 1559 1.0
523 30 1.0
523 58 1.0
523 82 1.0
523 142 1.0
523 146 1.0
523 160 1.0
523 251 2.0
523 377 1.0
523 378 1.0
523 379 1.0
523 398 1.0
523 645 1.0
524 3 1.0
524 33 1.0
524 192 1.0
524 497 1.0
524 525 1.0
524 1008 1.0
524 1009 1.0
525 3 1.0
525 82 1.0
525 138 1.0
525 146 1.0
525 153 1.0
525 181 2.0
525 730 1.0
525 847 1.0
525 928 1.0
525 1522 1.0
526 5 1.0
526 57 1.0
526 63 1.0
526 88 1.0
526 89 1.0
526 104 1.0
526 137 1.0
526 164 1.0
526 166 1.0
526 352 1.0
526 472 2.0
526 914 1.0
526 1086 1.0
526 1105 1.0
526 1229 1.0
526 1533 1.0
527 17 1.0
527 33 1.0
527 65 1.0
527 161 1.0
527 298 1.0
527 323 1.0
527 875 1.0
527 995 1.0
528 5 1.0
528 12 1.0
528 74 1.0
528 77 1.0
528 83 1.0
528 88 1.0
528 111 1.0
528 112 2.0
528 292 1.0
528 408 1.0
528 452 1.0
528 529 1.0
528 922 1.0
529 5 1.0
529 12 1.0
529 74 1.0
529 77 1.0
529 83 1.0
529 88 1.0
529 111 1.0
529 112 2.0
529 292 1.0
529 408 1.0
529 452 1.0
529 529 1.0
529 922 1.0
530 3 2.0
530 6 1.0
530 20 1.0
530 154 1.0
530 161 3.0
530 196 1.0
530 236 1.0
530 323 1.0
530 382 1.0
530 383 1.0
530 651 1.0
530 825 1.0
530 875 1.0
530 941 1.0
530 1065 1.0
530 1193 1.0
531 3 1.0
531 6 1.0
531 20 1.0
531 154 1.0
531 161 2.0
531 323 1.0
531 825 1.0
532 20 1.0
532 63 1.0
532 74 1.0
532 88 2.0
532 89 1.0
532 137 1.0
532 164 1.0
532 171 1.0
532 173 1.0
532 287 1.0
532 352 1.0
532 472 1.0
532 914 2.0
532 1229 1.0
532 1533 1.0
533 3 1.0
533 40 2.0
533 46 1.0
533 77 1.0
533 135 2.0
533 150 1.0
533 151 1.0
533 257 1.0
533 415 1.0
533 505 1.0
533 690 1.0
533 862 1.0
533 907 1.0
533 1276 1.0
533 1531 1.0
534 29 1.0
534 68 1.0
534 151 1.0
534 168 1.0
534 169 2.0
534 274 1.0
534 556 1.0
535 29 1.0
535 32 1.0
535 33 1.0
535 68 1.0
535 89 1.0
535 147 2.0
535 169 1.0
535 324 1.0
535 381 1.0
535 1103 1.0
536 30 1.0
536 142 1.0
536 198 1.0
536 244 1.0
536 252 1.0
536 370 1.0
536 419 1.0
536 484 1.0
536 515 1.0
536 592 1.0
536 1515 1.0
537 12 1.0
537 32 1.0
537 82 1.0
537 88 2.0
537 93 1.0
537 200 1.0
537 206 1.0
537 324 1.0
537 573 1.0
537 1139 1.0
538 12 1.0
538 32 1.0
538 82 1.0
538 88 2.0
538 93 1.0
538 200 1.0
538 206 1.0
538 324 1.0
538 573 1.0
538 1139 1.0
539 12 1.0
539 32 1.0
539 82 1.0
539 88 2.0
539 93 1.0
539 200 1.0
539 206 1.0
539 324 1.0
539 573 1.0
539 1139 1.0
540 3 1.0
540 23 1.0
540 40 1.0
540 47 1.0
540 57 1.0
540 192 1.0
540 210 1.0
540 221 1.0
540 224 1.0
540 329 1.0
541 20 1.0
541 46 2.0
541 52 1.0
541 159 1.0
541 236 1.0
541 441 1.0
541 561 1.0
542 3 2.0
542 12 1.0
542 64 1.0
542 71 1.0
542 82 1.0
542 88 1.0
542 93 1.0
542 184 1.0
542 190 1.0
542 213 1.0
542 324 1.0
542 486 1.0
542 1139 1.0
543 93 1.0
543 164 1.0
543 298 1.0
543 377 1.0
543 381 1.0
543 548 1.0
543 861 1.0
543 1103 1.0
544 3 1.0
544 68 1.0
544 82 2.0
544 181 1.0
544 329 1.0
544 341 1.0
544 571 1.0
544 1064 1.0
544 1335 1.0
545 121 1.0
545 153 1.0
545 341 1.0
545 559 1.0
545 971 1.0
545 1070 1.0
545 1091 1.0
546 121 1.0
546 153 1.0
546 341 1.0
546 559 1.0
546 971 1.0
546 1070 1.0
546 1091 1.0
547 3 1.0
547 68 1.0
547 82 1.0
547 196 1.0
547 236 1.0
547 246 1.0
547 370 1.0
547 586 1.0
547 647 1.0
547 1000 1.0
547 1532 1.0
548 12 1.0
548 29 1.0
548 68 2.0
548 82 2.0
548 192 1.0
548 218 1.0
548 377 2.0
548 378 2.0
548 476 1.0
548 516 1.0
548 551 1.0
548 647 1.0
548 1373 1.0
549 3 1.0
549 12 1.0
549 29 1.0
549 68 2.0
549 74 1.0
549 82 2.0
549 160 1.0
549 192 1.0
549 218 1.0
549 323 1.0
549 330 1.0
549 377 2.0
549 378 2.0
549 476 1.0
549 516 1.0
549 551 1.0
549 647 1.0
549 1373 1.0
550 3 2.0
550 23 1.0
550 115 1.0
550 161 1.0
550 196 1.0
550 382 1.0
550 383 2.0
550 441 1.0
550 472 1.0
550 712 1.0
550 875 1.0
550 1065 1.0
550 1187 1.0
551 67 1.0
551 89 1.0
551 100 1.0
551 218 1.0
551 226 1.0
551 260 1.0
551 409 1.0
551 466 1.0
551 500 1.0
551 659 1.0
551 1056 1.0
552 12 1.0
552 24 1.0
552 46 1.0
552 77 1.0
552 114 2.0
552 126 1.0
552 147 1.0
552 246 1.0
552 280 1.0
552 360 1.0
552 380 1.0
552 447 1.0
552 819 1.0
552 858 1.0
552 1038 1.0
552 1403 1.0
553 30 1.0
553 47 1.0
553 190 1.0
553 218 1.0
553 318 1.0
553 415 1.0
553 854 1.0
553 974 1.0
553 991 1.0
553 1045 1.0
553 1535 1.0
554 12 2.0
554 22 1.0
554 89 1.0
554 210 1.0
554 265 1.0
554 318 1.0
554 343 1.0
554 647 1.0
554 986 1.0
554 1057 1.0
554 1058 1.0
555 6 1.0
555 30 1.0
555 73 1.0
555 215 1.0
555 237 1.0
555 354 1.0
555 664 1.0
555 974 1.0
555 1189 1.0
555 1423 1.0
555 1496 1.0
555 1507 1.0
555 1535 1.0
555 1536 1.0
555 1543 1.0
555 1554 1.0
556 12 2.0
556 20 1.0
556 30 1.0
556 88 1.0
556 121 1.0
556 163 1.0
556 199 1.0
556 264 1.0
556 323 1.0
556 381 1.0
556 505 2.0
556 567 1.0
556 569 1.0
556 796 1.0
556 834 1.0
556 914 1.0
556 916 1.0
556 994 1.0
557 109 1.0
557 289 2.0
557 703 2.0
557 711 2.0
557 767 1.0
557 877 1.0
557 986 2.0
557 1537 2.0
557 1538 2.0
558 65 1.0
558 191 2.0
558 237 1.0
558 415 2.0
558 599 1.0
559 6 1.0
559 100 1.0
559 159 1.0
559 180 1.0
559 182 1.0
559 208 1.0
559 986 1.0
559 991 1.0
559 1066 1.0
560 7 1.0
560 12 1.0
560 75 1.0
560 94 1.0
560 104 1.0
560 164 1.0
560 208 1.0
560 214 1.0
560 430 1.0
560 1035 1.0
560 1142 1.0
561 12 1.0
561 75 1.0
561 295 1.0
561 1142 1.0
561 1619 1.0
561 1620 1.0
562 12 1.0
562 40 1.0
562 75 1.0
562 89 1.0
562 116 1.0
562 246 1.0
562 295 1.0
562 300 1.0
562 496 1.0
562 524 1.0
562 571 1.0
562 645 1.0
562 646 1.0
562 1010 1.0
562 1142 1.0
562 1619 1.0
562 1620 1.0
563 6 1.0
563 36 1.0
563 57 1.0
563 60 1.0
563 122 1.0
563 210 1.0
563 350 1.0
563 388 1.0
563 1077 1.0
563 1303 1.0
563 1544 1.0
564 25 1.0
564 46 1.0
564 48 1.0
564 56 1.0
564 64 1.0
564 107 1.0
564 164 1.0
564 213 1.0
564 299 1.0
564 399 1.0
564 415 1.0
564 419 1.0
564 472 1.0
564 485 1.0
564 545 1.0
564 1142 1.0
564 1546 1.0
564 1547 1.0
565 0 1.0
565 8 1.0
565 23 1.0
565 146 1.0
565 190 1.0
565 208 2.0
565 218 1.0
565 319 1.0
565 355 1.0
565 376 1.0
565 415 1.0
565 516 1.0
565 793 1.0
565 1292 1.0
565 1331 1.0
566 93 1.0
566 161 1.0
566 342 1.0
566 377 1.0
566 652 1.0
566 930 1.0
566 1179 1.0
566 1221 1.0
567 6 1.0
567 89 1.0
567 123 1.0
567 152 2.0
567 153 1.0
567 164 1.0
567 251 1.0
567 329 1.0
567 330 1.0
567 399 1.0
567 472 1.0
567 500 1.0
567 721 1.0
567 1025 1.0
567 1087 1.0
567 1102 1.0
567 1581 1.0
568 23 1.0
568 37 1.0
568 64 1.0
568 130 1.0
568 877 1.0
568 986 1.0
568 1054 1.0
569 64 1.0
569 65 1.0
569 121 1.0
569 218 1.0
569 237 1.0
569 323 1.0
569 415 1.0
569 503 1.0
569 522 1.0
569 834 1.0
569 1553 1.0
570 22 1.0
570 23 1.0
570 134 1.0
570 158 1.0
570 283 1.0
570 295 1.0
570 1016 1.0
570 1029 1.0
571 23 1.0
571 208 1.0
571 218 1.0
571 319 1.0
571 516 1.0
571 1292 1.0
571 1331 1.0
572 60 2.0
572 142 1.0
572 211 1.0
572 223 1.0
572 441 4.0
572 497 2.0
573 3 1.0
573 5 1.0
573 57 1.0
573 122 4.0
573 156 1.0
573 257 1.0
573 260 1.0
573 284 3.0
573 299 2.0
573 469 1.0
573 497 1.0
573 672 1.0
573 722 1.0
573 726 1.0
573 869 1.0
573 885 1.0
573 902 1.0
573 988 1.0
574 24 1.0
574 104 1.0
574 158 1.0
574 447 1.0
574 641 1.0
574 684 1.0
574 986 1.0
574 1293 1.0
575 24 1.0
575 158 1.0
575 389 1.0
575 447 1.0
575 1293 1.0
575 1406 1.0
576 7 2.0
576 75 1.0
576 94 1.0
576 104 1.0
576 164 1.0
576 168 1.0
576 208 1.0
576 214 1.0
576 430 1.0
576 1035 2.0
576 1054 1.0
577 7 2.0
577 46 1.0
577 75 1.0
577 94 1.0
577 104 1.0
577 164 1.0
577 168 2.0
577 208 1.0
577 214 1.0
577 430 1.0
577 1035 3.0
577 1054 1.0
577 1496 1.0
577 1577 1.0
578 57 2.0
578 94 1.0
578 152 1.0
578 275 1.0
578 353 1.0
578 415 1.0
578 594 1.0
578 1088 1.0
579 12 1.0
579 64 2.0
579 363 1.0
579 773 1.0
579 867 1.0
579 984 1.0
579 986 1.0
579 1000 1.0
579 1067 1.0
579 1137 1.0
580 12 1.0
580 64 2.0
580 363 1.0
580 773 1.0
580 867 1.0
580 984 1.0
580 986 1.0
580 1000 1.0
580 1067 1.0
580 1137 1.0
581 5 1.0
581 57 1.0
581 122 2.0
581 156 1.0
581 260 1.0
581 284 1.0
581 299 1.0
581 902 1.0
581 988 1.0
582 12 1.0
582 22 1.0
582 23 1.0
582 82 1.0
582 299 1.0
582 431 1.0
582 1548 1.0
582 1702 1.0
583 12 1.0
583 22 1.0
583 23 1.0
583 82 1.0
583 299 1.0
583 431 1.0
583 1548 1.0
583 1702 1.0
584 46 2.0
584 48 1.0
584 57 1.0
584 65 1.0
584 151 1.0
584 237 1.0
584 274 1.0
584 288 1.0
584 296 1.0
584 303 1.0
584 415 1.0
584 419 1.0
584 451 1.0
584 1071 1.0
584 1072 1.0
584 1203 1.0
584 1451 1.0
584 1582 1.0
585 0 1.0
585 75 1.0
585 598 1.0
585 660 1.0
585 1083 1.0
585 1574 1.0
585 1575 1.0
585 1576 1.0
585 1594 1.0
585 1595 1.0
586 0 1.0
586 75 1.0
586 598 1.0
586 660 1.0
586 1083 1.0
586 1574 1.0
586 1575 1.0
586 1576 1.0
586 1594 1.0
586 1595 1.0
587 5 1.0
587 58 1.0
587 118 1.0
587 137 1.0
587 236 1.0
587 237 1.0
587 428 1.0
587 452 1.0
587 544 1.0
587 597 1.0
587 702 1.0
587 942 1.0
587 1097 1.0
588 74 1.0
588 108 1.0
588 122 3.0
588 151 1.0
588 229 1.0
588 241 2.0
588 262 1.0
588 287 1.0
588 444 2.0
588 546 1.0
588 605 1.0
588 702 1.0
588 830 1.0
589 74 1.0
589 108 1.0
589 122 3.0
589 151 1.0
589 229 1.0
589 241 2.0
589 262 1.0
589 287 1.0
589 444 2.0
589 546 1.0
589 605 1.0
589 702 1.0
589 830 1.0
590 12 1.0
590 22 1.0
590 82 1.0
590 188 1.0
590 196 1.0
590 260 1.0
590 341 1.0
590 986 1.0
590 1013 1.0
590 1049 1.0
591 65 2.0
591 123 1.0
591 158 1.0
591 188 1.0
591 520 2.0
591 684 1.0
591 704 1.0
591 760 1.0
591 774 1.0
591 872 1.0
591 964 1.0
591 986 3.0
591 1013 1.0
591 1068 1.0
591 1076 1.0
591 1590 1.0
592 29 1.0
592 30 1.0
592 57 1.0
592 190 1.0
592 213 1.0
592 396 1.0
592 670 1.0
593 5 1.0
593 65 1.0
593 123 1.0
593 232 1.0
593 275 1.0
593 520 1.0
593 774 2.0
593 905 1.0
593 986 1.0
593 1017 1.0
593 1068 1.0
593 1076 1.0
593 1590 1.0
594 15 1.0
594 198 1.0
594 245 1.0
594 285 1.0
594 433 1.0
594 505 1.0
594 586 1.0
594 1261 1.0
595 7 1.0
595 12 1.0
595 46 1.0
595 173 1.0
595 199 1.0
595 218 1.0
595 295 1.0
595 551 1.0
595 749 1.0
595 885 1.0
595 1580 1.0
595 1596 1.0
596 5 1.0
596 152 1.0
596 196 1.0
596 232 1.0
596 470 1.0
596 717 1.0
596 836 1.0
596 858 1.0
596 1067 1.0
596 1101 1.0
596 1303 1.0
596 1601 1.0
597 2 1.0
597 70 1.0
597 82 1.0
597 169 1.0
597 210 1.0
597 221 1.0
597 246 1.0
597 260 1.0
597 324 1.0
597 370 1.0
597 396 1.0
597 415 1.0
597 471 1.0
597 785 1.0
597 885 1.0
597 1539 1.0
598 29 1.0
598 111 1.0
598 170 1.0
598 295 1.0
598 399 1.0
598 415 1.0
598 424 1.0
598 446 1.0
598 478 1.0
598 494 1.0
598 519 1.0
598 647 1.0
598 757 2.0
598 783 1.0
598 1026 1.0
598 1173 1.0
598 1600 1.0
599 12 1.0
599 24 1.0
599 53 2.0
599 57 1.0
599 73 1.0
599 146 1.0
599 166 1.0
599 167 2.0
599 353 1.0
599 383 1.0
599 1343 1.0
600 30 1.0
600 64 1.0
600 71 1.0
600 122 1.0
600 284 1.0
600 296 1.0
600 311 1.0
600 503 1.0
600 520 1.0
600 532 2.0
600 534 2.0
600 729 1.0
600 1190 1.0
600 1617 1.0
601 3 1.0
601 39 1.0
601 48 1.0
601 54 1.0
601 183 1.0
601 184 1.0
601 546 1.0
601 992 1.0
601 1236 1.0
602 3 1.0
602 39 1.0
602 48 1.0
602 54 1.0
602 183 1.0
602 184 1.0
602 546 1.0
602 992 1.0
602 1236 1.0
603 82 1.0
603 108 1.0
603 242 1.0
603 260 1.0
603 302 1.0
603 351 1.0
603 363 1.0
603 722 1.0
603 1108 2.0
603 1629 1.0
603 1630 1.0
604 44 1.0
604 68 1.0
604 82 1.0
604 111 3.0
604 196 1.0
604 260 2.0
604 381 1.0
604 731 2.0
604 1056 1.0
604 1281 1.0
605 180 1.0
605 182 1.0
605 190 1.0
605 263 1.0
605 415 1.0
605 991 1.0
605 1026 1.0
605 1036 1.0
605 1185 1.0
605 1188 1.0
605 1189 1.0
606 82 2.0
606 93 1.0
606 108 1.0
606 181 1.0
606 208 1.0
606 218 1.0
606 244 1.0
606 347 1.0
606 848 1.0
607 5 2.0
607 127 1.0
607 171 1.0
607 195 1.0
607 229 1.0
607 251 2.0
607 266 2.0
607 760 1.0
607 1198 1.0
608 5 2.0
608 127 1.0
608 171 1.0
608 195 1.0
608 229 1.0
608 251 2.0
608 266 2.0
608 760 1.0
608 1198 1.0
609 5 1.0
609 27 1.0
609 82 2.0
609 135 1.0
609 137 1.0
609 257 1.0
609 260 1.0
609 317 1.0
609 340 1.0
609 416 1.0
609 496 1.0
609 764 1.0
609 966 1.0
609 1042 1.0
609 1247 1.0
609 1385 1.0
609 1420 1.0
610 46 1.0
610 82 1.0
610 90 1.0
610 164 1.0
610 192 1.0
610 208 1.0
610 218 1.0
610 433 1.0
610 513 1.0
610 691 1.0
610 730 1.0
610 1065 1.0
611 10 1.0
611 46 1.0
611 82 2.0
611 90 2.0
611 100 1.0
611 164 1.0
611 192 1.0
611 198 1.0
611 208 1.0
611 218 1.0
611 415 1.0
611 433 2.0
611 513 1.0
611 691 1.0
611 730 1.0
611 1065 1.0
611 1089 1.0
611 1151 1.0
611 1699 1.0
612 5 1.0
612 12 1.0
612 23 1.0
612 37 1.0
612 71 1.0
612 82 1.0
612 90 1.0
612 111 1.0
612 146 1.0
612 198 1.0
612 302 1.0
612 329 1.0
612 342 1.0
612 433 2.0
612 731 1.0
612 812 1.0
612 1444 1.0
612 1631 1.0
612 1695 1.0
613 164 1.0
613 189 1.0
613 192 1.0
613 297 1.0
613 496 1.0
613 730 1.0
613 821 1.0
613 825 1.0
613 1634 1.0
613 1635 1.0
614 12 1.0
614 30 1.0
614 71 1.0
614 82 3.0
614 127 3.0
614 196 1.0
614 229 2.0
614 257 1.0
614 260 1.0
614 287 1.0
614 377 1.0
614 380 1.0
614 422 1.0
614 444 1.0
614 469 1.0
614 1406 1.0
614 1642 1.0
614 1708 1.0
615 60 1.0
615 82 1.0
615 185 1.0
615 333 1.0
615 425 2.0
615 438 1.0
615 500 1.0
616 46 1.0
616 48 1.0
616 71 1.0
616 90 1.0
616 164 1.0
616 208 1.0
616 218 1.0
616 235 1.0
616 377 1.0
616 380 1.0
616 382 1.0
616 406 1.0
616 422 1.0
616 452 1.0
616 730 1.0
616 1065 1.0
617 6 1.0
617 40 1.0
617 82 2.0
617 100 1.0
617 151 1.0
617 218 1.0
617 394 1.0
617 433 1.0
617 686 1.0
617 749 1.0
617 999 1.0
617 1131 1.0
617 1645 1.0
617 1646 1.0
618 3 1.0
618 12 1.0
618 60 1.0
618 82 1.0
618 135 1.0
618 190 1.0
618 332 1.0
618 452 1.0
618 486 1.0
618 581 1.0
618 610 1.0
618 793 1.0
618 1103 1.0
618 1392 1.0
619 5 1.0
619 40 1.0
619 69 1.0
619 70 1.0
619 89 1.0
619 144 1.0
619 149 1.0
619 269 1.0
619 378 1.0
619 521 1.0
619 538 1.0
619 679 1.0
619 686 1.0
619 1328 1.0
619 1548 1.0
619 1649 1.0
620 3 2.0
620 93 1.0
620 161 1.0
620 186 1.0
620 251 1.0
620 377 1.0
620 1148 1.0
621 30 1.0
621 57 1.0
621 85 1.0
621 183 1.0
621 196 1.0
621 287 1.0
621 639 1.0
621 827 1.0
622 4 1.0
622 44 1.0
622 151 1.0
622 359 1.0
622 449 2.0
622 521 2.0
622 661 1.0
622 775 1.0
622 1130 1.0
622 1653 1.0
622 1654 1.0
622 1656 1.0
623 3 1.0
623 20 1.0
623 89 1.0
623 169 1.0
623 196 1.0
623 251 1.0
623 472 1.0
623 706 1.0
623 1172 1.0
624 5 1.0
624 57 1.0
624 169 1.0
624 298 1.0
624 414 1.0
624 875 1.0
624 1103 1.0
624 1670 1.0
624 1671 1.0
625 3 1.0
625 54 1.0
625 57 1.0
625 82 1.0
625 161 1.0
625 198 1.0
625 329 1.0
625 567 1.0
625 679 1.0
626 12 1.0
626 132 1.0
626 151 1.0
626 296 1.0
626 380 1.0
626 546 1.0
626 548 1.0
626 551 1.0
626 566 1.0
626 663 1.0
626 679 1.0
626 719 1.0
626 1236 1.0
626 1294 1.0
626 1422 1.0
626 1659 1.0
627 5 1.0
627 103 1.0
627 252 1.0
627 278 1.0
627 287 1.0
627 323 1.0
627 350 1.0
627 496 1.0
627 798 1.0
627 1078 1.0
627 1435 1.0
628 5 1.0
628 77 1.0
628 105 1.0
628 135 1.0
628 146 1.0
628 164 1.0
628 319 1.0
628 322 1.0
628 441 1.0
628 567 1.0
629 2 1.0
629 5 1.0
629 41 1.0
629 158 1.0
629 189 1.0
629 196 1.0
629 215 1.0
629 263 1.0
629 455 1.0
629 611 1.0
629 764 1.0
630 2 1.0
630 5 1.0
630 41 1.0
630 180 1.0
630 189 1.0
630 190 1.0
630 215 1.0
630 250 1.0
630 263 1.0
630 611 1.0
630 1406 1.0
631 33 1.0
631 162 1.0
631 171 1.0
631 173 1.0
631 183 1.0
631 217 1.0
631 235 1.0
631 306 1.0
632 33 1.0
632 162 1.0
632 171 1.0
632 173 1.0
632 183 1.0
632 217 1.0
632 235 1.0
632 306 1.0
633 3 1.0
633 74 1.0
633 82 1.0
633 161 1.0
633 186 1.0
633 190 1.0
633 251 1.0
633 475 1.0
633 486 1.0
633 515 1.0
633 793 1.0
633 1103 1.0
633 1392 1.0
634 10 1.0
634 98 1.0
634 111 1.0
634 152 1.0
634 330 1.0
634 500 1.0
634 507 1.0
634 815 1.0
634 994 1.0
635 10 2.0
635 82 1.0
635 90 1.0
635 152 1.0
635 330 1.0
635 492 1.0
635 500 1.0
635 792 1.0
636 10 1.0
636 455 1.0
636 458 1.0
636 738 1.0
636 1312 1.0
636 1690 1.0
637 70 1.0
637 82 2.0
637 90 1.0
637 484 1.0
637 626 1.0
637 640 1.0
637 787 1.0
637 789 2.0
637 882 1.0
637 1051 1.0
637 1452 1.0
637 1512 1.0
637 1688 1.0
638 70 1.0
638 82 2.0
638 90 1.0
638 484 1.0
638 626 1.0
638 640 1.0
638 787 1.0
638 789 2.0
638 882 1.0
638 1051 1.0
638 1452 1.0
638 1512 1.0
638 1688 1.0
639 10 1.0
639 100 2.0
639 181 1.0
639 218 1.0
639 415 2.0
639 762 1.0
639 1089 2.0
639 1151 1.0
640 5 1.0
640 10 1.0
640 82 1.0
640 100 1.0
640 415 1.0
640 778 1.0
640 1089 1.0
640 1151 1.0
640 1693 1.0
641 82 2.0
641 433 2.0
641 500 2.0
641 690 1.0
641 1265 1.0
641 1303 1.0
641 1709 1.0
642 82 2.0
642 90 1.0
642 147 1.0
642 198 1.0
642 433 2.0
642 500 2.0
642 690 1.0
642 716 1.0
642 1265 1.0
642 1303 1.0
642 1522 1.0
642 1709 1.0
643 82 2.0
643 433 2.0
643 500 2.0
643 690 1.0
643 1265 1.0
643 1303 1.0
643 1709 1.0
644 6 1.0
644 40 1.0
644 82 2.0
644 84 1.0
644 100 1.0
644 258 1.0
644 394 1.0
644 433 1.0
644 686 1.0
644 749 1.0
644 999 1.0
644 1131 1.0
644 1691 1.0
645 10 1.0
645 112 1.0
645 379 1.0
645 455 1.0
645 738 1.0
645 1690 1.0
646 4 1.0
646 10 1.0
646 82 1.0
646 89 1.0
646 90 1.0
646 123 1.0
646 152 1.0
646 198 1.0
646 431 1.0
646 1130 1.0
646 1426 1.0
647 4 1.0
647 10 1.0
647 82 1.0
647 89 1.0
647 90 1.0
647 123 1.0
647 152 1.0
647 198 1.0
647 431 1.0
647 1130 1.0
647 1426 1.0
648 4 1.0
648 10 1.0
648 71 1.0
648 90 2.0
648 183 1.0
648 196 1.0
648 198 1.0
648 277 1.0
648 431 1.0
648 433 1.0
648 576 1.0
648 795 1.0
648 812 1.0
648 1130 1.0
649 4 1.0
649 10 1.0
649 90 1.0
649 152 1.0
649 198 1.0
649 354 1.0
649 399 1.0
649 1130 1.0
649 1710 1.0
650 4 1.0
650 10 1.0
650 71 1.0
650 90 2.0
650 183 1.0
650 196 1.0
650 198 1.0
650 277 1.0
650 431 1.0
650 433 1.0
650 576 1.0
650 795 1.0
650 812 1.0
650 1130 1.0
651 82 1.0
651 90 1.0
651 100 1.0
651 181 1.0
651 235 1.0
651 433 1.0
651 812 2.0
651 984 1.0
651 1303 1.0
651 1444 1.0
652 82 1.0
652 90 1.0
652 100 1.0
652 181 1.0
652 235 1.0
652 433 1.0
652 812 2.0
652 984 1.0
652 1303 1.0
652 1444 1.0
653 82 1.0
653 94 2.0
653 169 1.0
653 190 1.0
653 236 1.0
653 271 1.0
653 274 1.0
653 321 1.0
653 415 1.0
653 862 1.0
653 1203 1.0
653 1260 1.0
653 1272 1.0
654 2 2.0
654 90 1.0
654 108 1.0
654 111 1.0
654 123 1.0
654 152 1.0
654 190 1.0
654 198 1.0
654 242 1.0
654 415 1.0
654 438 1.0
654 1318 1.0
654 1483 1.0
655 2 2.0
655 90 1.0
655 108 1.0
655 111 1.0
655 123 1.0
655 152 1.0
655 190 1.0
655 198 1.0
655 242 1.0
655 415 1.0
655 438 1.0
655 1318 1.0
655 1483 1.0
656 40 1.0
656 82 1.0
656 90 1.0
656 733 1.0
656 1290 1.0
657 10 2.0
657 12 1.0
657 29 1.0
657 30 1.0
657 82 1.0
657 90 2.0
657 146 1.0
657 198 1.0
657 218 1.0
657 229 1.0
657 373 1.0
657 529 1.0
657 792 1.0
657 1053 1.0
657 1260 1.0
657 1589 1.0
