857 2411
3 3 2.0
3 5 1.0
3 12 1.0
3 29 1.0
3 33 2.0
3 41 1.0
3 70 1.0
3 74 1.0
3 89 1.0
3 146 1.0
3 159 1.0
3 161 1.0
3 168 1.0
3 169 1.0
3 228 1.0
3 258 1.0
3 329 1.0
3 330 1.0
3 383 1.0
3 428 1.0
3 546 1.0
3 559 1.0
3 643 1.0
3 783 1.0
3 1064 1.0
3 1162 1.0
3 1349 1.0
4 3 1.0
4 24 1.0
4 30 1.0
4 57 2.0
4 67 1.0
4 74 1.0
4 82 1.0
4 105 1.0
4 123 1.0
4 131 1.0
4 150 1.0
4 151 3.0
4 164 1.0
4 218 1.0
4 220 1.0
4 221 1.0
4 238 1.0
4 239 1.0
4 251 2.0
4 330 1.0
4 343 1.0
4 352 1.0
4 353 1.0
4 377 1.0
4 378 1.0
4 387 2.0
4 476 1.0
4 652 1.0
4 712 1.0
4 803 1.0
4 852 2.0
4 874 1.0
4 888 1.0
4 1065 1.0
4 1339 1.0
4 1370 1.0
4 1433 1.0
6 33 1.0
6 52 1.0
6 57 1.0
6 74 1.0
6 77 1.0
6 89 1.0
6 1105 1.0
9 20 1.0
9 58 1.0
9 59 1.0
9 60 1.0
9 161 1.0
9 266 1.0
15 3 1.0
15 32 1.0
15 65 1.0
15 74 1.0
15 82 1.0
15 105 1.0
15 147 1.0
15 161 2.0
15 198 1.0
15 201 1.0
15 264 1.0
15 268 1.0
15 274 1.0
15 567 1.0
15 572 1.0
15 593 1.0
15 1127 1.0
15 1436 1.0
19 5 2.0
19 82 1.0
19 104 3.0
19 110 1.0
19 114 1.0
19 137 1.0
19 155 1.0
19 196 1.0
19 237 1.0
19 264 1.0
19 265 1.0
19 274 1.0
19 444 1.0
19 541 2.0
19 640 1.0
19 645 2.0
19 875 1.0
19 1054 1.0
19 1559 1.0
19 1828 1.0
20 52 1.0
20 58 1.0
20 63 1.0
20 82 1.0
20 95 2.0
20 104 1.0
20 146 1.0
20 296 1.0
20 431 1.0
20 541 1.0
20 645 1.0
20 944 1.0
20 1787 1.0
21 142 1.0
21 198 1.0
21 252 1.0
22 2 1.0
22 20 1.0
22 47 1.0
22 82 1.0
22 104 1.0
22 110 3.0
22 143 1.0
22 196 1.0
22 198 1.0
22 252 2.0
22 515 2.0
22 541 1.0
22 645 1.0
22 894 1.0
22 1734 1.0
22 1796 1.0
23 2 1.0
23 5 1.0
23 30 1.0
23 40 1.0
23 65 1.0
23 82 2.0
23 104 1.0
23 123 1.0
23 151 1.0
23 179 1.0
23 237 1.0
23 257 1.0
23 433 1.0
23 449 1.0
23 500 1.0
23 626 1.0
23 738 1.0
23 1031 1.0
23 1084 1.0
23 1121 1.0
23 1202 1.0
23 1265 1.0
23 1754 1.0
24 135 1.0
24 162 1.0
24 217 1.0
24 929 1.0
25 135 1.0
25 162 1.0
25 217 1.0
25 929 1.0
26 3 1.0
26 32 1.0
26 40 1.0
26 74 1.0
26 104 1.0
26 135 1.0
26 183 1.0
26 611 1.0
26 1525 1.0
28 100 1.0
28 257 1.0
28 792 1.0
29 20 1.0
29 67 1.0
29 71 1.0
29 114 1.0
29 162 1.0
29 178 1.0
29 217 1.0
29 235 1.0
29 258 2.0
29 266 1.0
29 350 1.0
29 639 1.0
29 705 1.0
30 6 1.0
30 8 1.0
30 17 1.0
30 160 1.0
30 251 1.0
30 318 1.0
30 1147 1.0
31 3 2.0
31 71 2.0
31 161 1.0
31 320 2.0
31 332 1.0
33 3 1.0
33 12 1.0
33 23 1.0
33 132 1.0
33 142 1.0
33 198 1.0
33 210 1.0
33 215 1.0
33 252 1.0
33 329 1.0
33 346 1.0
33 377 1.0
33 434 1.0
33 541 1.0
33 861 1.0
33 1598 1.0
33 1599 1.0
33 1621 1.0
34 3 1.0
34 12 1.0
34 109 1.0
34 181 1.0
34 251 1.0
34 324 1.0
34 1637 1.0
35 3 2.0
35 12 1.0
35 17 1.0
35 36 1.0
35 51 1.0
35 74 1.0
35 77 1.0
35 82 1.0
35 105 1.0
35 162 1.0
35 186 1.0
35 198 1.0
35 201 1.0
35 217 1.0
35 235 1.0
35 246 1.0
35 251 1.0
35 264 1.0
35 274 1.0
35 515 1.0
35 516 1.0
35 567 1.0
35 569 1.0
35 576 1.0
35 647 1.0
35 757 1.0
35 1661 1.0
36 3 1.0
36 6 1.0
36 360 1.0
36 388 1.0
36 529 1.0
36 660 1.0
36 1037 1.0
36 1465 1.0
36 1619 1.0
37 12 1.0
37 19 1.0
37 23 1.0
37 40 1.0
37 221 1.0
37 956 1.0
38 3 1.0
38 77 1.0
38 162 1.0
38 217 1.0
38 235 1.0
38 246 1.0
38 576 1.0
38 1661 1.0
43 67 1.0
43 74 1.0
43 90 1.0
43 142 1.0
43 146 1.0
43 253 1.0
43 257 1.0
43 287 1.0
43 336 1.0
43 392 1.0
43 587 1.0
43 658 1.0
43 675 1.0
43 825 1.0
43 888 1.0
45 3 2.0
45 54 2.0
45 113 1.0
45 168 1.0
45 174 1.0
45 419 1.0
45 503 1.0
45 556 1.0
45 699 1.0
45 1412 1.0
47 56 1.0
47 801 1.0
47 1050 1.0
47 1749 1.0
49 3 1.0
49 16 1.0
49 77 1.0
49 89 1.0
49 122 1.0
49 152 1.0
49 161 1.0
49 162 1.0
49 190 1.0
49 251 1.0
49 257 1.0
49 379 1.0
49 472 1.0
49 505 1.0
49 534 1.0
49 959 1.0
49 1132 1.0
50 3 3.0
50 7 1.0
50 12 1.0
50 23 1.0
50 47 1.0
50 54 2.0
50 123 1.0
50 164 1.0
50 168 1.0
50 169 1.0
50 208 1.0
50 218 1.0
50 221 1.0
50 236 1.0
50 237 1.0
50 327 1.0
50 329 1.0
50 347 1.0
50 699 1.0
50 764 1.0
50 1224 1.0
50 1412 1.0
50 1775 1.0
53 3 1.0
53 5 1.0
53 26 1.0
53 27 1.0
53 29 1.0
53 82 1.0
53 160 1.0
53 163 1.0
53 186 1.0
53 246 1.0
53 260 1.0
53 287 1.0
53 383 1.0
53 1266 1.0
54 48 1.0
54 137 1.0
54 181 1.0
54 196 1.0
54 199 1.0
54 272 1.0
54 287 1.0
54 639 1.0
54 930 1.0
54 1105 1.0
54 1552 1.0
57 3 1.0
57 71 1.0
57 217 1.0
57 235 1.0
57 251 1.0
57 434 1.0
58 3 1.0
58 10 1.0
58 12 1.0
58 13 1.0
58 30 1.0
58 54 1.0
58 57 1.0
58 63 1.0
58 112 1.0
58 248 1.0
58 500 1.0
58 585 1.0
58 634 1.0
58 789 1.0
58 820 1.0
58 1129 1.0
59 3 1.0
59 5 1.0
59 60 1.0
59 64 1.0
59 122 1.0
59 142 1.0
59 198 1.0
59 237 1.0
59 241 1.0
59 252 1.0
59 269 1.0
59 330 1.0
59 419 1.0
59 500 1.0
59 503 1.0
59 656 1.0
59 686 1.0
59 722 1.0
59 755 1.0
59 962 1.0
59 1051 1.0
59 1059 1.0
59 1355 1.0
59 1519 1.0
59 1564 1.0
59 1657 1.0
60 3 2.0
60 5 1.0
60 17 1.0
60 20 2.0
60 51 1.0
60 74 1.0
60 93 1.0
60 142 1.0
60 147 1.0
60 151 1.0
60 161 2.0
60 162 1.0
60 186 1.0
60 218 1.0
60 241 1.0
60 242 2.0
60 250 1.0
60 287 1.0
60 323 2.0
60 353 1.0
60 377 1.0
60 422 1.0
60 434 1.0
60 515 1.0
60 585 2.0
60 673 1.0
60 682 1.0
60 702 1.0
60 917 1.0
60 1103 1.0
60 1392 1.0
60 1565 1.0
60 1597 1.0
60 1600 2.0
60 1832 1.0
62 3 1.0
62 40 1.0
62 57 1.0
62 113 1.0
62 149 1.0
62 192 1.0
62 252 1.0
62 301 1.0
62 444 1.0
62 466 1.0
62 472 1.0
62 474 1.0
62 475 2.0
62 582 1.0
62 917 1.0
62 1364 1.0
62 1816 1.0
67 114 1.0
67 161 1.0
67 198 1.0
67 352 1.0
67 360 1.0
67 388 1.0
67 567 1.0
67 905 1.0
69 74 1.0
69 82 2.0
69 179 1.0
69 251 1.0
69 377 1.0
69 378 1.0
69 379 1.0
69 433 2.0
69 1262 1.0
70 60 1.0
70 74 2.0
70 82 5.0
70 88 1.0
70 132 1.0
70 142 1.0
70 146 1.0
70 179 1.0
70 231 1.0
70 234 1.0
70 251 1.0
70 260 1.0
70 356 1.0
70 377 1.0
70 378 1.0
70 379 1.0
70 425 1.0
70 433 4.0
70 464 1.0
70 478 1.0
70 551 1.0
70 693 1.0
70 837 1.0
70 875 2.0
70 879 1.0
70 1262 1.0
70 1444 1.0
70 1476 1.0
70 1503 1.0
70 1695 1.0
70 1756 1.0
71 12 1.0
71 29 1.0
71 75 1.0
71 82 1.0
71 156 1.0
71 190 1.0
71 218 2.0
71 251 3.0
71 377 1.0
71 378 1.0
71 395 2.0
71 568 1.0
71 770 1.0
71 862 1.0
71 919 2.0
71 929 1.0
71 1035 1.0
71 1848 1.0
73 5 1.0
73 96 1.0
73 114 2.0
73 195 1.0
73 196 1.0
73 251 1.0
73 282 1.0
73 347 1.0
73 597 1.0
73 1203 1.0
74 3 1.0
74 29 1.0
74 32 1.0
74 68 2.0
74 141 1.0
74 148 1.0
74 161 1.0
74 170 1.0
74 171 1.0
74 246 1.0
74 251 1.0
74 295 1.0
74 382 1.0
74 1035 1.0
74 1180 1.0
75 89 1.0
75 100 1.0
75 241 1.0
75 382 1.0
75 406 1.0
75 452 1.0
75 672 1.0
75 829 1.0
75 1198 1.0
75 1249 1.0
78 152 1.0
78 189 1.0
78 229 1.0
78 232 1.0
78 1696 1.0
79 152 1.0
79 189 1.0
79 229 1.0
79 232 1.0
79 1696 1.0
80 57 1.0
80 82 1.0
80 164 1.0
80 174 1.0
80 177 1.0
80 303 1.0
80 308 1.0
80 433 1.0
80 669 1.0
80 814 1.0
82 30 2.0
82 40 1.0
82 45 1.0
82 74 1.0
82 75 1.0
82 82 2.0
82 89 1.0
82 90 1.0
82 100 1.0
82 111 1.0
82 156 1.0
82 179 1.0
82 192 1.0
82 242 1.0
82 251 3.0
82 254 1.0
82 257 1.0
82 260 4.0
82 282 1.0
82 308 1.0
82 317 1.0
82 340 1.0
82 363 1.0
82 377 2.0
82 378 2.0
82 379 1.0
82 433 2.0
82 458 1.0
82 465 1.0
82 472 1.0
82 491 1.0
82 545 1.0
82 727 1.0
82 805 1.0
82 879 1.0
82 1262 1.0
82 1813 1.0
83 12 1.0
83 17 1.0
83 20 1.0
83 80 1.0
83 82 2.0
83 89 1.0
83 100 1.0
83 127 4.0
83 196 1.0
83 229 1.0
83 251 1.0
83 260 3.0
83 341 1.0
83 347 1.0
83 380 1.0
83 444 1.0
83 491 1.0
83 496 1.0
83 932 1.0
83 970 1.0
83 1103 1.0
83 1406 1.0
84 10 1.0
84 90 1.0
84 218 1.0
84 257 1.0
84 260 1.0
84 464 1.0
84 1285 1.0
85 10 1.0
85 90 1.0
85 218 1.0
85 257 1.0
85 260 1.0
85 464 1.0
85 1285 1.0
86 68 1.0
86 74 1.0
86 82 1.0
86 88 1.0
86 98 2.0
86 124 1.0
86 185 1.0
86 260 2.0
86 341 1.0
86 417 1.0
86 471 1.0
86 483 1.0
86 693 1.0
86 764 1.0
86 875 1.0
86 1154 1.0
86 1321 2.0
86 1728 1.0
87 82 1.0
87 151 1.0
87 377 1.0
87 378 1.0
87 919 1.0
87 1154 1.0
88 6 1.0
88 8 1.0
88 20 1.0
88 52 1.0
88 57 1.0
88 58 1.0
88 59 1.0
88 60 2.0
88 67 1.0
88 71 1.0
88 74 2.0
88 82 1.0
88 89 1.0
88 115 1.0
88 161 1.0
88 215 1.0
88 217 1.0
88 235 1.0
88 266 1.0
88 298 1.0
88 329 1.0
88 397 1.0
88 472 1.0
88 477 1.0
88 874 1.0
88 955 1.0
88 1054 1.0
88 1683 1.0
89 3 1.0
89 161 1.0
89 198 1.0
89 200 1.0
89 258 1.0
89 567 1.0
91 9 1.0
91 17 1.0
91 30 1.0
91 60 1.0
91 82 1.0
91 91 1.0
91 100 1.0
91 151 1.0
91 179 1.0
91 182 1.0
91 183 1.0
91 251 2.0
91 260 1.0
91 378 1.0
91 433 1.0
91 464 1.0
91 892 1.0
91 919 2.0
91 920 1.0
91 994 1.0
91 1222 1.0
91 1502 1.0
91 1771 1.0
92 9 1.0
92 17 1.0
92 30 1.0
92 60 1.0
92 82 1.0
92 100 1.0
92 151 1.0
92 156 1.0
92 179 1.0
92 182 1.0
92 183 1.0
92 251 2.0
92 260 1.0
92 433 1.0
92 464 1.0
92 545 1.0
92 892 1.0
92 919 1.0
92 994 1.0
92 1502 1.0
92 1771 1.0
96 3 1.0
96 105 1.0
96 161 1.0
96 268 1.0
97 63 1.0
97 162 1.0
97 217 1.0
97 224 1.0
97 235 1.0
97 471 1.0
98 3 3.0
98 54 1.0
98 83 1.0
98 105 1.0
98 186 1.0
98 190 1.0
98 363 1.0
98 515 1.0
98 585 1.0
98 1129 1.0
98 1392 1.0
98 1778 1.0
99 3 1.0
99 30 1.0
99 162 1.0
99 287 1.0
100 63 1.0
100 75 1.0
100 81 1.0
100 95 1.0
100 1535 1.0
101 12 1.0
101 29 1.0
101 33 1.0
101 57 1.0
101 68 1.0
101 82 1.0
101 158 1.0
101 930 1.0
101 1187 1.0
101 1485 1.0
102 164 1.0
102 317 1.0
102 360 1.0
102 441 1.0
102 677 1.0
102 793 1.0
103 41 1.0
103 48 1.0
103 70 1.0
103 114 1.0
103 116 1.0
103 135 1.0
103 142 1.0
103 175 1.0
103 180 1.0
103 266 1.0
103 277 1.0
103 323 1.0
103 360 1.0
103 520 1.0
103 523 1.0
103 667 1.0
103 679 1.0
103 855 1.0
103 1124 1.0
107 5 1.0
107 7 1.0
107 24 1.0
107 45 1.0
107 58 1.0
107 151 1.0
107 152 1.0
107 156 1.0
107 319 1.0
107 428 1.0
107 541 1.0
107 645 1.0
107 1097 1.0
107 1218 1.0
108 3 1.0
108 77 1.0
108 82 1.0
108 114 1.0
108 190 1.0
108 251 1.0
108 360 1.0
108 440 1.0
108 721 1.0
108 959 1.0
108 970 1.0
109 17 1.0
109 33 1.0
109 60 1.0
109 152 1.0
109 159 1.0
109 177 1.0
109 196 1.0
109 263 1.0
109 265 1.0
109 329 1.0
109 332 1.0
109 345 1.0
109 600 1.0
109 757 1.0
109 861 1.0
109 1103 1.0
110 3 1.0
110 5 2.0
110 17 1.0
110 45 1.0
110 77 1.0
110 108 1.0
110 112 1.0
110 114 1.0
110 137 1.0
110 151 1.0
110 161 1.0
110 169 1.0
110 186 1.0
110 251 1.0
110 319 1.0
110 329 2.0
110 370 1.0
110 441 1.0
110 475 1.0
110 515 1.0
110 517 1.0
110 556 1.0
110 634 1.0
110 929 1.0
110 1053 1.0
111 5 1.0
111 89 1.0
111 159 1.0
111 195 1.0
111 213 1.0
111 443 1.0
111 584 1.0
111 1054 1.0
111 1152 1.0
112 89 1.0
112 159 1.0
112 195 1.0
112 443 1.0
112 584 1.0
112 1152 1.0
114 48 1.0
114 116 1.0
114 266 1.0
114 323 1.0
114 855 1.0
115 229 1.0
115 428 1.0
115 567 1.0
115 597 1.0
115 619 1.0
115 647 1.0
115 1078 1.0
119 164 1.0
119 317 1.0
119 360 1.0
119 441 1.0
119 677 1.0
119 793 1.0
120 30 1.0
120 221 1.0
120 246 1.0
120 532 1.0
120 676 1.0
120 1215 1.0
120 1534 1.0
120 1829 1.0
121 24 1.0
121 31 1.0
121 40 1.0
121 189 1.0
121 270 1.0
121 276 1.0
121 319 1.0
121 460 1.0
121 1208 1.0
122 93 1.0
122 135 1.0
122 161 1.0
122 189 1.0
122 332 1.0
122 377 1.0
122 380 1.0
122 434 1.0
122 588 1.0
122 1072 1.0
122 1392 1.0
122 1825 1.0
123 20 1.0
123 41 1.0
123 60 1.0
123 189 1.0
123 520 1.0
123 783 1.0
123 809 1.0
123 1417 1.0
125 40 1.0
125 41 1.0
125 270 1.0
125 380 1.0
125 482 1.0
125 520 1.0
125 559 1.0
125 637 1.0
125 1087 1.0
125 1106 1.0
125 1817 1.0
127 15 1.0
127 90 1.0
127 100 4.0
127 114 1.0
127 123 2.0
127 214 1.0
127 435 1.0
127 500 2.0
127 559 1.0
127 628 1.0
127 724 1.0
127 734 1.0
127 763 1.0
127 1103 1.0
127 1354 1.0
127 1838 1.0
127 1839 1.0
130 12 1.0
130 82 1.0
130 236 1.0
130 480 1.0
130 799 1.0
130 1848 1.0
134 57 1.0
134 163 1.0
134 378 1.0
134 406 1.0
134 413 1.0
134 415 1.0
134 732 1.0
135 17 1.0
135 70 1.0
135 132 1.0
135 243 1.0
135 246 1.0
135 259 1.0
135 260 1.0
135 342 1.0
135 425 1.0
135 433 1.0
135 547 1.0
135 574 1.0
135 730 1.0
135 773 1.0
135 812 1.0
135 984 1.0
135 1051 1.0
135 1444 2.0
135 1695 1.0
137 82 1.0
137 111 1.0
137 123 1.0
137 137 1.0
137 169 1.0
137 243 1.0
137 259 1.0
137 318 1.0
137 425 1.0
137 574 1.0
137 686 1.0
137 807 1.0
137 1304 2.0
137 1751 1.0
137 1755 1.0
139 10 1.0
139 20 1.0
139 29 1.0
139 82 2.0
139 189 1.0
139 198 1.0
139 218 1.0
139 260 1.0
139 268 1.0
139 335 1.0
139 378 1.0
139 433 1.0
139 464 1.0
139 529 1.0
139 625 1.0
139 629 1.0
139 812 1.0
139 814 1.0
139 823 1.0
139 837 1.0
139 915 1.0
139 1136 2.0
141 100 1.0
141 132 1.0
141 158 1.0
141 343 1.0
141 875 1.0
141 1165 1.0
141 1764 1.0
141 1852 1.0
146 12 1.0
146 90 1.0
146 146 1.0
146 156 1.0
146 218 1.0
146 406 1.0
146 545 1.0
146 625 1.0
147 40 1.0
147 71 1.0
147 80 1.0
147 81 2.0
147 100 1.0
147 108 2.0
147 192 1.0
147 347 2.0
147 380 1.0
147 392 1.0
147 422 1.0
147 466 1.0
147 476 1.0
147 483 1.0
147 504 1.0
147 568 1.0
147 647 1.0
147 648 1.0
147 656 1.0
147 659 1.0
147 892 1.0
147 1050 2.0
147 1192 1.0
147 1439 1.0
147 1603 1.0
147 1792 1.0
147 1795 1.0
147 1836 1.0
147 1837 1.0
148 108 1.0
148 724 1.0
148 763 1.0
148 1686 1.0
150 5 1.0
150 32 1.0
150 46 1.0
150 275 1.0
150 399 1.0
150 650 1.0
150 810 1.0
150 1038 1.0
150 1051 1.0
150 1554 1.0
150 1846 1.0
155 3 1.0
155 40 1.0
155 82 1.0
155 135 1.0
155 142 2.0
155 144 1.0
155 146 2.0
155 152 1.0
155 218 1.0
155 300 1.0
155 308 1.0
155 358 1.0
155 425 1.0
155 759 1.0
155 1766 1.0
158 82 2.0
158 84 1.0
158 90 1.0
158 127 1.0
158 159 1.0
158 163 1.0
158 164 1.0
158 177 1.0
158 229 1.0
158 257 1.0
158 260 2.0
158 286 1.0
158 287 1.0
158 363 1.0
158 433 1.0
158 464 2.0
158 640 1.0
158 658 1.0
158 879 1.0
158 880 1.0
158 970 1.0
158 1485 1.0
159 147 1.0
159 251 1.0
159 298 1.0
159 855 1.0
159 1148 1.0
160 147 1.0
160 251 1.0
160 298 1.0
160 855 1.0
160 1148 1.0
161 3 1.0
161 236 1.0
161 1392 1.0
166 82 1.0
166 98 1.0
166 99 1.0
166 167 1.0
166 329 1.0
166 1489 1.0
166 1629 1.0
166 1797 1.0
167 57 1.0
167 208 1.0
167 218 2.0
167 251 1.0
167 257 1.0
167 260 1.0
167 347 1.0
167 464 1.0
167 483 1.0
167 491 1.0
167 823 1.0
167 879 1.0
167 892 1.0
167 940 1.0
167 1167 1.0
167 1376 1.0
168 12 1.0
168 164 1.0
168 181 1.0
168 232 1.0
168 464 1.0
168 571 1.0
168 837 1.0
168 1103 1.0
168 1164 1.0
168 1810 1.0
172 16 1.0
172 82 1.0
172 89 1.0
172 100 2.0
172 241 1.0
172 260 3.0
172 311 2.0
172 317 1.0
172 358 1.0
172 380 2.0
172 406 1.0
172 422 2.0
172 426 2.0
172 672 1.0
172 1131 2.0
178 12 1.0
178 83 1.0
178 168 1.0
178 251 1.0
178 257 1.0
178 260 1.0
178 331 1.0
178 380 1.0
178 914 1.0
178 1444 1.0
178 1767 1.0
180 57 1.0
180 65 1.0
180 251 1.0
180 304 1.0
180 724 1.0
185 5 1.0
185 69 1.0
185 82 2.0
185 90 1.0
185 100 1.0
185 274 1.0
185 433 2.0
185 464 1.0
185 837 1.0
185 879 1.0
185 1444 1.0
185 1476 1.0
185 1695 1.0
185 1756 1.0
186 82 1.0
186 181 1.0
186 260 1.0
186 924 1.0
186 1192 1.0
187 3 1.0
187 17 1.0
187 20 1.0
187 35 1.0
187 161 1.0
187 170 1.0
187 257 1.0
187 260 1.0
187 288 1.0
187 329 1.0
187 415 1.0
187 671 1.0
192 3 1.0
192 78 1.0
192 79 1.0
192 938 1.0
193 141 1.0
193 162 1.0
193 163 1.0
193 177 1.0
193 225 1.0
193 286 1.0
193 315 1.0
193 363 1.0
193 1219 1.0
193 1518 1.0
195 3 1.0
195 54 1.0
195 73 1.0
195 138 1.0
195 140 1.0
195 171 1.0
195 189 1.0
195 237 1.0
195 251 1.0
195 419 1.0
197 3 1.0
197 33 1.0
197 40 1.0
197 52 1.0
197 57 1.0
197 74 1.0
197 77 1.0
197 89 1.0
197 252 1.0
197 466 1.0
197 1105 1.0
198 40 1.0
198 135 1.0
198 179 1.0
198 360 1.0
198 1811 1.0
201 47 1.0
201 48 1.0
201 68 1.0
201 147 1.0
201 162 1.0
201 217 1.0
201 235 1.0
201 257 1.0
201 297 1.0
201 390 1.0
201 431 1.0
201 1728 1.0
203 3 1.0
203 6 1.0
203 12 1.0
203 30 1.0
203 46 1.0
203 67 1.0
203 71 1.0
203 159 1.0
203 160 1.0
203 211 2.0
203 246 1.0
203 466 1.0
203 872 1.0
203 1017 1.0
203 1125 1.0
203 1399 1.0
203 1774 1.0
204 181 1.0
204 1518 1.0
205 3 2.0
205 17 1.0
205 23 1.0
205 29 1.0
205 32 1.0
205 33 1.0
205 45 1.0
205 104 1.0
205 161 2.0
205 186 2.0
205 197 1.0
205 370 1.0
205 515 2.0
205 541 1.0
205 645 2.0
205 1244 1.0
205 1392 1.0
205 1777 1.0
206 3 1.0
206 20 1.0
206 67 1.0
206 71 1.0
206 141 1.0
206 144 1.0
206 156 1.0
206 166 1.0
206 251 1.0
206 262 1.0
206 331 1.0
207 3 3.0
207 162 1.0
207 186 1.0
207 196 1.0
207 198 1.0
207 217 1.0
207 515 1.0
207 567 1.0
208 3 1.0
208 12 1.0
208 23 1.0
208 57 1.0
208 71 1.0
208 122 1.0
208 132 1.0
208 142 1.0
208 149 1.0
208 192 1.0
208 198 1.0
208 210 1.0
208 215 1.0
208 250 1.0
208 252 1.0
208 278 1.0
208 329 1.0
208 346 1.0
208 377 1.0
208 434 1.0
208 541 1.0
208 582 1.0
208 668 1.0
208 861 1.0
208 917 1.0
208 1598 1.0
208 1599 1.0
208 1621 1.0
208 1739 1.0
208 1816 1.0
209 5 1.0
209 130 1.0
209 252 1.0
209 274 1.0
210 3 7.0
210 5 2.0
210 13 2.0
210 54 1.0
210 57 1.0
210 108 1.0
210 135 1.0
210 147 1.0
210 152 1.0
210 159 1.0
210 169 3.0
210 228 1.0
210 236 1.0
210 252 1.0
210 257 1.0
210 283 1.0
210 347 1.0
210 383 1.0
210 548 1.0
210 645 1.0
210 646 1.0
210 693 1.0
210 859 1.0
210 985 1.0
210 1162 1.0
210 1434 1.0
210 1780 1.0
211 3 4.0
211 20 2.0
211 30 1.0
211 48 2.0
211 51 1.0
211 57 1.0
211 61 1.0
211 65 1.0
211 74 1.0
211 85 1.0
211 135 1.0
211 151 1.0
211 161 3.0
211 181 1.0
211 186 1.0
211 198 4.0
211 251 1.0
211 258 1.0
211 332 1.0
211 346 1.0
211 360 1.0
211 515 1.0
211 520 1.0
211 529 1.0
211 532 1.0
211 567 1.0
211 651 1.0
211 676 1.0
211 716 1.0
211 857 1.0
211 984 1.0
211 1094 1.0
211 1127 1.0
211 1148 1.0
211 1184 3.0
211 1215 1.0
211 1679 1.0
211 1773 1.0
213 40 1.0
213 56 1.0
213 168 1.0
214 3 1.0
214 287 1.0
214 330 1.0
214 344 1.0
214 399 1.0
215 57 1.0
215 296 1.0
215 465 1.0
215 1144 2.0
218 3 1.0
218 162 1.0
218 236 1.0
218 354 1.0
218 476 1.0
218 520 1.0
218 902 1.0
218 1303 1.0
218 1750 1.0
220 3 2.0
220 20 1.0
220 29 1.0
220 32 1.0
220 67 1.0
220 71 1.0
220 138 1.0
220 141 1.0
220 144 1.0
220 166 1.0
220 262 1.0
220 496 1.0
223 8 1.0
223 12 1.0
223 60 1.0
223 142 1.0
223 152 1.0
223 180 1.0
223 198 2.0
223 210 1.0
223 215 1.0
223 252 1.0
223 295 1.0
223 342 1.0
223 379 1.0
223 500 1.0
223 513 1.0
223 515 1.0
223 721 1.0
223 755 1.0
223 1094 1.0
223 1361 1.0
228 3 1.0
228 54 1.0
228 159 1.0
228 163 1.0
228 444 1.0
228 1308 1.0
229 5 1.0
229 13 1.0
229 69 1.0
229 114 2.0
229 188 2.0
229 221 1.0
229 258 1.0
229 349 1.0
229 352 1.0
229 368 1.0
229 380 1.0
229 704 1.0
229 798 1.0
229 877 1.0
229 883 1.0
229 1237 1.0
229 1505 1.0
229 1748 1.0
231 0 1.0
231 12 1.0
231 60 1.0
231 210 1.0
231 368 1.0
231 573 1.0
231 656 1.0
231 1001 1.0
231 1711 1.0
235 40 1.0
235 82 1.0
235 151 1.0
235 252 1.0
235 274 1.0
235 1504 1.0
237 13 1.0
237 53 2.0
237 57 1.0
237 89 1.0
237 105 1.0
237 164 1.0
237 190 1.0
237 215 1.0
237 351 1.0
237 415 1.0
237 491 1.0
237 1008 1.0
237 1009 1.0
237 1010 1.0
237 1035 1.0
237 1618 1.0
238 44 1.0
238 636 1.0
238 940 1.0
238 980 1.0
238 1121 1.0
242 262 1.0
242 452 1.0
242 469 1.0
242 647 1.0
242 662 1.0
242 757 1.0
245 45 1.0
245 74 1.0
245 92 1.0
245 224 1.0
246 5 1.0
246 40 1.0
246 82 1.0
246 269 1.0
246 994 1.0
246 1121 1.0
247 3 1.0
247 5 1.0
247 114 1.0
247 122 1.0
247 284 1.0
247 672 1.0
250 590 1.0
250 855 1.0
250 991 1.0
250 1634 1.0
255 40 1.0
255 152 1.0
255 284 1.0
255 320 1.0
255 482 1.0
255 559 1.0
255 835 1.0
255 1121 1.0
255 1609 1.0
255 1735 1.0
256 0 1.0
256 210 1.0
256 581 1.0
256 987 1.0
256 1001 1.0
257 2 1.0
257 3 2.0
257 32 1.0
257 68 1.0
257 73 1.0
257 114 1.0
257 125 1.0
257 160 1.0
257 179 1.0
257 186 2.0
257 208 1.0
257 251 2.0
257 269 1.0
257 330 2.0
257 383 1.0
257 390 1.0
257 515 2.0
259 30 1.0
259 60 1.0
259 89 1.0
259 115 1.0
259 118 1.0
259 159 1.0
259 195 1.0
259 312 1.0
259 443 1.0
259 584 1.0
259 979 1.0
259 1152 1.0
259 1734 1.0
260 190 1.0
260 275 1.0
260 415 1.0
260 991 1.0
260 1013 1.0
261 0 1.0
261 3 1.0
261 13 1.0
261 17 1.0
261 20 1.0
261 21 1.0
261 58 1.0
261 71 1.0
261 73 2.0
261 75 1.0
261 77 1.0
261 105 1.0
261 146 1.0
261 159 1.0
261 163 1.0
261 213 1.0
261 279 1.0
261 296 1.0
261 300 1.0
261 351 1.0
261 478 1.0
261 494 1.0
261 520 1.0
261 683 1.0
261 779 1.0
261 849 1.0
261 964 1.0
261 999 1.0
261 1008 3.0
261 1009 1.0
261 1010 3.0
261 1035 1.0
261 1239 1.0
261 1618 1.0
261 1717 1.0
261 1733 1.0
263 33 1.0
263 251 1.0
263 263 1.0
264 7 1.0
264 28 1.0
264 48 1.0
264 64 1.0
264 75 1.0
264 208 1.0
264 442 1.0
264 486 1.0
264 1035 1.0
265 113 1.0
265 301 1.0
265 444 1.0
265 472 1.0
265 474 1.0
265 475 2.0
265 1364 1.0
272 192 1.0
272 297 1.0
272 306 1.0
272 377 1.0
272 378 1.0
272 382 1.0
272 471 1.0
272 520 1.0
272 599 1.0
272 600 1.0
272 1571 1.0
275 5 1.0
275 237 1.0
275 266 1.0
275 282 1.0
275 376 1.0
275 428 1.0
275 797 1.0
282 33 1.0
282 52 1.0
282 57 1.0
282 74 1.0
282 77 1.0
282 89 1.0
282 104 1.0
282 156 1.0
282 534 1.0
282 541 1.0
282 645 1.0
282 1105 1.0
283 57 1.0
283 78 1.0
283 189 1.0
283 263 1.0
283 358 1.0
283 359 1.0
283 611 1.0
283 704 1.0
283 775 1.0
284 2 1.0
284 7 1.0
284 12 1.0
284 22 1.0
284 324 1.0
284 568 1.0
284 694 1.0
284 716 1.0
285 3 1.0
285 17 1.0
285 45 1.0
285 161 1.0
285 186 1.0
285 370 1.0
285 515 1.0
293 40 1.0
293 547 1.0
293 830 1.0
293 1307 1.0
295 35 1.0
295 95 1.0
295 158 2.0
295 280 1.0
295 380 1.0
295 520 1.0
295 548 1.0
295 566 1.0
295 679 2.0
295 789 1.0
296 158 1.0
296 789 1.0
299 3 1.0
299 5 1.0
299 20 1.0
299 149 1.0
299 156 1.0
299 251 1.0
299 496 1.0
299 534 1.0
299 559 1.0
299 763 1.0
299 767 1.0
299 904 1.0
299 1148 1.0
301 3 1.0
301 52 1.0
301 121 1.0
301 345 1.0
301 379 1.0
301 625 1.0
301 1105 1.0
301 1794 1.0
302 3 1.0
302 52 1.0
302 121 1.0
302 345 1.0
302 379 1.0
302 625 1.0
302 1105 1.0
302 1794 1.0
303 3 1.0
303 5 1.0
303 23 1.0
303 69 1.0
303 93 1.0
303 152 1.0
303 161 1.0
303 258 1.0
303 265 1.0
303 270 1.0
303 324 1.0
303 345 2.0
303 377 1.0
303 380 1.0
303 517 1.0
303 588 1.0
303 652 1.0
303 1430 1.0
304 74 1.0
304 162 1.0
304 190 1.0
304 217 1.0
304 235 1.0
304 875 1.0
304 1034 1.0
304 1438 1.0
306 10 1.0
306 15 1.0
306 90 1.0
306 218 1.0
306 724 1.0
306 760 1.0
307 3 1.0
307 82 1.0
307 100 2.0
307 132 1.0
307 260 1.0
307 387 1.0
307 452 1.0
307 1425 1.0
307 1803 1.0
307 1836 1.0
307 1837 1.0
307 1852 1.0
308 100 1.0
308 132 1.0
308 152 1.0
308 413 1.0
308 415 1.0
308 520 1.0
308 733 1.0
308 1234 1.0
308 1852 1.0
309 10 1.0
309 36 1.0
309 82 1.0
309 123 1.0
309 144 1.0
309 295 1.0
309 378 1.0
309 433 2.0
309 472 1.0
309 500 1.0
309 507 1.0
309 667 1.0
309 725 1.0
309 733 1.0
309 754 1.0
309 764 1.0
309 818 1.0
309 957 1.0
309 984 1.0
309 1142 1.0
309 1290 1.0
309 1616 1.0
314 391 1.0
314 507 1.0
314 655 2.0
314 1067 1.0
314 1479 1.0
318 3 1.0
318 5 1.0
318 30 1.0
318 44 1.0
318 69 1.0
318 82 3.0
318 90 1.0
318 100 1.0
318 236 1.0
318 274 1.0
318 433 2.0
322 82 1.0
322 271 1.0
322 317 1.0
322 343 1.0
322 500 1.0
322 745 1.0
322 815 1.0
322 865 1.0
322 1690 1.0
323 100 1.0
323 170 1.0
323 295 1.0
323 387 1.0
323 690 1.0
323 1276 1.0
323 1706 1.0
323 1840 1.0
325 152 1.0
325 205 1.0
325 424 1.0
325 425 1.0
325 470 1.0
325 1272 1.0
325 1304 2.0
325 1452 1.0
326 12 1.0
326 20 1.0
326 82 1.0
326 90 2.0
326 127 1.0
326 146 1.0
326 156 1.0
326 159 1.0
326 163 1.0
326 164 1.0
326 177 1.0
326 198 1.0
326 218 2.0
326 229 1.0
326 260 1.0
326 286 1.0
326 287 1.0
326 406 1.0
326 433 1.0
326 545 1.0
326 625 1.0
326 658 1.0
326 812 1.0
326 915 1.0
327 3 2.0
327 20 1.0
327 46 1.0
327 54 1.0
327 67 1.0
327 71 1.0
327 81 1.0
327 141 1.0
327 144 1.0
327 166 1.0
327 416 1.0
327 1292 1.0
329 12 1.0
329 29 1.0
329 32 1.0
329 46 1.0
329 82 5.0
329 109 2.0
329 132 1.0
329 142 2.0
329 146 2.0
329 153 1.0
329 160 1.0
329 189 1.0
329 231 1.0
329 234 3.0
329 356 1.0
329 413 1.0
329 433 3.0
329 478 1.0
329 594 1.0
329 645 1.0
329 875 1.0
332 48 1.0
332 82 1.0
332 251 1.0
332 433 1.0
332 1262 1.0
336 6 1.0
336 30 1.0
336 57 1.0
336 60 1.0
336 83 1.0
336 107 1.0
336 161 1.0
336 164 1.0
336 165 1.0
336 189 1.0
336 196 1.0
336 251 2.0
336 263 2.0
336 266 1.0
336 272 1.0
336 287 1.0
336 304 1.0
336 345 1.0
336 383 1.0
336 611 1.0
336 684 1.0
336 863 1.0
336 1014 1.0
336 1105 1.0
336 1148 1.0
336 1517 1.0
336 1794 1.0
337 10 1.0
337 29 1.0
337 82 2.0
337 189 1.0
337 260 1.0
337 268 1.0
337 335 1.0
337 378 1.0
337 433 1.0
337 464 1.0
337 529 1.0
337 625 1.0
337 629 1.0
337 814 1.0
337 823 1.0
337 837 1.0
337 1136 2.0
339 74 1.0
339 82 2.0
339 179 1.0
339 208 1.0
339 218 2.0
339 251 2.0
339 257 1.0
339 260 1.0
339 377 1.0
339 378 1.0
339 379 1.0
339 433 2.0
339 483 1.0
339 823 1.0
339 879 1.0
339 940 1.0
339 1167 1.0
339 1262 1.0
339 1376 1.0
340 3 1.0
340 19 1.0
340 29 1.0
340 32 1.0
340 44 2.0
340 67 1.0
340 82 1.0
340 141 2.0
340 144 2.0
340 151 1.0
340 177 1.0
340 226 1.0
340 237 1.0
340 260 1.0
340 396 2.0
340 409 1.0
340 433 1.0
340 499 1.0
340 1026 1.0
340 1103 1.0
340 1373 1.0
342 147 1.0
342 156 1.0
342 572 1.0
342 1765 1.0
344 6 1.0
344 32 1.0
344 67 1.0
344 68 1.0
344 71 1.0
344 516 1.0
344 1056 1.0
346 74 1.0
346 141 2.0
346 142 1.0
346 144 1.0
346 146 1.0
346 200 1.0
346 206 1.0
346 341 1.0
346 363 1.0
347 12 1.0
347 33 1.0
347 54 1.0
347 57 1.0
347 74 1.0
347 82 1.0
347 105 1.0
347 111 1.0
347 128 1.0
347 141 2.0
347 142 1.0
347 144 1.0
347 146 1.0
347 156 1.0
347 166 1.0
347 200 1.0
347 206 1.0
347 211 1.0
347 251 2.0
347 254 1.0
347 260 1.0
347 263 1.0
347 265 1.0
347 331 1.0
347 341 1.0
347 345 1.0
347 346 1.0
347 363 1.0
347 377 1.0
347 378 2.0
347 534 1.0
347 629 1.0
347 705 1.0
347 914 1.0
347 964 1.0
347 981 1.0
347 992 1.0
347 1181 1.0
348 273 1.0
348 317 1.0
348 360 1.0
348 401 1.0
348 538 1.0
348 658 1.0
348 1133 1.0
348 1501 1.0
349 12 1.0
349 82 1.0
349 150 1.0
349 151 1.0
349 192 1.0
349 193 1.0
349 232 1.0
349 333 1.0
349 512 1.0
349 571 1.0
349 1265 1.0
349 1502 1.0
350 16 1.0
350 82 1.0
350 100 1.0
350 260 3.0
350 311 2.0
350 317 1.0
350 358 1.0
350 380 2.0
350 422 2.0
350 426 2.0
350 1131 2.0
356 30 2.0
356 100 1.0
356 146 2.0
356 180 1.0
356 182 1.0
356 299 1.0
356 340 1.0
356 464 1.0
356 505 1.0
356 759 1.0
356 879 1.0
356 1129 1.0
356 1578 1.0
357 12 1.0
357 395 1.0
357 1175 1.0
357 1755 1.0
358 45 1.0
358 260 1.0
358 282 1.0
358 308 1.0
358 491 1.0
358 879 1.0
359 30 1.0
359 75 1.0
359 90 1.0
359 111 1.0
359 192 1.0
359 242 1.0
359 260 1.0
359 340 1.0
359 458 1.0
366 142 1.0
366 198 1.0
366 252 1.0
369 164 1.0
369 181 1.0
369 198 1.0
369 246 1.0
369 251 1.0
369 252 1.0
369 258 1.0
369 360 1.0
369 581 1.0
369 716 1.0
369 984 1.0
369 1088 1.0
369 1184 1.0
369 1785 1.0
370 5 1.0
370 48 1.0
370 251 1.0
370 258 1.0
370 266 1.0
370 287 1.0
370 342 1.0
370 380 1.0
370 422 1.0
370 639 1.0
370 1203 1.0
370 1552 1.0
373 3 1.0
373 5 1.0
373 152 1.0
373 548 1.0
373 645 1.0
373 646 1.0
373 693 1.0
373 859 1.0
374 3 1.0
374 48 1.0
374 51 1.0
374 57 1.0
374 61 1.0
374 65 1.0
374 161 1.0
374 346 1.0
374 651 1.0
374 1127 1.0
374 1679 1.0
374 1773 1.0
375 51 1.0
375 65 1.0
375 346 1.0
375 651 1.0
375 1127 1.0
375 1679 1.0
376 32 1.0
376 33 1.0
376 197 1.0
376 1244 1.0
376 1392 1.0
377 32 1.0
377 74 1.0
377 88 1.0
377 95 1.0
377 367 1.0
377 693 1.0
377 875 2.0
377 1424 1.0
377 1626 1.0
378 3 1.0
378 54 1.0
378 78 1.0
378 164 1.0
378 171 1.0
378 298 1.0
378 691 1.0
379 3 1.0
379 54 1.0
379 78 1.0
379 164 1.0
379 171 1.0
379 298 1.0
379 691 1.0
380 3 1.0
380 90 1.0
380 162 1.0
380 169 1.0
380 577 1.0
384 52 1.0
384 195 1.0
384 443 1.0
384 584 1.0
384 1043 1.0
384 1683 1.0
387 5 1.0
387 30 1.0
387 83 1.0
387 152 1.0
387 263 1.0
387 1779 1.0
388 33 1.0
388 52 1.0
388 57 1.0
388 74 1.0
388 77 1.0
388 89 1.0
388 1105 1.0
390 196 1.0
390 198 1.0
390 235 1.0
390 748 1.0
390 828 1.0
390 1714 1.0
391 82 1.0
391 151 1.0
391 313 1.0
391 433 1.0
392 6 1.0
392 82 1.0
392 98 1.0
392 218 1.0
392 260 1.0
392 264 1.0
392 770 1.0
392 862 1.0
392 929 1.0
392 1192 1.0
392 1798 1.0
392 1848 1.0
394 82 1.0
394 100 1.0
394 260 1.0
394 1836 1.0
394 1837 1.0
395 2 1.0
395 20 1.0
395 47 1.0
395 82 1.0
395 104 1.0
395 110 3.0
395 143 1.0
395 196 1.0
395 198 1.0
395 252 2.0
395 515 2.0
395 541 1.0
395 645 1.0
395 894 1.0
395 1734 1.0
395 1796 1.0
397 12 1.0
397 57 1.0
397 60 1.0
397 77 1.0
397 91 1.0
397 93 1.0
397 94 1.0
397 113 1.0
397 139 1.0
397 143 1.0
397 159 1.0
397 192 2.0
397 218 1.0
397 235 3.0
397 254 1.0
397 257 1.0
397 466 1.0
397 469 1.0
397 873 1.0
397 963 1.0
397 1447 1.0
397 1660 1.0
397 1812 1.0
397 1814 1.0
401 3 1.0
401 5 1.0
401 20 1.0
401 29 1.0
401 46 1.0
401 162 1.0
401 186 1.0
401 195 1.0
401 217 1.0
401 235 1.0
401 332 2.0
401 360 1.0
401 496 1.0
401 515 1.0
401 529 2.0
401 551 1.0
401 875 1.0
401 1224 1.0
401 1490 1.0
401 1830 1.0
403 30 1.0
403 260 1.0
403 505 1.0
403 919 1.0
403 921 1.0
404 5 1.0
404 37 1.0
404 76 1.0
404 98 1.0
404 102 1.0
404 211 1.0
404 288 1.0
404 324 1.0
404 347 1.0
404 852 1.0
404 1124 1.0
404 1125 1.0
405 67 1.0
405 311 1.0
405 930 1.0
405 1065 1.0
406 67 1.0
406 311 1.0
406 930 1.0
406 1065 1.0
410 40 1.0
410 41 1.0
410 396 1.0
410 449 1.0
410 626 1.0
410 882 1.0
410 1031 1.0
410 1241 1.0
410 1254 1.0
411 40 1.0
411 41 1.0
411 396 1.0
411 449 1.0
411 626 1.0
411 882 1.0
411 1031 1.0
411 1241 1.0
411 1254 1.0
413 40 1.0
413 41 1.0
413 396 1.0
413 449 1.0
413 626 1.0
413 882 1.0
413 1031 1.0
413 1241 1.0
413 1254 1.0
414 5 1.0
414 428 1.0
414 634 1.0
414 795 1.0
414 1655 1.0
416 74 1.0
416 162 1.0
416 189 1.0
416 217 1.0
416 235 1.0
416 257 1.0
416 274 1.0
416 323 1.0
416 449 1.0
416 521 1.0
416 614 1.0
416 679 1.0
416 889 1.0
416 994 1.0
416 1031 1.0
416 1044 1.0
416 1069 1.0
416 1242 1.0
416 1243 1.0
417 5 1.0
417 116 1.0
417 152 1.0
417 266 1.0
417 323 1.0
417 548 1.0
417 652 1.0
417 1180 1.0
418 5 1.0
418 12 1.0
418 41 1.0
418 46 1.0
418 67 1.0
418 161 1.0
418 168 1.0
418 190 1.0
418 330 1.0
418 428 1.0
418 546 1.0
418 643 1.0
419 2 1.0
419 5 1.0
419 67 1.0
419 96 1.0
419 114 1.0
419 196 1.0
419 282 2.0
419 311 1.0
419 347 1.0
419 401 1.0
419 930 1.0
419 1065 1.0
420 2 1.0
420 67 1.0
420 282 1.0
420 311 1.0
420 401 1.0
420 930 1.0
420 1065 1.0
427 5 1.0
427 67 1.0
427 115 1.0
427 130 1.0
427 151 1.0
427 161 1.0
427 252 1.0
427 274 1.0
427 512 1.0
427 649 1.0
430 40 1.0
430 547 1.0
430 830 1.0
430 1307 1.0
432 5 1.0
432 57 1.0
432 74 1.0
432 82 1.0
432 187 1.0
432 276 2.0
433 104 1.0
433 156 1.0
433 534 1.0
433 541 1.0
433 645 1.0
434 3 1.0
434 5 1.0
434 17 1.0
434 48 2.0
434 114 1.0
434 251 1.0
434 265 1.0
434 520 1.0
434 647 1.0
434 679 1.0
434 757 1.0
434 1124 1.0
434 1151 1.0
434 1392 1.0
437 3 1.0
437 161 1.0
437 198 1.0
437 200 1.0
437 258 1.0
437 567 1.0
438 137 1.0
438 164 1.0
438 196 1.0
438 199 1.0
438 246 1.0
438 252 1.0
438 272 1.0
438 360 1.0
438 581 1.0
438 1105 1.0
438 1785 1.0
439 135 1.0
439 198 1.0
439 360 1.0
439 1094 1.0
439 1184 1.0
443 100 1.0
443 1836 1.0
443 1837 1.0
444 100 1.0
444 132 1.0
444 1852 1.0
445 90 1.0
445 363 1.0
445 654 1.0
445 1282 1.0
445 1466 1.0
446 10 1.0
446 82 1.0
446 90 1.0
446 363 1.0
446 654 1.0
446 748 1.0
446 1282 1.0
446 1466 1.0
446 1476 1.0
446 1845 1.0
449 46 2.0
449 90 2.0
449 210 1.0
449 1250 1.0
449 1282 1.0
449 1590 1.0
450 40 1.0
450 135 1.0
450 237 1.0
450 242 1.0
450 585 1.0
455 90 1.0
455 146 1.0
455 257 1.0
455 341 1.0
455 991 1.0
456 89 1.0
456 100 1.0
456 164 1.0
456 214 1.0
456 343 1.0
456 458 2.0
456 623 1.0
456 638 1.0
456 690 1.0
456 1117 1.0
458 12 1.0
458 96 1.0
458 100 1.0
458 179 1.0
458 415 1.0
458 986 1.0
458 1089 1.0
458 1690 1.0
465 10 1.0
465 12 1.0
465 82 1.0
465 90 2.0
465 100 1.0
465 109 1.0
465 111 2.0
465 114 2.0
465 214 1.0
465 262 1.0
465 286 1.0
465 413 1.0
465 415 1.0
465 1103 1.0
465 1850 1.0
466 82 1.0
466 90 1.0
466 260 1.0
466 377 1.0
466 406 1.0
466 407 1.0
466 415 1.0
466 841 1.0
466 915 1.0
466 1805 1.0
466 1806 1.0
467 377 1.0
467 407 1.0
467 415 1.0
467 841 1.0
467 915 1.0
468 57 1.0
468 71 1.0
468 156 1.0
468 211 1.0
468 251 1.0
468 260 1.0
468 466 1.0
468 765 1.0
468 848 1.0
469 57 1.0
469 71 1.0
469 156 1.0
469 211 1.0
469 251 1.0
469 260 1.0
469 466 1.0
469 765 1.0
469 848 1.0
475 3 1.0
475 32 1.0
475 57 1.0
475 60 1.0
475 73 1.0
475 82 2.0
475 308 1.0
475 804 2.0
475 862 2.0
475 910 1.0
475 994 1.0
475 1311 1.0
477 12 1.0
477 29 1.0
477 55 1.0
477 63 1.0
477 68 1.0
477 107 1.0
477 298 1.0
478 12 1.0
478 29 1.0
478 55 1.0
478 63 1.0
478 68 1.0
478 107 1.0
478 298 1.0
483 17 1.0
483 60 1.0
483 232 1.0
483 260 1.0
483 875 1.0
483 1306 1.0
484 3 1.0
484 12 2.0
484 17 1.0
484 57 1.0
484 115 1.0
484 123 1.0
484 146 1.0
484 150 1.0
484 151 1.0
484 161 1.0
484 274 1.0
484 875 1.0
484 1800 1.0
486 24 1.0
486 30 1.0
486 123 1.0
486 220 1.0
486 221 1.0
486 1339 1.0
486 1370 1.0
487 74 1.0
487 88 1.0
487 693 1.0
487 875 1.0
488 57 1.0
488 60 2.0
488 68 1.0
488 91 2.0
488 93 2.0
488 110 1.0
488 115 3.0
488 139 2.0
488 161 1.0
488 164 1.0
488 199 1.0
488 218 2.0
488 254 1.0
488 279 1.0
488 287 3.0
488 298 2.0
488 323 1.0
488 377 1.0
488 600 1.0
488 792 1.0
488 861 1.0
488 1103 1.0
488 1788 1.0
489 74 1.0
489 112 1.0
489 197 1.0
489 200 1.0
489 206 1.0
489 251 1.0
489 266 1.0
489 866 1.0
490 30 1.0
490 60 1.0
490 83 1.0
490 107 1.0
490 164 1.0
490 189 1.0
490 196 1.0
490 251 1.0
490 263 2.0
490 266 1.0
490 272 1.0
490 287 1.0
490 345 1.0
490 611 1.0
490 1105 1.0
490 1794 1.0
491 40 1.0
491 74 1.0
491 82 1.0
491 181 2.0
491 296 1.0
491 360 1.0
491 548 1.0
491 1164 1.0
492 40 1.0
492 74 1.0
492 82 1.0
492 181 2.0
492 296 1.0
492 360 1.0
492 548 1.0
492 1164 1.0
493 12 1.0
493 82 1.0
493 150 1.0
493 151 1.0
493 232 1.0
493 512 1.0
493 571 1.0
493 1265 1.0
493 1502 1.0
494 20 1.0
494 68 1.0
494 110 1.0
494 170 1.0
494 288 1.0
494 298 1.0
494 652 1.0
495 20 1.0
495 57 1.0
495 60 1.0
495 68 2.0
495 91 1.0
495 93 1.0
495 110 2.0
495 115 1.0
495 139 1.0
495 170 1.0
495 254 1.0
495 287 1.0
495 288 1.0
495 298 2.0
495 652 1.0
495 1788 1.0
497 3 1.0
497 12 1.0
497 109 1.0
497 181 1.0
497 251 1.0
497 324 1.0
497 1637 1.0
498 5 1.0
498 89 1.0
498 152 1.0
498 425 1.0
498 472 1.0
498 505 1.0
498 726 1.0
499 5 1.0
499 89 1.0
499 152 1.0
499 425 1.0
499 472 1.0
499 505 1.0
499 726 1.0
505 89 1.0
505 100 1.0
505 254 1.0
505 257 1.0
505 260 1.0
505 465 1.0
506 12 1.0
506 238 1.0
506 239 1.0
506 251 1.0
506 409 1.0
506 442 1.0
506 1571 1.0
507 60 1.0
507 82 1.0
507 260 1.0
507 425 1.0
507 551 1.0
507 1503 1.0
508 12 1.0
508 47 1.0
508 48 1.0
508 60 1.0
508 77 1.0
508 94 1.0
508 113 1.0
508 143 1.0
508 147 1.0
508 159 1.0
508 192 2.0
508 218 1.0
508 235 3.0
508 257 2.0
508 431 1.0
508 466 1.0
508 469 1.0
508 873 1.0
508 963 1.0
508 1447 1.0
508 1660 1.0
508 1728 1.0
508 1812 1.0
508 1814 1.0
509 82 1.0
509 90 1.0
509 260 2.0
509 387 1.0
509 406 1.0
509 476 1.0
509 1805 1.0
509 1806 1.0
510 33 1.0
510 54 1.0
510 57 1.0
510 74 1.0
510 88 1.0
510 105 1.0
510 111 1.0
510 112 1.0
510 156 1.0
510 166 1.0
510 186 1.0
510 190 1.0
510 211 1.0
510 254 1.0
510 260 1.0
510 263 1.0
510 265 1.0
510 296 1.0
510 331 1.0
510 345 1.0
510 346 1.0
510 392 2.0
510 406 2.0
510 629 1.0
510 658 2.0
510 705 1.0
510 914 2.0
510 1181 1.0
511 0 1.0
511 12 1.0
511 19 1.0
511 33 1.0
511 54 1.0
511 57 1.0
511 74 1.0
511 88 1.0
511 90 1.0
511 100 1.0
511 105 1.0
511 111 2.0
511 112 1.0
511 156 1.0
511 166 1.0
511 186 1.0
511 190 1.0
511 211 1.0
511 254 1.0
511 260 1.0
511 263 1.0
511 265 1.0
511 296 1.0
511 331 1.0
511 345 1.0
511 346 1.0
511 392 2.0
511 406 2.0
511 458 1.0
511 629 1.0
511 658 2.0
511 705 1.0
511 815 1.0
511 877 1.0
511 914 2.0
511 1102 1.0
511 1181 1.0
512 22 1.0
512 33 1.0
512 103 1.0
512 162 1.0
512 217 1.0
512 235 1.0
512 381 1.0
512 591 1.0
513 12 1.0
513 33 1.0
513 58 1.0
513 82 1.0
513 105 1.0
513 106 1.0
513 135 1.0
513 171 1.0
513 251 2.0
513 382 1.0
513 679 1.0
513 1462 1.0
514 12 1.0
514 33 1.0
514 58 1.0
514 171 1.0
514 251 1.0
514 382 1.0
516 12 1.0
516 33 1.0
516 58 1.0
516 171 1.0
516 251 1.0
516 382 1.0
517 20 1.0
517 57 1.0
517 58 1.0
517 59 1.0
517 60 1.0
517 74 1.0
517 82 1.0
517 115 1.0
517 161 2.0
517 166 1.0
517 217 1.0
517 235 1.0
517 266 1.0
517 397 1.0
517 476 1.0
517 649 1.0
517 759 1.0
517 1054 1.0
518 0 1.0
518 3 1.0
518 17 1.0
518 21 1.0
518 71 1.0
518 73 2.0
518 75 1.0
518 77 1.0
518 159 1.0
518 213 1.0
518 279 1.0
518 300 1.0
518 478 1.0
518 520 1.0
518 683 1.0
518 779 1.0
518 849 1.0
518 964 1.0
518 999 1.0
518 1008 1.0
518 1010 1.0
518 1239 1.0
518 1717 1.0
521 12 1.0
521 29 1.0
521 57 1.0
521 60 1.0
521 68 1.0
521 159 1.0
521 177 1.0
521 363 1.0
521 486 1.0
522 834 1.0
522 1237 1.0
522 1675 1.0
522 1719 1.0
523 6 1.0
523 8 1.0
523 17 1.0
523 160 1.0
523 251 1.0
523 318 1.0
523 1147 1.0
526 5 1.0
526 112 1.0
526 114 2.0
526 137 1.0
526 151 1.0
526 169 1.0
526 189 1.0
526 251 1.0
526 352 1.0
526 556 1.0
526 1229 1.0
526 1389 1.0
526 1469 1.0
527 3 1.0
527 52 1.0
527 121 1.0
527 345 1.0
527 379 1.0
527 625 1.0
527 1105 1.0
527 1794 1.0
528 3 1.0
528 387 1.0
528 452 1.0
528 1425 1.0
528 1803 1.0
530 3 1.0
530 5 1.0
530 57 2.0
530 82 1.0
530 135 2.0
530 161 1.0
530 183 1.0
530 252 1.0
530 255 1.0
530 287 1.0
530 345 1.0
530 352 1.0
530 360 2.0
530 363 1.0
530 407 1.0
530 580 1.0
530 581 1.0
530 583 1.0
530 639 1.0
530 705 1.0
530 972 1.0
530 1229 1.0
530 1245 1.0
530 1310 1.0
530 1789 1.0
532 5 1.0
532 112 1.0
532 114 2.0
532 137 1.0
532 151 1.0
532 169 1.0
532 189 1.0
532 251 1.0
532 352 1.0
532 556 1.0
532 1229 1.0
532 1389 1.0
532 1469 1.0
537 33 1.0
537 263 1.0
537 265 1.0
537 345 1.0
540 142 1.0
540 198 1.0
540 252 1.0
540 376 1.0
540 383 1.0
541 74 1.0
541 186 1.0
541 266 1.0
541 287 1.0
541 371 1.0
541 515 1.0
541 639 1.0
541 1552 1.0
543 33 1.0
543 60 1.0
543 159 1.0
543 177 1.0
543 263 1.0
543 265 1.0
543 329 1.0
543 345 1.0
543 600 1.0
543 757 1.0
543 861 1.0
543 1103 1.0
547 3 1.0
547 161 1.0
547 246 1.0
547 316 1.0
547 409 1.0
547 1203 1.0
547 1532 1.0
548 12 1.0
548 29 1.0
548 68 1.0
548 82 1.0
548 516 1.0
548 970 1.0
549 12 1.0
549 29 1.0
549 68 2.0
549 82 1.0
549 162 1.0
549 217 1.0
549 235 1.0
549 297 1.0
549 390 1.0
549 516 1.0
549 970 1.0
550 3 1.0
550 5 1.0
550 57 2.0
550 82 1.0
550 135 2.0
550 161 1.0
550 183 1.0
550 252 1.0
550 255 1.0
550 287 1.0
550 345 1.0
550 352 1.0
550 360 2.0
550 363 1.0
550 407 1.0
550 580 1.0
550 581 1.0
550 583 1.0
550 639 1.0
550 705 1.0
550 972 1.0
550 1229 1.0
550 1245 1.0
550 1310 1.0
550 1789 1.0
551 3 1.0
551 19 1.0
551 29 1.0
551 32 1.0
551 44 2.0
551 67 1.0
551 82 1.0
551 141 2.0
551 144 2.0
551 151 1.0
551 177 1.0
551 226 1.0
551 237 1.0
551 260 1.0
551 396 2.0
551 409 1.0
551 433 1.0
551 499 1.0
551 1026 1.0
551 1103 1.0
551 1373 1.0
555 46 1.0
555 169 1.0
555 208 1.0
555 215 1.0
555 380 1.0
555 938 1.0
562 143 1.0
562 218 1.0
562 399 1.0
562 496 1.0
562 645 1.0
562 646 1.0
563 65 1.0
563 74 1.0
563 141 1.0
563 144 1.0
563 191 1.0
563 213 1.0
563 215 1.0
563 237 1.0
563 368 1.0
563 380 1.0
563 452 1.0
563 656 1.0
563 910 1.0
564 347 1.0
564 415 1.0
564 589 1.0
570 208 1.0
570 793 1.0
570 1049 1.0
570 1066 1.0
570 1716 1.0
574 24 1.0
574 447 1.0
574 1293 1.0
575 24 1.0
575 447 1.0
575 1293 1.0
576 7 1.0
576 28 1.0
576 48 1.0
576 64 1.0
576 442 1.0
576 1035 1.0
577 7 1.0
577 28 1.0
577 48 1.0
577 64 1.0
577 442 1.0
577 1035 1.0
582 10 1.0
582 77 1.0
582 90 1.0
582 111 1.0
582 324 1.0
582 415 1.0
582 507 1.0
582 658 1.0
582 832 1.0
582 1017 1.0
583 111 1.0
583 415 1.0
583 507 1.0
584 100 1.0
584 151 1.0
584 257 1.0
584 415 1.0
584 451 1.0
584 792 1.0
584 1072 1.0
584 1451 1.0
584 1729 1.0
591 65 1.0
591 339 1.0
591 684 1.0
591 711 1.0
591 839 1.0
591 986 1.0
591 1016 1.0
597 30 1.0
597 210 1.0
597 368 1.0
597 396 1.0
597 1066 1.0
602 2 1.0
602 3 1.0
602 69 1.0
602 156 1.0
602 1111 1.0
603 0 1.0
603 20 1.0
603 25 1.0
603 110 1.0
603 111 1.0
603 196 1.0
603 212 2.0
603 214 1.0
603 477 1.0
603 658 1.0
603 818 1.0
603 1496 1.0
605 12 1.0
605 30 1.0
605 46 1.0
605 127 1.0
605 251 2.0
605 646 1.0
606 60 1.0
606 108 1.0
606 192 1.0
606 324 2.0
606 350 1.0
606 1164 1.0
610 57 1.0
610 82 1.0
610 164 2.0
610 174 1.0
610 177 1.0
610 214 1.0
610 303 1.0
610 308 1.0
610 433 1.0
610 458 1.0
610 669 1.0
610 690 1.0
610 814 1.0
610 1117 1.0
611 89 1.0
611 90 1.0
611 100 1.0
611 159 1.0
611 163 1.0
611 164 2.0
611 177 1.0
611 214 1.0
611 286 1.0
611 343 1.0
611 433 1.0
611 458 2.0
611 623 1.0
611 638 1.0
611 690 1.0
611 1117 1.0
614 12 1.0
614 57 1.0
614 82 2.0
614 100 1.0
614 127 3.0
614 226 1.0
614 229 1.0
614 236 1.0
614 251 2.0
614 260 2.0
614 380 1.0
614 387 1.0
614 395 1.0
614 444 1.0
614 496 1.0
614 970 1.0
614 1406 1.0
615 82 1.0
615 151 1.0
615 214 1.0
615 260 1.0
615 333 1.0
615 425 2.0
615 512 1.0
615 1128 1.0
616 382 1.0
616 452 1.0
616 829 1.0
616 1198 1.0
616 1249 1.0
618 132 1.0
618 251 1.0
618 1148 1.0
620 3 3.0
620 30 1.0
620 48 2.0
620 57 1.0
620 61 1.0
620 161 2.0
620 332 1.0
620 520 1.0
620 529 1.0
620 532 1.0
620 676 1.0
620 1148 1.0
620 1215 1.0
620 1773 1.0
623 63 2.0
623 75 1.0
623 81 1.0
623 95 1.0
623 162 1.0
623 217 1.0
623 224 1.0
623 235 1.0
623 471 1.0
623 1535 1.0
624 3 1.0
624 29 1.0
624 33 1.0
624 70 1.0
624 74 1.0
624 89 1.0
624 146 1.0
624 159 1.0
624 258 1.0
624 329 1.0
624 559 1.0
624 783 1.0
624 1349 1.0
628 108 1.0
628 319 1.0
628 329 1.0
628 441 1.0
628 517 1.0
628 929 1.0
629 3 1.0
629 20 1.0
629 85 1.0
629 149 1.0
629 152 1.0
629 173 1.0
629 186 1.0
629 189 1.0
629 193 1.0
629 198 1.0
629 214 1.0
629 414 1.0
629 567 1.0
629 1221 1.0
629 1256 1.0
630 3 1.0
630 5 1.0
630 74 1.0
630 135 1.0
630 142 1.0
630 162 1.0
630 241 1.0
630 250 2.0
630 311 1.0
630 323 1.0
630 335 1.0
630 353 1.0
630 640 1.0
630 1832 1.0
631 3 1.0
631 20 1.0
631 162 1.0
631 186 1.0
631 217 1.0
631 235 1.0
631 332 1.0
631 360 1.0
631 496 1.0
631 515 1.0
631 529 1.0
631 875 1.0
631 1224 1.0
632 3 1.0
632 20 1.0
632 162 1.0
632 186 1.0
632 217 1.0
632 235 1.0
632 332 1.0
632 360 1.0
632 496 1.0
632 515 1.0
632 529 1.0
632 875 1.0
632 1224 1.0
633 3 1.0
633 17 1.0
633 51 1.0
633 186 1.0
633 515 1.0
634 152 1.0
634 205 1.0
634 424 1.0
634 425 1.0
634 470 1.0
634 1272 1.0
634 1304 2.0
634 1452 1.0
637 10 1.0
637 12 1.0
637 13 1.0
637 112 1.0
637 500 1.0
637 789 1.0
637 820 1.0
638 10 1.0
638 12 1.0
638 13 1.0
638 112 1.0
638 500 1.0
638 789 1.0
638 820 1.0
639 12 1.0
639 90 1.0
639 96 1.0
639 100 2.0
639 114 1.0
639 214 1.0
639 415 1.0
639 1089 1.0
639 1103 1.0
641 12 1.0
641 40 1.0
641 90 1.0
641 137 1.0
641 152 1.0
641 198 1.0
641 433 1.0
642 82 1.0
642 298 1.0
642 433 1.0
642 500 1.0
642 1060 1.0
642 1073 1.0
643 82 1.0
643 298 1.0
643 433 1.0
643 500 1.0
643 1060 1.0
643 1073 1.0
647 152 1.0
647 413 1.0
647 415 1.0
647 520 1.0
647 733 1.0
647 1234 1.0
651 82 1.0
651 90 1.0
651 168 1.0
651 270 1.0
651 380 1.0
651 433 1.0
651 530 1.0
651 958 1.0
651 1373 1.0
651 1396 1.0
653 146 1.0
653 308 1.0
653 343 1.0
653 1349 1.0
656 90 1.0
656 185 1.0
656 472 1.0
656 733 1.0
656 984 1.0
656 1396 1.0
656 1499 1.0
657 10 1.0
657 12 1.0
657 46 1.0
657 77 1.0
657 82 2.0
657 90 1.0
657 363 1.0
657 433 2.0
657 721 1.0
657 815 1.0
657 1303 1.0
657 1396 2.0
657 1472 1.0
657 1690 1.0
658 71 1.0
658 91 1.0
658 93 1.0
658 122 1.0
658 124 1.0
658 168 1.0
658 221 1.0
658 320 1.0
658 357 1.0
658 383 1.0
658 497 1.0
658 582 1.0
658 652 1.0
658 958 1.0
658 988 1.0
658 1567 1.0
659 12 1.0
659 15 1.0
659 40 1.0
659 64 2.0
659 123 1.0
659 237 1.0
659 245 1.0
659 284 1.0
659 347 1.0
659 415 1.0
659 507 1.0
659 981 1.0
659 1304 2.0
659 1452 1.0
659 1712 1.0
660 57 1.0
660 260 1.0
660 387 1.0
660 440 1.0
660 520 1.0
660 730 1.0
660 878 1.0
660 957 1.0
660 990 1.0
660 1807 1.0
660 1808 1.0
661 2 1.0
661 3 1.0
661 22 1.0
661 114 1.0
661 132 1.0
661 179 1.0
661 186 3.0
661 208 1.0
661 251 3.0
661 383 1.0
661 515 3.0
661 968 1.0
662 46 1.0
662 75 1.0
662 208 2.0
662 297 1.0
662 486 1.0
662 551 1.0
662 1066 1.0
663 2 1.0
663 3 1.0
663 114 1.0
663 137 1.0
663 171 1.0
663 179 1.0
663 186 2.0
663 205 1.0
663 208 1.0
663 251 3.0
663 383 1.0
663 408 1.0
663 515 2.0
663 851 1.0
663 973 1.0
664 5 1.0
664 122 1.0
664 237 1.0
664 241 1.0
664 269 1.0
664 330 1.0
664 503 1.0
664 686 1.0
664 962 1.0
664 1059 1.0
664 1355 1.0
664 1519 1.0
664 1564 1.0
665 170 1.0
665 211 1.0
665 231 1.0
665 299 1.0
665 350 1.0
665 520 1.0
665 723 1.0
665 730 1.0
665 1035 1.0
666 30 1.0
666 57 1.0
666 60 1.0
666 82 2.0
666 94 1.0
666 159 1.0
666 160 1.0
666 163 1.0
666 260 1.0
666 267 1.0
666 323 1.0
666 591 1.0
666 600 1.0
666 749 1.0
666 985 1.0
666 1345 1.0
666 1426 1.0
667 12 1.0
667 64 2.0
667 71 1.0
667 123 1.0
667 142 1.0
667 235 1.0
667 413 1.0
667 424 1.0
667 456 1.0
667 507 1.0
667 1010 1.0
667 1067 1.0
668 0 1.0
668 20 1.0
668 25 1.0
668 110 1.0
668 111 1.0
668 196 1.0
668 212 2.0
668 214 1.0
668 477 1.0
668 658 1.0
668 818 1.0
668 1496 1.0
669 0 1.0
669 8 1.0
669 20 1.0
669 25 1.0
669 110 1.0
669 111 1.0
669 142 1.0
669 196 1.0
669 198 1.0
669 212 1.0
669 252 1.0
669 477 1.0
669 836 1.0
670 0 1.0
670 20 1.0
670 25 1.0
670 110 1.0
670 111 1.0
670 196 1.0
670 212 2.0
670 214 1.0
670 477 1.0
670 658 1.0
670 818 1.0
670 1496 1.0
671 3 1.0
671 5 1.0
671 213 1.0
671 656 1.0
671 830 1.0
671 1035 1.0
671 1742 1.0
672 75 1.0
672 210 1.0
672 477 1.0
672 534 1.0
672 755 1.0
672 878 1.0
673 11 1.0
673 15 1.0
673 37 1.0
673 309 1.0
673 488 1.0
673 579 1.0
673 726 1.0
673 790 1.0
673 1138 1.0
673 1270 1.0
673 1295 1.0
673 1724 1.0
673 1732 1.0
674 3 1.0
674 9 1.0
674 69 1.0
674 257 1.0
674 406 1.0
674 658 1.0
674 1725 1.0
675 3 1.0
675 9 1.0
675 69 1.0
675 257 1.0
675 406 1.0
675 658 1.0
675 1725 1.0
676 3 1.0
676 9 1.0
676 69 1.0
676 257 1.0
676 406 1.0
676 658 1.0
676 1725 1.0
677 124 2.0
677 137 1.0
677 434 1.0
677 477 1.0
677 500 1.0
677 755 1.0
677 1749 1.0
678 124 2.0
678 137 1.0
678 434 1.0
678 477 1.0
678 500 1.0
678 755 1.0
678 1749 1.0
679 124 2.0
679 137 1.0
679 434 1.0
679 477 1.0
679 500 1.0
679 755 1.0
679 1749 1.0
680 3 1.0
680 12 1.0
680 72 1.0
680 108 1.0
680 289 2.0
680 315 2.0
680 370 1.0
680 503 1.0
680 534 2.0
680 636 1.0
680 796 2.0
681 12 1.0
681 17 1.0
681 65 1.0
681 70 2.0
681 77 1.0
681 151 1.0
681 213 1.0
681 215 1.0
681 218 1.0
681 237 1.0
681 246 1.0
681 368 1.0
681 415 1.0
681 656 1.0
681 858 1.0
681 1451 1.0
681 1753 1.0
682 68 1.0
682 98 2.0
682 260 2.0
682 483 1.0
682 1321 2.0
682 1728 1.0
683 499 1.0
683 673 1.0
683 1021 2.0
683 1088 1.0
684 22 1.0
684 24 1.0
684 113 1.0
684 156 1.0
684 221 1.0
684 447 1.0
684 636 1.0
684 1414 1.0
685 6 1.0
685 17 1.0
685 60 1.0
685 347 1.0
685 415 1.0
685 444 1.0
685 551 1.0
685 589 1.0
685 1698 1.0
686 89 2.0
686 122 1.0
686 152 1.0
686 299 1.0
686 472 2.0
686 1088 1.0
686 1132 1.0
687 0 1.0
687 3 1.0
687 29 1.0
687 68 1.0
687 122 1.0
687 148 1.0
687 168 1.0
687 170 1.0
687 210 1.0
687 295 1.0
687 1035 1.0
687 1051 1.0
687 1731 1.0
688 3 1.0
688 89 1.0
688 122 1.0
688 152 1.0
688 360 1.0
688 472 1.0
688 1132 1.0
688 1465 1.0
689 95 1.0
689 213 1.0
689 444 1.0
689 1048 1.0
689 1063 1.0
689 1525 1.0
689 1726 1.0
689 1751 1.0
690 95 1.0
690 213 1.0
690 444 1.0
690 1048 1.0
690 1063 1.0
690 1525 1.0
690 1726 1.0
690 1751 1.0
691 95 1.0
691 213 1.0
691 444 1.0
691 1048 1.0
691 1063 1.0
691 1525 1.0
691 1726 1.0
691 1751 1.0
692 8 1.0
692 74 1.0
692 142 1.0
692 198 1.0
692 252 1.0
692 836 1.0
692 1525 1.0
693 3 1.0
693 20 1.0
693 26 1.0
693 57 1.0
693 64 1.0
693 71 1.0
693 84 1.0
693 123 1.0
693 213 1.0
693 415 1.0
693 505 2.0
693 916 1.0
693 936 1.0
693 937 1.0
693 1022 1.0
693 1544 1.0
693 1640 1.0
694 24 1.0
694 236 1.0
694 369 1.0
694 447 1.0
694 632 1.0
694 986 1.0
694 1067 2.0
694 1640 1.0
695 24 1.0
695 236 1.0
695 369 1.0
695 447 1.0
695 632 1.0
695 986 1.0
695 1067 2.0
695 1640 1.0
696 24 1.0
696 236 1.0
696 369 1.0
696 447 1.0
696 632 1.0
696 986 1.0
696 1067 2.0
696 1640 1.0
697 24 1.0
697 236 1.0
697 369 1.0
697 447 1.0
697 632 1.0
697 986 1.0
697 1067 2.0
697 1640 1.0
698 19 1.0
698 60 1.0
698 77 1.0
698 84 1.0
698 208 1.0
698 246 1.0
698 363 1.0
698 516 1.0
698 551 1.0
698 645 1.0
698 877 1.0
698 1038 1.0
699 19 1.0
699 60 1.0
699 77 1.0
699 84 1.0
699 208 1.0
699 246 1.0
699 363 1.0
699 516 1.0
699 551 1.0
699 645 1.0
699 877 1.0
699 1038 1.0
700 19 1.0
700 60 1.0
700 77 1.0
700 84 1.0
700 208 1.0
700 246 1.0
700 363 1.0
700 516 1.0
700 551 1.0
700 645 1.0
700 877 1.0
700 1038 1.0
701 12 1.0
701 164 1.0
701 169 1.0
701 218 1.0
701 764 1.0
701 1224 2.0
701 1343 1.0
702 75 1.0
702 105 1.0
702 142 1.0
702 146 1.0
702 323 1.0
702 452 1.0
702 1345 1.0
702 1426 1.0
702 1434 1.0
703 84 1.0
703 109 1.0
703 113 1.0
703 115 1.0
703 251 1.0
703 304 1.0
703 349 1.0
703 408 2.0
703 442 1.0
703 452 1.0
703 538 1.0
703 693 2.0
703 1540 1.0
703 1741 1.0
704 3 1.0
704 7 1.0
704 12 1.0
704 47 1.0
704 54 1.0
704 141 1.0
704 168 1.0
704 208 1.0
704 236 1.0
704 327 1.0
704 861 1.0
704 978 1.0
704 1035 1.0
705 84 1.0
705 113 1.0
705 115 1.0
705 251 1.0
705 304 1.0
705 349 1.0
705 408 1.0
705 442 1.0
705 538 1.0
705 693 2.0
706 5 1.0
706 11 2.0
706 64 1.0
706 122 1.0
706 170 1.0
706 241 1.0
706 278 1.0
706 295 1.0
706 487 1.0
706 503 1.0
706 1083 1.0
706 1300 1.0
706 1727 1.0
707 5 1.0
707 210 1.0
707 299 1.0
707 311 1.0
707 323 1.0
707 368 1.0
707 403 1.0
707 482 1.0
707 529 1.0
707 559 1.0
707 840 1.0
707 995 1.0
707 1031 1.0
708 13 1.0
708 188 1.0
708 221 1.0
708 258 1.0
708 349 1.0
708 352 1.0
708 368 1.0
708 380 1.0
708 798 1.0
708 877 1.0
708 883 1.0
708 1505 1.0
708 1748 1.0
709 13 1.0
709 188 1.0
709 221 1.0
709 258 1.0
709 349 1.0
709 352 1.0
709 368 1.0
709 380 1.0
709 798 1.0
709 877 1.0
709 883 1.0
709 1505 1.0
709 1748 1.0
710 3 1.0
710 6 1.0
710 12 1.0
710 57 1.0
710 179 1.0
710 212 1.0
710 214 1.0
710 347 1.0
710 529 1.0
710 778 1.0
710 1743 1.0
711 23 3.0
711 40 1.0
711 41 1.0
711 77 2.0
711 105 1.0
711 110 1.0
711 152 1.0
711 169 1.0
711 298 1.0
711 417 1.0
711 560 1.0
711 658 1.0
711 792 1.0
711 1434 2.0
711 1752 1.0
712 74 1.0
712 128 1.0
712 141 1.0
712 144 1.0
712 200 1.0
712 206 1.0
712 341 1.0
712 378 1.0
712 534 1.0
712 981 1.0
712 992 1.0
713 3 1.0
713 5 1.0
713 57 2.0
713 82 1.0
713 135 2.0
713 161 1.0
713 183 1.0
713 186 1.0
713 190 1.0
713 236 1.0
713 251 1.0
713 252 1.0
713 255 1.0
713 287 1.0
713 298 1.0
713 345 1.0
713 352 1.0
713 360 2.0
713 363 1.0
713 383 1.0
713 407 1.0
713 515 1.0
713 580 1.0
713 581 1.0
713 583 1.0
713 639 1.0
713 705 1.0
713 972 1.0
713 1229 1.0
713 1245 1.0
713 1310 1.0
713 1789 1.0
714 12 1.0
714 17 1.0
714 70 2.0
714 77 1.0
714 151 1.0
714 218 1.0
714 246 1.0
714 415 1.0
714 858 1.0
714 1451 1.0
714 1753 1.0
715 19 1.0
715 29 1.0
715 32 1.0
715 44 2.0
715 82 1.0
715 144 1.0
715 151 1.0
715 177 1.0
715 237 1.0
715 260 1.0
715 396 1.0
715 409 1.0
715 433 1.0
715 499 1.0
715 1103 1.0
716 151 1.0
716 232 1.0
716 274 1.0
716 433 1.0
716 484 1.0
716 721 1.0
716 852 1.0
716 880 1.0
716 1121 1.0
716 1503 1.0
716 1707 1.0
717 29 1.0
717 82 1.0
717 190 1.0
717 251 2.0
717 377 1.0
717 378 1.0
717 395 1.0
717 568 1.0
717 919 2.0
717 1035 1.0
718 29 1.0
718 82 1.0
718 190 1.0
718 251 2.0
718 377 1.0
718 378 1.0
718 395 1.0
718 568 1.0
718 919 2.0
718 1035 1.0
719 20 1.0
719 74 1.0
719 80 1.0
719 127 1.0
719 141 1.0
719 144 1.0
719 196 1.0
719 200 1.0
719 206 1.0
719 341 2.0
719 347 1.0
719 1103 1.0
720 10 2.0
720 90 2.0
720 218 1.0
720 254 1.0
720 257 2.0
720 260 2.0
720 464 2.0
720 1285 1.0
721 82 2.0
721 127 1.0
721 229 1.0
721 254 1.0
721 256 1.0
721 257 1.0
721 260 2.0
721 287 1.0
721 464 1.0
721 658 1.0
721 805 1.0
721 879 1.0
721 970 1.0
721 1804 1.0
722 82 2.0
722 127 1.0
722 229 1.0
722 254 1.0
722 256 1.0
722 257 1.0
722 260 2.0
722 287 1.0
722 464 1.0
722 658 1.0
722 805 1.0
722 879 1.0
722 970 1.0
722 1804 1.0
723 63 1.0
723 70 1.0
723 75 1.0
723 81 1.0
723 95 1.0
723 151 1.0
723 218 1.0
723 260 1.0
723 464 1.0
723 702 1.0
723 837 1.0
723 1053 1.0
723 1103 1.0
723 1535 1.0
724 164 1.0
724 232 1.0
724 264 1.0
724 274 1.0
724 464 1.0
724 1164 1.0
724 1761 1.0
725 3 1.0
725 30 1.0
725 74 1.0
725 90 1.0
725 110 1.0
725 114 1.0
725 196 1.0
725 235 1.0
725 236 1.0
725 257 1.0
725 340 1.0
725 347 1.0
725 505 1.0
725 910 1.0
725 927 1.0
725 994 1.0
726 33 1.0
726 74 1.0
726 88 1.0
726 105 1.0
726 190 1.0
726 211 1.0
726 254 1.0
726 260 1.0
726 263 1.0
726 265 1.0
726 296 1.0
726 331 1.0
726 345 1.0
726 346 1.0
726 392 1.0
726 406 1.0
726 629 1.0
726 658 1.0
726 705 1.0
726 1181 1.0
727 33 1.0
727 105 1.0
727 211 1.0
727 254 1.0
727 260 1.0
727 263 1.0
727 265 1.0
727 331 1.0
727 345 1.0
727 346 1.0
727 629 1.0
727 705 1.0
727 1181 1.0
728 33 1.0
728 105 1.0
728 211 1.0
728 254 1.0
728 260 1.0
728 263 1.0
728 265 1.0
728 331 1.0
728 345 1.0
728 346 1.0
728 629 1.0
728 705 1.0
728 1181 1.0
729 3 1.0
729 32 1.0
729 57 1.0
729 60 1.0
729 73 1.0
729 82 2.0
729 308 1.0
729 804 2.0
729 862 2.0
729 910 1.0
729 994 1.0
729 1311 1.0
730 9 1.0
730 91 1.0
730 179 1.0
730 251 2.0
730 378 1.0
730 919 2.0
730 920 1.0
730 994 1.0
730 1222 1.0
731 3 1.0
731 32 1.0
731 68 1.0
731 73 1.0
731 125 1.0
731 160 1.0
731 269 1.0
731 330 2.0
731 390 1.0
732 71 1.0
732 81 1.0
732 108 1.0
732 192 1.0
732 347 1.0
732 483 1.0
732 504 1.0
732 659 1.0
732 1050 2.0
732 1192 1.0
732 1603 1.0
733 71 1.0
733 81 1.0
733 108 1.0
733 192 1.0
733 347 1.0
733 483 1.0
733 504 1.0
733 659 1.0
733 1050 2.0
733 1192 1.0
733 1603 1.0
734 3 1.0
734 12 1.0
734 30 1.0
734 46 1.0
734 159 1.0
734 211 2.0
734 246 1.0
734 466 1.0
734 872 1.0
734 1125 1.0
734 1399 1.0
735 71 1.0
735 90 1.0
735 181 1.0
735 218 1.0
735 257 1.0
735 260 1.0
735 333 1.0
735 406 1.0
735 425 1.0
735 805 1.0
735 807 1.0
735 1501 1.0
736 22 1.0
736 40 1.0
736 82 1.0
736 135 1.0
736 251 1.0
736 254 1.0
736 383 1.0
736 464 1.0
736 837 1.0
736 899 1.0
736 968 1.0
736 1595 1.0
737 54 1.0
737 57 1.0
737 111 1.0
737 112 1.0
737 156 1.0
737 166 1.0
737 186 1.0
737 392 1.0
737 406 1.0
737 658 1.0
737 914 2.0
738 3 2.0
738 104 1.0
738 146 1.0
738 200 1.0
738 206 1.0
738 381 1.0
738 477 1.0
738 862 1.0
738 1103 2.0
739 33 1.0
739 54 1.0
739 57 1.0
739 111 1.0
739 156 1.0
739 166 1.0
739 254 1.0
739 263 1.0
739 331 1.0
739 914 1.0
740 30 1.0
740 45 1.0
740 260 1.0
740 282 1.0
740 308 1.0
740 363 1.0
740 377 1.0
740 378 1.0
740 491 1.0
740 727 1.0
740 805 1.0
740 879 1.0
741 3 1.0
741 74 1.0
741 77 1.0
741 162 1.0
741 198 1.0
741 201 1.0
741 217 1.0
741 235 1.0
741 246 1.0
741 264 1.0
741 274 1.0
741 567 1.0
741 576 1.0
741 1661 1.0
742 3 1.0
742 29 2.0
742 63 1.0
742 68 1.0
742 105 1.0
742 148 1.0
742 170 1.0
742 295 1.0
742 298 1.0
742 749 1.0
742 878 1.0
742 1035 1.0
742 1818 1.0
743 3 1.0
743 29 2.0
743 63 1.0
743 68 1.0
743 105 1.0
743 148 1.0
743 170 1.0
743 295 1.0
743 298 1.0
743 749 1.0
743 878 1.0
743 1035 1.0
743 1818 1.0
744 3 1.0
744 29 2.0
744 63 1.0
744 68 1.0
744 105 1.0
744 148 1.0
744 170 1.0
744 295 1.0
744 298 1.0
744 749 1.0
744 878 1.0
744 1035 1.0
744 1818 1.0
745 3 1.0
745 29 2.0
745 63 1.0
745 68 1.0
745 105 1.0
745 148 1.0
745 170 1.0
745 295 1.0
745 298 1.0
745 749 1.0
745 878 1.0
745 1035 1.0
745 1818 1.0
746 3 1.0
746 29 2.0
746 63 1.0
746 68 1.0
746 105 1.0
746 148 1.0
746 170 1.0
746 295 1.0
746 298 1.0
746 749 1.0
746 878 1.0
746 1035 1.0
746 1818 1.0
747 30 1.0
747 60 1.0
747 83 1.0
747 107 1.0
747 156 1.0
747 164 1.0
747 189 1.0
747 196 1.0
747 251 2.0
747 262 1.0
747 263 2.0
747 266 1.0
747 272 1.0
747 287 1.0
747 331 1.0
747 345 1.0
747 611 1.0
747 1105 1.0
747 1794 1.0
748 30 1.0
748 60 1.0
748 83 1.0
748 107 1.0
748 164 1.0
748 189 1.0
748 196 1.0
748 251 1.0
748 263 2.0
748 266 1.0
748 272 1.0
748 287 1.0
748 345 1.0
748 611 1.0
748 1105 1.0
748 1794 1.0
749 2 1.0
749 20 1.0
749 85 1.0
749 181 1.0
749 198 2.0
749 251 1.0
749 258 1.0
749 282 1.0
749 401 1.0
749 716 1.0
749 984 1.0
749 1184 2.0
750 3 1.0
750 95 1.0
750 158 1.0
750 186 1.0
750 343 1.0
750 515 1.0
750 587 1.0
750 645 1.0
750 975 1.0
751 35 1.0
751 45 1.0
751 74 1.0
751 92 1.0
751 95 1.0
751 158 1.0
751 224 1.0
751 280 1.0
751 380 1.0
751 520 1.0
751 548 1.0
751 566 1.0
751 679 2.0
752 3 1.0
752 5 1.0
752 26 1.0
752 27 1.0
752 29 1.0
752 82 1.0
752 160 1.0
752 163 1.0
752 186 1.0
752 246 1.0
752 260 1.0
752 287 1.0
752 383 1.0
752 1266 1.0
753 12 1.0
753 152 1.0
753 161 1.0
753 195 1.0
753 443 1.0
753 584 1.0
753 798 1.0
753 856 1.0
753 926 1.0
753 1756 1.0
754 12 1.0
754 152 1.0
754 161 1.0
754 195 1.0
754 443 1.0
754 584 1.0
754 798 1.0
754 856 1.0
754 926 1.0
754 1756 1.0
755 46 1.0
755 67 1.0
755 82 1.0
755 190 1.0
755 193 1.0
755 196 1.0
755 494 1.0
755 640 1.0
755 706 1.0
755 930 1.0
755 1187 1.0
755 1203 1.0
755 1485 1.0
756 12 1.0
756 29 1.0
756 57 1.0
756 63 1.0
756 68 2.0
756 88 1.0
756 142 1.0
756 146 1.0
756 227 1.0
756 390 1.0
756 516 1.0
756 914 1.0
756 1343 1.0
756 1553 1.0
756 1670 1.0
757 3 1.0
757 248 1.0
757 346 1.0
758 3 1.0
758 17 1.0
758 23 1.0
758 29 1.0
758 45 1.0
758 104 1.0
758 161 2.0
758 186 1.0
758 370 1.0
758 515 1.0
758 541 1.0
758 645 1.0
758 1777 1.0
759 17 2.0
759 33 1.0
759 161 2.0
759 186 1.0
759 232 1.0
759 360 1.0
759 376 1.0
759 988 1.0
760 3 3.0
760 5 1.0
760 13 1.0
760 54 1.0
760 147 1.0
760 252 1.0
760 283 1.0
760 1780 1.0
761 3 2.0
761 29 1.0
761 70 1.0
761 146 1.0
761 159 1.0
761 169 1.0
761 228 1.0
761 329 1.0
761 383 1.0
761 559 1.0
761 783 1.0
761 1162 1.0
761 1349 1.0
762 5 1.0
762 20 1.0
762 60 1.0
762 105 1.0
762 182 1.0
762 258 1.0
762 311 1.0
762 342 1.0
762 360 1.0
762 600 1.0
762 930 1.0
762 1148 1.0
762 1783 1.0
763 5 1.0
763 82 1.0
763 104 1.0
763 114 1.0
763 142 1.0
763 198 1.0
763 237 1.0
763 252 1.0
763 264 1.0
763 265 1.0
763 274 1.0
763 541 1.0
763 645 1.0
763 875 1.0
764 3 1.0
764 5 1.0
764 23 1.0
764 69 1.0
764 93 1.0
764 152 1.0
764 161 1.0
764 258 1.0
764 324 1.0
764 345 1.0
764 377 1.0
764 652 1.0
765 3 1.0
765 93 1.0
765 161 1.0
765 265 1.0
765 270 1.0
765 345 2.0
765 377 1.0
765 380 1.0
765 517 1.0
765 588 1.0
765 652 1.0
765 1430 1.0
766 5 1.0
766 96 1.0
766 114 1.0
766 137 1.0
766 164 1.0
766 196 2.0
766 199 1.0
766 246 1.0
766 252 1.0
766 272 1.0
766 282 1.0
766 347 1.0
766 360 1.0
766 581 1.0
766 1105 1.0
766 1785 1.0
767 57 1.0
767 60 1.0
767 68 1.0
767 91 2.0
767 93 2.0
767 110 1.0
767 115 3.0
767 139 2.0
767 161 1.0
767 199 1.0
767 218 2.0
767 254 1.0
767 279 1.0
767 287 3.0
767 298 2.0
767 323 1.0
767 377 1.0
767 792 1.0
767 1788 1.0
768 57 1.0
768 60 1.0
768 68 1.0
768 91 2.0
768 93 2.0
768 110 1.0
768 115 3.0
768 139 2.0
768 161 1.0
768 199 1.0
768 218 2.0
768 254 1.0
768 279 1.0
768 287 3.0
768 298 2.0
768 323 1.0
768 377 1.0
768 792 1.0
768 1788 1.0
769 5 1.0
769 29 1.0
769 57 2.0
769 74 1.0
769 82 1.0
769 170 1.0
769 254 1.0
769 258 1.0
769 260 1.0
769 287 1.0
769 295 2.0
769 298 1.0
769 450 1.0
769 496 1.0
769 608 1.0
769 746 1.0
769 749 1.0
769 1737 1.0
769 1790 1.0
769 1791 1.0
770 30 1.0
770 60 1.0
770 81 1.0
770 83 1.0
770 108 1.0
770 164 1.0
770 251 1.0
770 263 1.0
770 345 1.0
770 466 1.0
770 1794 1.0
770 1795 1.0
771 29 1.0
771 68 1.0
771 75 1.0
771 77 1.0
771 89 1.0
771 137 1.0
771 151 1.0
771 190 1.0
771 352 1.0
771 396 1.0
771 957 1.0
771 1224 1.0
772 74 1.0
772 90 1.0
772 100 1.0
772 114 1.0
772 218 1.0
772 262 1.0
772 1525 1.0
773 12 1.0
773 77 1.0
773 146 1.0
773 171 1.0
773 189 1.0
773 340 1.0
773 395 1.0
773 978 1.0
773 1119 1.0
773 1213 1.0
773 1784 1.0
773 1799 1.0
774 82 2.0
774 127 3.0
774 229 1.0
774 251 1.0
774 260 2.0
774 380 1.0
774 444 1.0
774 496 1.0
774 970 1.0
774 1406 1.0
775 16 1.0
775 100 1.0
775 260 2.0
775 311 2.0
775 380 2.0
775 422 2.0
775 426 2.0
775 1131 2.0
776 16 1.0
776 100 1.0
776 260 2.0
776 311 2.0
776 380 2.0
776 422 2.0
776 426 2.0
776 1131 2.0
777 16 1.0
777 100 1.0
777 260 2.0
777 311 2.0
777 380 2.0
777 422 2.0
777 426 2.0
777 1131 2.0
778 57 2.0
778 67 1.0
778 74 1.0
778 82 1.0
778 105 1.0
778 131 1.0
778 164 1.0
778 218 1.0
778 238 1.0
778 239 1.0
778 343 1.0
778 377 1.0
778 378 1.0
778 1065 1.0
779 57 2.0
779 67 1.0
779 74 1.0
779 82 1.0
779 95 1.0
779 105 1.0
779 131 1.0
779 158 1.0
779 164 1.0
779 218 1.0
779 238 1.0
779 239 1.0
779 343 2.0
779 377 1.0
779 378 1.0
779 587 1.0
779 975 1.0
779 1065 1.0
780 82 1.0
780 90 1.0
780 260 2.0
780 387 1.0
780 406 1.0
780 476 1.0
780 1805 1.0
780 1806 1.0
781 151 2.0
781 251 2.0
781 387 2.0
781 712 1.0
781 803 1.0
781 852 2.0
782 82 1.0
782 113 1.0
782 162 1.0
782 225 1.0
782 562 1.0
782 1219 1.0
782 1629 1.0
782 1809 1.0
783 3 1.0
783 5 1.0
783 75 1.0
783 152 1.0
783 162 1.0
783 217 1.0
783 235 1.0
783 333 1.0
783 352 1.0
783 409 1.0
783 425 1.0
783 520 1.0
783 645 1.0
783 1390 1.0
784 5 1.0
784 29 1.0
784 47 1.0
784 77 1.0
784 151 1.0
784 262 1.0
784 299 1.0
784 395 1.0
784 396 1.0
784 493 1.0
784 834 1.0
784 982 1.0
784 1096 1.0
784 1121 1.0
784 1323 1.0
785 60 1.0
785 77 1.0
785 94 1.0
785 235 2.0
785 257 1.0
785 466 1.0
785 469 1.0
785 1660 1.0
785 1812 1.0
786 12 1.0
786 57 1.0
786 60 1.0
786 91 1.0
786 93 1.0
786 113 1.0
786 139 1.0
786 143 1.0
786 159 1.0
786 192 2.0
786 218 1.0
786 235 2.0
786 254 1.0
786 873 1.0
786 963 1.0
786 1447 1.0
786 1812 1.0
786 1814 1.0
787 2 1.0
787 5 1.0
787 96 1.0
787 114 1.0
787 196 1.0
787 282 2.0
787 347 1.0
787 401 1.0
788 90 1.0
788 100 1.0
788 114 1.0
788 214 1.0
788 382 1.0
788 452 1.0
788 829 1.0
788 1103 1.0
788 1198 1.0
788 1249 1.0
789 5 1.0
789 30 1.0
789 47 1.0
789 211 1.0
789 324 1.0
789 347 1.0
789 852 1.0
789 1125 1.0
790 1088 1.0
790 1495 1.0
791 1088 1.0
791 1495 1.0
792 20 1.0
792 40 1.0
792 41 2.0
792 60 1.0
792 189 1.0
792 270 1.0
792 380 1.0
792 482 1.0
792 520 2.0
792 559 1.0
792 637 1.0
792 783 1.0
792 809 1.0
792 1087 1.0
792 1106 1.0
792 1417 1.0
792 1817 1.0
793 20 1.0
793 40 1.0
793 41 2.0
793 60 1.0
793 189 1.0
793 270 1.0
793 380 1.0
793 482 1.0
793 520 2.0
793 559 1.0
793 637 1.0
793 783 1.0
793 809 1.0
793 1087 1.0
793 1106 1.0
793 1417 1.0
793 1817 1.0
794 29 1.0
794 57 2.0
794 74 1.0
794 254 1.0
794 258 1.0
794 287 1.0
794 295 1.0
794 298 1.0
794 496 1.0
794 608 1.0
794 1737 1.0
795 29 1.0
795 57 2.0
795 74 1.0
795 254 1.0
795 258 1.0
795 287 1.0
795 295 1.0
795 298 1.0
795 496 1.0
795 608 1.0
795 1737 1.0
796 3 1.0
796 116 1.0
796 132 1.0
796 175 2.0
796 218 1.0
796 232 1.0
796 323 1.0
796 329 1.0
796 346 1.0
796 647 1.0
796 679 1.0
796 682 1.0
796 687 1.0
796 1138 1.0
796 1328 1.0
797 40 1.0
797 57 1.0
797 135 1.0
797 142 1.0
797 159 1.0
797 169 1.0
797 198 1.0
797 252 1.0
797 371 1.0
797 547 1.0
797 830 1.0
797 1307 1.0
798 57 1.0
798 141 1.0
798 143 1.0
798 163 1.0
798 177 1.0
798 286 1.0
798 315 1.0
798 363 1.0
798 371 1.0
798 469 1.0
798 726 1.0
798 819 1.0
798 1015 1.0
798 1518 1.0
799 3 1.0
799 68 1.0
799 83 1.0
799 118 1.0
799 138 1.0
799 311 1.0
799 323 1.0
799 363 1.0
799 597 1.0
799 909 1.0
799 1823 1.0
799 1824 1.0
800 3 1.0
800 5 1.0
800 68 1.0
800 118 1.0
800 183 1.0
800 196 1.0
800 311 1.0
800 546 1.0
800 909 1.0
800 1236 1.0
801 147 1.0
801 151 1.0
801 218 1.0
801 287 1.0
801 323 1.0
801 422 1.0
801 673 1.0
801 702 1.0
801 1103 1.0
801 1600 1.0
802 5 1.0
802 251 1.0
802 258 1.0
802 266 1.0
802 287 1.0
802 639 1.0
802 1552 1.0
803 29 1.0
803 68 1.0
803 86 1.0
803 113 1.0
803 214 1.0
803 287 1.0
803 301 1.0
803 444 1.0
803 472 1.0
803 474 1.0
803 475 2.0
803 1364 1.0
804 5 1.0
804 158 1.0
804 183 1.0
804 190 1.0
804 196 1.0
804 257 1.0
804 319 1.0
804 335 1.0
804 369 1.0
804 380 1.0
804 521 1.0
804 548 1.0
804 566 1.0
804 581 1.0
804 679 3.0
804 985 1.0
804 1514 1.0
805 20 1.0
805 241 1.0
805 242 2.0
805 585 2.0
805 682 1.0
805 1565 1.0
805 1597 1.0
806 20 1.0
806 241 1.0
806 242 2.0
806 585 2.0
806 682 1.0
806 1565 1.0
806 1597 1.0
807 20 1.0
807 241 1.0
807 242 2.0
807 585 2.0
807 682 1.0
807 1565 1.0
807 1597 1.0
808 7 1.0
808 24 2.0
808 45 1.0
808 152 1.0
808 177 1.0
808 319 2.0
808 428 1.0
808 1097 1.0
808 1345 1.0
809 17 1.0
809 33 1.0
809 58 1.0
809 71 1.0
809 74 1.0
809 88 1.0
809 137 1.0
809 183 1.0
809 282 1.0
809 875 1.0
809 914 1.0
810 12 1.0
810 32 1.0
810 57 1.0
810 58 2.0
810 60 1.0
810 78 1.0
810 177 1.0
810 236 1.0
810 332 1.0
810 1392 1.0
810 1804 1.0
811 70 1.0
811 74 1.0
811 175 1.0
811 180 1.0
811 186 1.0
811 277 1.0
811 515 1.0
812 3 1.0
812 5 1.0
812 60 1.0
812 115 1.0
812 137 1.0
812 236 1.0
812 254 1.0
812 311 1.0
812 428 1.0
813 3 1.0
813 5 1.0
813 60 1.0
813 115 1.0
813 137 1.0
813 236 1.0
813 254 1.0
813 311 1.0
813 428 1.0
814 3 1.0
814 5 1.0
814 60 1.0
814 115 1.0
814 137 1.0
814 236 1.0
814 254 1.0
814 311 1.0
814 428 1.0
815 3 1.0
815 5 1.0
815 60 1.0
815 115 1.0
815 137 1.0
815 236 1.0
815 254 1.0
815 311 1.0
815 428 1.0
816 40 2.0
816 135 2.0
816 237 1.0
816 242 1.0
816 258 1.0
816 360 1.0
816 521 1.0
816 585 1.0
816 679 1.0
817 74 1.0
817 128 1.0
817 151 1.0
817 161 1.0
817 162 1.0
817 200 1.0
817 277 1.0
817 395 1.0
817 476 1.0
818 74 1.0
818 128 1.0
818 151 1.0
818 161 1.0
818 162 1.0
818 200 1.0
818 277 1.0
818 395 1.0
818 476 1.0
819 32 1.0
819 57 1.0
819 60 1.0
819 82 1.0
819 85 1.0
819 428 1.0
819 1406 1.0
819 1509 1.0
819 1560 1.0
819 1833 1.0
819 1834 1.0
820 2 1.0
820 5 1.0
820 40 2.0
820 82 2.0
820 123 1.0
820 179 1.0
820 269 1.0
820 433 1.0
820 500 1.0
820 994 1.0
820 1121 2.0
821 60 1.0
821 108 1.0
821 192 1.0
821 324 2.0
821 350 1.0
821 1164 1.0
822 2 1.0
822 100 2.0
822 108 1.0
822 181 1.0
822 251 1.0
822 314 1.0
822 324 1.0
822 350 2.0
822 712 1.0
822 764 3.0
822 811 1.0
822 1164 1.0
822 1838 1.0
823 2 1.0
823 10 1.0
823 46 1.0
823 100 2.0
823 108 1.0
823 123 1.0
823 181 1.0
823 188 1.0
823 314 1.0
823 324 1.0
823 350 1.0
823 500 2.0
823 559 1.0
823 628 1.0
823 764 2.0
823 1020 1.0
823 1164 1.0
823 1838 1.0
824 46 1.0
824 60 1.0
824 108 1.0
824 188 1.0
824 192 1.0
824 324 2.0
824 350 1.0
824 1020 1.0
824 1164 1.0
825 46 1.0
825 188 1.0
825 324 1.0
825 350 1.0
825 1020 1.0
825 1164 1.0
826 82 1.0
826 123 1.0
826 137 1.0
826 169 1.0
826 243 1.0
826 259 1.0
826 318 1.0
826 425 1.0
826 574 1.0
826 686 1.0
826 807 1.0
826 1304 2.0
827 82 1.0
827 123 1.0
827 137 1.0
827 169 1.0
827 243 1.0
827 259 1.0
827 318 1.0
827 425 1.0
827 574 1.0
827 686 1.0
827 807 1.0
827 1304 2.0
828 70 1.0
828 132 1.0
828 243 1.0
828 259 1.0
828 425 1.0
828 433 1.0
828 574 1.0
828 812 1.0
828 1051 1.0
828 1444 1.0
829 70 1.0
829 100 1.0
829 198 1.0
829 321 1.0
829 482 1.0
829 505 1.0
829 654 1.0
829 667 1.0
829 731 1.0
829 823 1.0
829 1260 1.0
829 1264 1.0
829 1513 1.0
829 1840 1.0
829 1855 1.0
830 82 1.0
830 298 1.0
830 342 1.0
830 433 1.0
830 500 1.0
830 730 1.0
830 773 1.0
830 984 1.0
830 1060 1.0
830 1073 1.0
830 1444 1.0
830 1695 1.0
831 82 1.0
831 244 1.0
831 298 1.0
831 409 1.0
831 433 1.0
831 500 1.0
831 779 1.0
831 957 1.0
831 1060 1.0
831 1073 1.0
832 90 1.0
832 97 1.0
832 300 1.0
832 391 1.0
832 507 1.0
832 655 2.0
832 769 1.0
832 1067 1.0
832 1304 1.0
832 1479 1.0
832 1798 1.0
833 10 1.0
833 12 1.0
833 90 1.0
833 96 1.0
833 100 1.0
833 179 1.0
833 198 1.0
833 415 1.0
833 434 1.0
833 723 1.0
833 1089 1.0
833 1466 1.0
834 10 2.0
834 46 1.0
834 90 1.0
834 179 1.0
834 181 1.0
834 188 1.0
834 198 1.0
834 434 1.0
834 723 1.0
834 1020 1.0
834 1466 1.0
835 15 1.0
835 82 1.0
835 86 1.0
835 100 1.0
835 123 1.0
835 435 1.0
835 628 1.0
835 799 1.0
835 1354 1.0
836 6 1.0
836 10 1.0
836 82 1.0
836 181 1.0
836 271 1.0
836 343 1.0
836 434 2.0
836 500 1.0
836 505 1.0
836 551 1.0
836 625 2.0
836 745 1.0
836 865 1.0
836 1843 1.0
837 100 1.0
837 108 1.0
837 123 1.0
837 500 2.0
837 559 1.0
837 628 1.0
837 724 1.0
837 763 1.0
837 1686 1.0
838 20 1.0
838 82 2.0
838 90 2.0
838 114 1.0
838 168 1.0
838 218 1.0
838 270 1.0
838 380 1.0
838 406 1.0
838 433 2.0
838 484 1.0
838 530 1.0
838 608 1.0
838 958 1.0
838 1121 1.0
838 1373 1.0
838 1396 1.0
838 1403 1.0
838 1503 1.0
838 1707 1.0
839 5 1.0
839 36 1.0
839 40 1.0
839 82 1.0
839 123 1.0
839 269 1.0
839 378 1.0
839 667 1.0
839 994 1.0
839 1121 1.0
840 36 1.0
840 123 1.0
840 295 1.0
840 378 1.0
840 667 1.0
840 818 1.0
840 984 1.0
841 10 1.0
841 36 1.0
841 123 1.0
841 378 1.0
841 472 1.0
841 507 1.0
841 667 1.0
841 725 1.0
841 733 1.0
842 46 2.0
842 146 1.0
842 399 1.0
842 810 1.0
842 1051 1.0
842 1846 1.0
842 1849 1.0
843 5 1.0
843 40 1.0
843 82 1.0
843 90 1.0
843 198 1.0
843 236 1.0
843 269 1.0
843 994 1.0
843 1121 1.0
843 1698 1.0
843 1847 1.0
844 5 1.0
844 40 1.0
844 57 1.0
844 82 2.0
844 90 2.0
844 185 1.0
844 198 1.0
844 236 1.0
844 269 1.0
844 295 1.0
844 472 2.0
844 500 1.0
844 667 1.0
844 733 2.0
844 818 1.0
844 984 2.0
844 994 1.0
844 1121 1.0
844 1396 1.0
844 1499 1.0
844 1698 1.0
844 1847 1.0
845 10 1.0
845 90 1.0
845 111 1.0
845 415 1.0
845 507 1.0
845 832 1.0
845 1017 1.0
846 10 1.0
846 12 1.0
846 82 1.0
846 90 1.0
846 109 1.0
846 111 2.0
846 114 1.0
846 262 1.0
846 286 1.0
846 413 1.0
846 415 1.0
846 1850 1.0
847 146 1.0
847 724 1.0
847 812 1.0
847 1325 1.0
847 1505 1.0
847 1690 1.0
847 1700 1.0
848 146 1.0
848 724 1.0
848 812 1.0
848 1325 1.0
848 1505 1.0
848 1690 1.0
848 1700 1.0
849 89 1.0
849 100 1.0
849 164 1.0
849 214 1.0
849 343 1.0
849 458 2.0
849 623 1.0
849 638 1.0
849 690 1.0
849 1117 1.0
850 10 1.0
850 12 1.0
850 46 1.0
850 77 1.0
850 82 2.0
850 90 1.0
850 363 1.0
850 433 2.0
850 721 1.0
850 815 1.0
850 1303 1.0
850 1396 2.0
850 1472 1.0
850 1690 1.0
851 10 1.0
851 12 1.0
851 46 1.0
851 77 1.0
851 82 2.0
851 90 1.0
851 363 1.0
851 433 2.0
851 721 1.0
851 815 1.0
851 1303 1.0
851 1396 2.0
851 1472 1.0
851 1690 1.0
852 10 1.0
852 12 1.0
852 46 1.0
852 77 1.0
852 82 2.0
852 90 1.0
852 363 1.0
852 433 2.0
852 721 1.0
852 815 1.0
852 1303 1.0
852 1396 2.0
852 1472 1.0
852 1690 1.0
853 12 1.0
853 40 1.0
853 82 1.0
853 100 1.0
853 178 1.0
853 236 1.0
853 238 1.0
853 239 1.0
853 387 1.0
853 415 1.0
854 12 1.0
854 196 1.0
854 198 2.0
854 208 1.0
854 218 1.0
854 235 1.0
854 507 1.0
854 722 1.0
854 748 1.0
854 787 1.0
854 828 1.0
854 1426 1.0
854 1714 1.0
855 15 1.0
855 82 1.0
855 100 1.0
855 123 1.0
855 434 1.0
855 435 1.0
855 788 1.0
855 797 1.0
855 1354 1.0
856 10 1.0
856 46 1.0
856 47 1.0
856 90 2.0
856 236 1.0
856 244 1.0
856 342 1.0
856 373 1.0
856 413 2.0
856 433 1.0
856 658 1.0
856 759 1.0
856 1457 1.0
856 1690 1.0
