1230 1230
0 890 2.0
0 1 2.0
0 0 2.0
1 890 2.0
1 1 2.0
1 0 2.0
2 2 1.0
3 761 1.0
3 624 2.0
3 3 2.0
4 1065 1.0
4 781 2.0
4 1168 2.0
4 1167 2.0
4 485 2.0
4 4 9.0
10 1138 1.0
10 590 2.0
10 386 1.0
10 10 2.0
12 287 1.0
12 108 1.0
12 1094 1.0
12 12 2.0
15 1090 2.0
15 96 1.0
15 15 2.0
19 1147 2.0
19 284 1.0
19 217 1.0
19 19 5.0
20 1097 1.0
20 1009 1.0
20 360 1.0
20 20 2.0
21 492 1.0
21 21 2.0
22 22 2.0
23 811 1.0
23 590 1.0
23 244 1.0
23 1113 1.0
23 898 1.0
23 223 1.0
23 922 1.0
23 919 1.0
23 240 1.0
23 807 1.0
23 806 1.0
23 805 1.0
23 60 1.0
23 35 1.0
23 23 15.0
24 1109 2.0
24 24 3.0
25 25 1.0
26 1094 1.0
26 993 2.0
26 26 4.0
28 564 1.0
28 1004 1.0
28 940 3.0
28 28 4.0
29 29 1.0
31 1083 2.0
31 31 2.0
33 33 1.0
34 1176 1.0
34 34 1.0
35 807 1.0
35 806 1.0
35 805 1.0
35 60 1.0
35 35 2.0
35 23 1.0
36 1144 2.0
36 688 2.0
36 669 1.0
36 36 4.0
37 524 1.0
37 37 4.0
38 38 4.0
39 542 1.0
39 39 3.0
41 368 1.0
41 237 1.0
41 42 1.0
41 41 1.0
42 368 1.0
42 237 1.0
42 42 2.0
42 41 1.0
44 44 1.0
45 45 2.0
46 46 1.0
48 1068 1.0
48 48 1.0
49 759 1.0
49 1023 1.0
49 710 1.0
49 1026 1.0
49 49 7.0
50 1193 1.0
50 540 1.0
50 213 1.0
50 1001 1.0
50 1110 2.0
50 944 3.0
50 50 5.0
52 964 2.0
52 246 1.0
52 52 3.0
53 752 1.0
53 53 1.0
54 54 2.0
57 57 1.0
58 1180 1.0
58 1058 1.0
58 1089 2.0
58 1044 1.0
58 236 1.0
58 227 1.0
58 885 2.0
58 884 2.0
58 883 2.0
58 882 2.0
58 881 2.0
58 880 2.0
58 58 7.0
60 633 1.0
60 723 1.0
60 99 1.0
60 590 1.0
60 301 1.0
60 807 1.0
60 806 1.0
60 805 1.0
60 60 6.0
60 35 1.0
60 23 1.0
62 246 1.0
62 197 1.0
62 62 1.0
65 914 1.0
65 65 1.0
67 67 1.0
68 210 1.0
68 1176 1.0
68 797 1.0
68 68 2.0
69 69 2.0
70 337 1.0
70 139 1.0
70 82 1.0
70 507 2.0
70 339 1.0
70 185 3.0
70 83 2.0
70 1046 2.0
70 1045 2.0
70 666 1.0
70 329 2.0
70 220 1.0
70 70 12.0
71 1040 2.0
71 1037 2.0
71 1036 2.0
71 1035 2.0
71 89 2.0
71 718 3.0
71 71 8.0
74 74 2.0
75 1054 1.0
75 1030 1.0
75 164 1.0
75 75 2.0
78 1210 1.0
78 78 1.0
79 446 1.0
79 337 1.0
79 139 1.0
79 79 1.0
80 610 1.0
80 80 1.0
82 70 1.0
82 1172 2.0
82 1171 2.0
82 505 3.0
82 82 5.0
83 466 1.0
83 392 1.0
83 774 1.0
83 614 1.0
83 507 1.0
83 339 1.0
83 185 2.0
83 83 4.0
83 70 2.0
86 86 1.0
87 445 1.0
87 87 1.0
88 1119 1.0
88 88 1.0
89 437 1.0
89 1037 3.0
89 1036 1.0
89 1035 4.0
89 89 4.0
89 71 2.0
90 90 1.0
91 722 1.0
91 92 1.0
91 730 1.0
91 91 2.0
92 722 1.0
92 92 1.0
92 91 1.0
96 1143 1.0
96 1090 1.0
96 96 3.0
96 15 1.0
98 281 2.0
98 1179 2.0
98 1178 2.0
98 98 3.0
99 99 1.0
99 60 1.0
100 1085 1.0
100 754 1.0
100 753 1.0
100 100 2.0
101 1185 2.0
101 101 3.0
102 102 1.0
103 114 1.0
103 103 3.0
105 105 3.0
107 808 1.0
107 107 1.0
108 287 1.0
108 12 1.0
108 108 2.0
110 532 1.0
110 526 1.0
110 419 1.0
110 1107 2.0
110 1082 2.0
110 1073 1.0
110 110 8.0
114 114 1.0
114 103 1.0
116 116 1.0
117 811 1.0
117 117 1.0
118 118 1.0
123 793 1.0
123 123 2.0
127 127 1.0
133 1201 1.0
133 133 1.0
135 1206 1.0
135 1205 1.0
135 612 1.0
135 308 2.0
135 146 1.0
135 135 2.0
137 1057 1.0
137 137 1.0
139 1229 1.0
139 1228 1.0
139 70 1.0
139 446 1.0
139 337 2.0
139 139 3.0
139 79 1.0
140 140 1.0
141 1219 1.0
141 308 1.0
141 1127 1.0
141 1068 1.0
141 879 1.0
141 784 1.0
141 141 5.0
143 321 1.0
143 143 1.0
146 1206 1.0
146 1205 1.0
146 612 1.0
146 308 1.0
146 146 1.0
146 135 1.0
147 956 1.0
147 398 1.0
147 1056 2.0
147 1053 2.0
147 1021 1.0
147 724 1.0
147 168 1.0
147 733 1.0
147 732 1.0
147 147 6.0
150 1200 1.0
150 561 1.0
150 150 2.0
158 158 1.0
159 201 1.0
159 159 1.0
161 1111 1.0
161 161 2.0
164 474 1.0
164 1030 1.0
164 164 2.0
164 75 1.0
165 165 1.0
166 166 1.0
168 1053 1.0
168 147 1.0
168 1021 2.0
168 788 1.0
168 724 2.0
168 168 3.0
172 1042 2.0
172 1032 2.0
172 775 1.0
172 172 4.0
178 178 1.0
185 507 1.0
185 339 1.0
185 185 4.0
185 83 2.0
185 70 3.0
188 189 1.0
188 188 1.0
189 189 1.0
189 188 1.0
192 263 1.0
192 1069 2.0
192 1004 2.0
192 893 2.0
192 192 5.0
193 193 3.0
195 1075 1.0
195 521 1.0
195 195 2.0
197 211 1.0
197 246 1.0
197 197 2.0
197 62 1.0
198 198 1.0
199 199 1.0
201 159 1.0
201 549 2.0
201 526 1.0
201 201 6.0
203 203 1.0
204 955 2.0
204 204 2.0
205 1182 1.0
205 749 1.0
205 758 1.0
205 205 4.0
206 888 2.0
206 220 3.0
206 206 4.0
208 208 4.0
209 1169 2.0
209 209 2.0
210 68 1.0
210 558 1.0
210 1096 2.0
210 760 2.0
210 373 1.0
210 210 8.0
211 197 1.0
211 1188 1.0
211 620 1.0
211 211 4.0
213 1193 2.0
213 540 1.0
213 50 1.0
213 1150 2.0
213 1108 3.0
213 213 5.0
214 214 1.0
215 1068 2.0
215 235 1.0
215 215 3.0
216 999 2.0
216 345 2.0
216 216 2.0
217 217 1.0
217 19 1.0
218 960 1.0
218 218 4.0
220 401 1.0
220 666 1.0
220 329 1.0
220 70 1.0
220 888 2.0
220 220 5.0
220 206 3.0
221 256 1.0
221 223 2.0
221 221 3.0
223 1190 1.0
223 1189 1.0
223 23 1.0
223 256 1.0
223 1005 1.0
223 223 7.0
223 221 2.0
227 1099 1.0
227 408 1.0
227 885 1.0
227 884 1.0
227 883 1.0
227 882 1.0
227 881 1.0
227 880 1.0
227 236 1.0
227 227 2.0
227 58 1.0
228 877 1.0
228 228 1.0
229 878 1.0
229 240 1.0
229 229 3.0
231 234 1.0
231 231 1.0
234 234 1.0
234 231 1.0
235 235 1.0
235 215 1.0
236 1143 1.0
236 1005 1.0
236 885 1.0
236 884 1.0
236 883 1.0
236 882 1.0
236 881 1.0
236 880 1.0
236 236 4.0
236 227 1.0
236 58 1.0
237 263 1.0
237 1118 1.0
237 1117 2.0
237 368 2.0
237 237 3.0
237 42 1.0
237 41 1.0
238 692 1.0
238 681 1.0
238 239 1.0
238 238 2.0
239 239 3.0
239 238 1.0
240 922 1.0
240 23 1.0
240 921 2.0
240 920 3.0
240 919 2.0
240 240 5.0
240 229 1.0
241 861 1.0
241 241 2.0
242 272 1.0
242 242 1.0
244 23 1.0
244 590 3.0
244 912 2.0
244 244 4.0
245 245 1.0
246 964 1.0
246 52 1.0
246 197 1.0
246 62 1.0
246 1079 2.0
246 246 4.0
247 247 1.0
249 249 1.0
251 251 2.0
252 971 2.0
252 252 5.0
256 1154 2.0
256 1000 3.0
256 223 1.0
256 221 1.0
256 256 5.0
257 747 1.0
257 490 1.0
257 1088 1.0
257 661 2.0
257 336 1.0
257 1050 1.0
257 731 1.0
257 257 5.0
259 554 1.0
259 1101 3.0
259 897 2.0
259 896 4.0
259 895 2.0
259 894 3.0
259 259 6.0
261 1008 2.0
261 943 2.0
261 266 2.0
261 932 2.0
261 518 6.0
261 261 8.0
263 936 1.0
263 1117 1.0
263 368 1.0
263 237 1.0
263 569 2.0
263 192 1.0
263 1072 2.0
263 1071 2.0
263 263 6.0
264 1115 1.0
264 947 1.0
264 577 1.0
264 576 1.0
264 949 1.0
264 948 2.0
264 868 2.0
264 938 1.0
264 937 2.0
264 662 2.0
264 264 6.0
266 1008 2.0
266 518 2.0
266 261 2.0
266 976 2.0
266 975 2.0
266 974 2.0
266 943 3.0
266 942 1.0
266 268 1.0
266 266 5.0
268 943 1.0
268 942 1.0
268 268 1.0
268 266 1.0
269 1212 2.0
269 269 2.0
272 455 1.0
272 272 2.0
272 242 1.0
275 275 1.0
277 277 2.0
278 625 1.0
278 415 1.0
278 278 2.0
279 289 1.0
279 1181 1.0
279 1180 1.0
279 290 1.0
279 279 3.0
281 1179 1.0
281 1178 1.0
281 281 2.0
281 98 2.0
283 283 3.0
284 1147 1.0
284 19 1.0
284 284 3.0
287 1100 1.0
287 287 2.0
287 108 1.0
287 12 1.0
289 289 1.0
289 279 1.0
290 1181 1.0
290 1180 1.0
290 290 1.0
290 279 1.0
293 418 1.0
293 293 1.0
301 590 2.0
301 301 2.0
301 60 1.0
302 302 1.0
303 764 1.0
303 765 1.0
303 303 2.0
307 1041 1.0
307 528 1.0
307 307 1.0
308 141 1.0
308 1206 1.0
308 1205 1.0
308 612 1.0
308 308 3.0
308 146 1.0
308 135 2.0
310 1198 1.0
310 820 1.0
310 643 1.0
310 642 1.0
310 310 1.0
319 950 1.0
319 829 1.0
319 319 1.0
321 143 1.0
321 1210 1.0
321 321 2.0
322 326 1.0
322 322 2.0
323 323 1.0
326 326 1.0
326 322 1.0
329 666 1.0
329 329 2.0
329 220 1.0
329 70 2.0
330 1031 2.0
330 330 2.0
332 332 3.0
336 1088 2.0
336 661 1.0
336 336 3.0
336 257 1.0
337 1229 1.0
337 1228 1.0
337 70 1.0
337 446 1.0
337 337 3.0
337 139 2.0
337 79 1.0
339 507 1.0
339 339 1.0
339 185 1.0
339 83 1.0
339 70 1.0
340 715 1.0
340 551 2.0
340 340 3.0
342 342 1.0
344 344 2.0
345 999 2.0
345 345 2.0
345 216 2.0
346 482 1.0
346 346 2.0
347 530 1.0
347 728 1.0
347 726 1.0
347 510 1.0
347 1007 2.0
347 980 2.0
347 924 1.0
347 712 1.0
347 347 6.0
348 1125 1.0
348 348 2.0
349 1039 1.0
349 1038 1.0
349 1156 2.0
349 1155 2.0
349 349 5.0
354 355 1.0
354 354 1.0
355 355 1.0
355 354 1.0
356 1059 1.0
356 1058 1.0
356 357 1.0
356 356 3.0
357 1059 3.0
357 1058 1.0
357 357 3.0
357 356 1.0
358 358 1.0
359 1163 2.0
359 359 3.0
360 1009 1.0
360 20 1.0
360 1097 2.0
360 360 2.0
362 362 1.0
366 763 1.0
366 366 5.0
368 1117 1.0
368 263 1.0
368 368 2.0
368 237 2.0
368 42 1.0
368 41 1.0
370 370 1.0
373 373 1.0
373 210 1.0
380 380 1.0
381 1051 1.0
381 970 1.0
381 382 1.0
381 381 1.0
382 1051 2.0
382 381 1.0
382 970 2.0
382 382 3.0
384 384 1.0
386 590 1.0
386 386 1.0
386 10 1.0
387 387 2.0
388 1106 1.0
388 741 1.0
388 388 2.0
390 854 1.0
390 390 1.0
392 466 1.0
392 392 1.0
392 83 1.0
395 1034 1.0
395 395 1.0
396 442 1.0
396 396 2.0
397 785 1.0
397 397 3.0
398 956 1.0
398 398 1.0
398 147 1.0
401 1050 1.0
401 401 3.0
401 220 1.0
403 660 1.0
403 1173 1.0
403 403 2.0
404 1032 1.0
404 507 1.0
404 404 1.0
405 406 1.0
405 405 1.0
406 406 1.0
406 405 1.0
408 621 1.0
408 1099 1.0
408 408 2.0
408 227 1.0
414 414 2.0
415 415 2.0
415 278 1.0
416 416 1.0
418 418 1.0
418 293 1.0
419 110 1.0
419 419 2.0
420 420 1.0
421 421 1.0
429 429 2.0
437 1035 1.0
437 437 1.0
437 89 1.0
438 438 1.0
439 1006 1.0
439 532 1.0
439 439 2.0
440 1127 1.0
440 440 1.0
442 396 1.0
442 442 2.0
445 445 1.0
445 87 1.0
446 337 1.0
446 139 1.0
446 79 1.0
446 448 1.0
446 446 2.0
448 448 1.0
448 446 1.0
449 449 1.0
450 816 1.0
450 450 1.0
452 1225 1.0
452 1224 1.0
452 825 1.0
452 452 1.0
455 272 1.0
455 635 1.0
455 1201 1.0
455 455 3.0
456 1201 1.0
456 1153 1.0
456 645 1.0
456 611 3.0
456 456 3.0
459 459 1.0
461 852 1.0
461 461 1.0
465 846 1.0
465 1218 2.0
465 1204 2.0
465 1203 2.0
465 465 4.0
466 1208 1.0
466 1207 1.0
466 838 1.0
466 466 2.0
466 392 1.0
466 83 1.0
474 474 1.0
474 164 1.0
475 475 2.0
477 479 1.0
477 478 2.0
477 477 2.0
478 479 1.0
478 478 2.0
478 477 2.0
479 479 1.0
479 478 1.0
479 477 1.0
480 1013 2.0
480 1012 2.0
480 480 2.0
482 482 1.0
482 346 1.0
485 1168 2.0
485 1167 2.0
485 485 2.0
485 4 2.0
486 1182 1.0
486 486 1.0
487 906 1.0
487 487 1.0
490 748 1.0
490 747 1.0
490 661 1.0
490 257 1.0
490 985 2.0
490 490 5.0
491 492 2.0
491 491 3.0
492 491 2.0
492 492 5.0
492 21 1.0
503 503 1.0
505 1172 2.0
505 1171 2.0
505 505 3.0
505 82 3.0
506 506 1.0
507 339 1.0
507 185 1.0
507 83 1.0
507 70 2.0
507 404 1.0
507 1032 2.0
507 507 4.0
509 780 1.0
509 509 2.0
510 347 1.0
510 728 2.0
510 726 2.0
510 510 2.0
511 511 3.0
514 516 1.0
514 514 1.0
516 516 1.0
516 514 1.0
517 1024 1.0
517 1023 1.0
517 517 1.0
518 1008 2.0
518 943 2.0
518 266 2.0
518 932 1.0
518 261 6.0
518 518 7.0
521 1075 1.0
521 521 1.0
521 195 1.0
524 524 1.0
524 37 1.0
526 532 1.0
526 110 1.0
526 526 2.0
526 201 1.0
527 527 1.0
528 1034 1.0
528 1041 1.0
528 528 2.0
528 307 1.0
530 980 1.0
530 347 1.0
530 531 1.0
530 530 2.0
531 531 1.0
531 530 1.0
532 526 1.0
532 110 1.0
532 439 1.0
532 1006 2.0
532 532 3.0
535 535 1.0
537 543 1.0
537 537 1.0
540 1193 1.0
540 213 1.0
540 50 1.0
540 1140 2.0
540 540 3.0
542 542 1.0
542 39 1.0
543 543 1.0
543 537 1.0
547 547 1.0
549 549 2.0
549 201 2.0
550 550 1.0
551 715 1.0
551 551 2.0
551 340 2.0
552 941 2.0
552 552 4.0
554 894 1.0
554 259 1.0
554 986 2.0
554 554 5.0
555 555 1.0
557 876 2.0
557 586 1.0
557 557 2.0
558 210 1.0
558 558 2.0
559 1162 1.0
559 1161 1.0
559 1159 1.0
559 1157 1.0
559 559 1.0
561 150 1.0
561 562 1.0
561 561 2.0
562 562 1.0
562 561 1.0
563 681 1.0
563 563 3.0
564 983 1.0
564 951 1.0
564 685 1.0
564 564 2.0
564 28 1.0
568 1116 2.0
568 568 2.0
569 1072 1.0
569 1071 1.0
569 263 2.0
569 1020 2.0
569 1019 2.0
569 1018 2.0
569 984 2.0
569 983 1.0
569 936 2.0
569 569 6.0
570 570 2.0
573 987 2.0
573 573 3.0
574 574 1.0
576 577 1.0
576 576 1.0
576 264 1.0
577 1011 1.0
577 577 2.0
577 576 1.0
577 264 1.0
578 982 2.0
578 578 4.0
584 584 2.0
585 586 1.0
585 585 2.0
586 585 1.0
586 876 1.0
586 586 3.0
586 557 1.0
590 1138 1.0
590 701 1.0
590 23 1.0
590 301 2.0
590 60 1.0
590 386 1.0
590 10 2.0
590 912 1.0
590 590 9.0
590 244 3.0
591 591 1.0
595 595 1.0
596 596 1.0
597 597 2.0
598 1126 2.0
598 1124 1.0
598 1121 2.0
598 598 6.0
603 603 1.0
605 605 1.0
606 823 1.0
606 828 1.0
606 824 1.0
606 606 2.0
610 80 1.0
610 610 3.0
611 1222 1.0
611 1221 1.0
611 722 1.0
611 1201 1.0
611 1153 1.0
611 645 1.0
611 611 4.0
611 456 3.0
612 1206 1.0
612 1205 1.0
612 612 1.0
612 308 1.0
612 146 1.0
612 135 1.0
613 613 1.0
614 774 1.0
614 614 1.0
614 83 1.0
620 620 2.0
620 211 1.0
621 621 1.0
621 408 1.0
624 761 1.0
624 624 2.0
624 3 2.0
625 625 1.0
625 278 1.0
626 1184 2.0
626 626 2.0
629 629 2.0
630 630 1.0
631 631 1.0
633 633 1.0
633 60 1.0
634 634 1.0
635 635 1.0
635 455 1.0
642 1198 1.0
642 820 1.0
642 643 1.0
642 642 1.0
642 310 1.0
643 1198 1.0
643 820 1.0
643 643 1.0
643 642 1.0
643 310 1.0
645 1201 1.0
645 1153 1.0
645 645 1.0
645 611 1.0
645 456 1.0
651 652 2.0
651 651 2.0
652 652 2.0
652 651 2.0
654 655 1.0
654 654 1.0
655 654 1.0
655 991 1.0
655 655 2.0
659 875 2.0
659 874 1.0
659 873 1.0
659 872 1.0
659 871 1.0
659 870 1.0
659 659 3.0
660 403 1.0
660 660 2.0
661 747 1.0
661 490 1.0
661 1088 1.0
661 336 1.0
661 257 2.0
661 1025 1.0
661 663 1.0
661 661 3.0
662 1115 1.0
662 938 1.0
662 937 2.0
662 662 2.0
662 264 2.0
663 1025 1.0
663 663 1.0
663 661 1.0
664 664 1.0
666 666 1.0
666 329 1.0
666 220 1.0
666 70 1.0
669 669 1.0
669 36 1.0
671 671 3.0
674 676 1.0
674 675 1.0
674 674 1.0
675 676 1.0
675 675 1.0
675 674 1.0
676 676 1.0
676 675 1.0
676 674 1.0
680 680 1.0
681 692 1.0
681 238 1.0
681 563 1.0
681 714 1.0
681 681 4.0
683 683 1.0
684 684 2.0
685 983 1.0
685 564 1.0
685 951 2.0
685 685 2.0
687 687 1.0
688 1144 3.0
688 36 2.0
688 688 4.0
692 692 1.0
692 681 1.0
692 238 1.0
693 1149 1.0
693 693 2.0
694 969 1.0
694 694 1.0
695 996 1.0
695 1014 2.0
695 695 2.0
697 697 1.0
701 701 1.0
701 590 1.0
703 703 2.0
704 973 2.0
704 972 3.0
704 704 4.0
706 706 1.0
708 878 1.0
708 708 1.0
710 49 1.0
710 1057 1.0
710 710 2.0
712 712 1.0
712 347 1.0
714 714 1.0
714 681 1.0
715 715 1.0
715 551 1.0
715 340 1.0
718 1036 1.0
718 718 3.0
718 71 3.0
722 1222 1.0
722 1221 1.0
722 611 1.0
722 722 2.0
722 92 1.0
722 91 1.0
723 723 2.0
723 60 1.0
724 1053 2.0
724 147 1.0
724 1021 3.0
724 788 1.0
724 724 3.0
724 168 2.0
725 725 1.0
726 347 1.0
726 728 2.0
726 726 2.0
726 510 2.0
728 347 1.0
728 728 2.0
728 726 2.0
728 510 2.0
730 730 1.0
730 91 1.0
731 1050 1.0
731 731 1.0
731 257 1.0
732 733 1.0
732 732 1.0
732 147 1.0
733 733 1.0
733 732 1.0
733 147 1.0
736 736 1.0
738 1015 3.0
738 998 3.0
738 738 4.0
741 1106 1.0
741 741 1.0
741 388 1.0
746 746 1.0
747 747 1.0
747 661 1.0
747 490 1.0
747 257 1.0
748 490 1.0
748 748 2.0
749 749 1.0
749 205 1.0
752 752 1.0
752 53 1.0
753 754 1.0
753 753 1.0
753 100 1.0
754 754 1.0
754 753 1.0
754 100 1.0
756 756 2.0
758 758 1.0
758 205 1.0
759 49 1.0
759 1085 1.0
759 759 2.0
760 760 2.0
760 210 2.0
761 761 1.0
761 624 1.0
761 3 1.0
763 763 1.0
763 366 1.0
764 764 1.0
764 303 1.0
765 765 1.0
765 303 1.0
769 794 1.0
769 769 1.0
772 1211 1.0
772 772 1.0
774 774 1.0
774 614 1.0
774 83 1.0
775 1032 1.0
775 775 1.0
775 172 1.0
780 780 1.0
780 509 1.0
781 781 2.0
781 4 2.0
784 1127 1.0
784 1068 1.0
784 879 1.0
784 141 1.0
784 784 2.0
785 785 1.0
785 397 1.0
787 787 1.0
788 1021 1.0
788 788 1.0
788 724 1.0
788 168 1.0
790 791 1.0
790 790 1.0
791 791 2.0
791 790 1.0
793 793 1.0
793 123 1.0
794 794 1.0
794 769 1.0
796 796 2.0
797 1176 1.0
797 68 1.0
797 797 3.0
800 800 1.0
805 807 1.0
805 806 1.0
805 805 1.0
805 60 1.0
805 35 1.0
805 23 1.0
806 807 1.0
806 806 1.0
806 805 1.0
806 60 1.0
806 35 1.0
806 23 1.0
807 807 1.0
807 806 1.0
807 805 1.0
807 60 1.0
807 35 1.0
807 23 1.0
808 107 1.0
808 808 3.0
811 23 1.0
811 117 1.0
811 811 3.0
816 1194 1.0
816 816 3.0
816 450 1.0
820 643 1.0
820 642 1.0
820 310 1.0
820 1198 2.0
820 820 2.0
823 823 1.0
823 606 1.0
824 828 1.0
824 824 1.0
824 606 1.0
825 1225 2.0
825 1224 2.0
825 825 2.0
825 452 1.0
828 828 1.0
828 824 1.0
828 606 1.0
829 950 2.0
829 829 2.0
829 319 1.0
838 466 1.0
838 1208 2.0
838 1207 3.0
838 838 3.0
846 1218 1.0
846 846 1.0
846 465 1.0
847 848 1.0
847 847 1.0
848 848 1.0
848 847 1.0
852 852 1.0
852 461 1.0
853 853 1.0
854 854 1.0
854 390 1.0
856 1226 2.0
856 856 3.0
857 861 2.0
857 860 2.0
857 859 2.0
857 858 3.0
857 857 3.0
858 861 2.0
858 860 2.0
858 859 2.0
858 858 3.0
858 857 3.0
859 861 2.0
859 860 2.0
859 859 2.0
859 858 2.0
859 857 2.0
860 861 2.0
860 860 2.0
860 859 2.0
860 858 2.0
860 857 2.0
861 241 1.0
861 861 3.0
861 860 2.0
861 859 2.0
861 858 2.0
861 857 2.0
862 863 2.0
862 862 2.0
863 863 3.0
863 862 2.0
864 865 3.0
864 864 6.0
865 988 2.0
865 865 6.0
865 864 3.0
866 866 2.0
867 869 2.0
867 868 1.0
867 867 2.0
868 949 1.0
868 948 2.0
868 264 2.0
868 869 1.0
868 868 3.0
868 867 1.0
869 997 2.0
869 996 3.0
869 995 3.0
869 869 5.0
869 868 1.0
869 867 2.0
870 908 1.0
870 875 1.0
870 874 1.0
870 873 1.0
870 872 1.0
870 871 1.0
870 870 2.0
870 659 1.0
871 875 2.0
871 874 2.0
871 873 2.0
871 872 1.0
871 871 2.0
871 870 1.0
871 659 1.0
872 875 2.0
872 874 1.0
872 873 1.0
872 872 3.0
872 871 1.0
872 870 1.0
872 659 1.0
873 875 2.0
873 874 2.0
873 873 2.0
873 872 1.0
873 871 2.0
873 870 1.0
873 659 1.0
874 875 2.0
874 874 2.0
874 873 2.0
874 872 1.0
874 871 2.0
874 870 1.0
874 659 1.0
875 875 5.0
875 874 2.0
875 873 2.0
875 872 2.0
875 871 2.0
875 870 1.0
875 659 2.0
876 876 2.0
876 586 1.0
876 557 2.0
877 1017 1.0
877 1016 1.0
877 877 4.0
877 228 1.0
878 708 1.0
878 878 2.0
878 229 1.0
879 1127 1.0
879 1068 1.0
879 784 1.0
879 141 1.0
879 879 2.0
880 236 1.0
880 227 1.0
880 885 2.0
880 884 2.0
880 883 2.0
880 882 2.0
880 881 2.0
880 880 2.0
880 58 2.0
881 236 1.0
881 227 1.0
881 885 2.0
881 884 2.0
881 883 2.0
881 882 2.0
881 881 2.0
881 880 2.0
881 58 2.0
882 236 1.0
882 227 1.0
882 885 2.0
882 884 2.0
882 883 2.0
882 882 2.0
882 881 2.0
882 880 2.0
882 58 2.0
883 236 1.0
883 227 1.0
883 885 2.0
883 884 2.0
883 883 2.0
883 882 2.0
883 881 2.0
883 880 2.0
883 58 2.0
884 236 1.0
884 227 1.0
884 885 2.0
884 884 2.0
884 883 2.0
884 882 2.0
884 881 2.0
884 880 2.0
884 58 2.0
885 236 1.0
885 227 1.0
885 885 3.0
885 884 2.0
885 883 2.0
885 882 2.0
885 881 2.0
885 880 2.0
885 58 2.0
886 886 2.0
887 1114 1.0
887 887 3.0
888 888 2.0
888 220 2.0
888 206 2.0
889 889 2.0
890 890 2.0
890 1 2.0
890 0 2.0
891 892 2.0
891 891 2.0
892 892 2.0
892 891 2.0
893 893 2.0
893 192 2.0
894 554 1.0
894 897 2.0
894 896 2.0
894 895 2.0
894 894 3.0
894 259 3.0
895 897 2.0
895 896 2.0
895 895 2.0
895 894 2.0
895 259 2.0
896 1101 2.0
896 897 2.0
896 896 4.0
896 895 2.0
896 894 2.0
896 259 4.0
897 897 2.0
897 896 2.0
897 895 2.0
897 894 2.0
897 259 2.0
898 1113 1.0
898 23 1.0
898 898 3.0
899 900 2.0
899 899 2.0
900 900 2.0
900 899 2.0
901 903 2.0
901 902 2.0
901 901 2.0
902 903 2.0
902 902 2.0
902 901 2.0
903 903 2.0
903 902 2.0
903 901 2.0
904 994 1.0
904 904 3.0
905 906 2.0
905 905 2.0
906 1120 1.0
906 1111 1.0
906 487 1.0
906 906 5.0
906 905 2.0
907 907 2.0
908 908 2.0
908 870 1.0
909 911 1.0
909 910 3.0
909 909 3.0
910 911 1.0
910 910 3.0
910 909 3.0
911 931 2.0
911 930 2.0
911 911 3.0
911 910 1.0
911 909 1.0
912 590 1.0
912 912 2.0
912 244 2.0
913 978 1.0
913 913 2.0
914 65 1.0
914 914 2.0
915 925 1.0
915 924 1.0
915 916 2.0
915 915 3.0
916 925 1.0
916 924 1.0
916 916 2.0
916 915 2.0
917 918 2.0
917 917 2.0
918 918 2.0
918 917 2.0
919 922 1.0
919 23 1.0
919 921 1.0
919 920 1.0
919 919 2.0
919 240 2.0
920 921 2.0
920 920 3.0
920 919 1.0
920 240 3.0
921 921 2.0
921 920 2.0
921 919 1.0
921 240 2.0
922 919 1.0
922 240 1.0
922 23 1.0
922 922 3.0
923 923 2.0
924 980 1.0
924 347 1.0
924 925 2.0
924 924 3.0
924 916 1.0
924 915 1.0
925 925 2.0
925 924 2.0
925 916 1.0
925 915 1.0
926 1043 2.0
926 927 3.0
926 926 3.0
927 1043 2.0
927 927 3.0
927 926 3.0
928 929 2.0
928 928 4.0
929 929 2.0
929 928 2.0
930 931 2.0
930 930 2.0
930 911 2.0
931 931 2.0
931 930 2.0
931 911 2.0
932 518 1.0
932 932 2.0
932 261 2.0
933 935 2.0
933 934 2.0
933 933 2.0
934 935 2.0
934 934 2.0
934 933 2.0
935 1142 2.0
935 935 4.0
935 934 2.0
935 933 2.0
936 263 1.0
936 936 2.0
936 569 2.0
937 1115 1.0
937 938 1.0
937 937 2.0
937 662 2.0
937 264 2.0
938 954 1.0
938 938 4.0
938 937 1.0
938 662 1.0
938 264 1.0
939 939 2.0
940 1004 1.0
940 940 3.0
940 28 3.0
941 941 2.0
941 552 2.0
942 943 1.0
942 942 2.0
942 268 1.0
942 266 1.0
943 1008 2.0
943 518 2.0
943 261 2.0
943 943 3.0
943 942 1.0
943 268 1.0
943 266 3.0
944 1110 2.0
944 944 3.0
944 50 3.0
945 945 2.0
946 946 2.0
947 264 1.0
947 947 2.0
948 949 1.0
948 948 2.0
948 868 2.0
948 264 2.0
949 959 1.0
949 949 2.0
949 948 1.0
949 868 1.0
949 264 1.0
950 829 2.0
950 319 1.0
950 950 3.0
951 983 1.0
951 564 1.0
951 951 2.0
951 685 2.0
952 953 2.0
952 952 2.0
953 962 2.0
953 953 6.0
953 952 2.0
954 938 1.0
954 954 3.0
955 955 2.0
955 204 2.0
956 398 1.0
956 147 1.0
956 956 2.0
957 957 2.0
958 958 2.0
959 959 4.0
959 949 1.0
960 218 1.0
960 961 1.0
960 960 2.0
961 1133 2.0
961 961 3.0
961 960 1.0
962 962 2.0
962 953 2.0
963 963 2.0
964 246 1.0
964 52 2.0
964 964 3.0
965 965 2.0
966 968 2.0
966 967 2.0
966 966 2.0
967 968 2.0
967 967 2.0
967 966 2.0
968 968 2.0
968 967 2.0
968 966 2.0
969 969 2.0
969 694 1.0
970 1051 1.0
970 381 1.0
970 970 2.0
970 382 2.0
971 971 2.0
971 252 2.0
972 973 1.0
972 972 3.0
972 704 3.0
973 973 2.0
973 972 1.0
973 704 2.0
974 976 2.0
974 975 2.0
974 974 2.0
974 266 2.0
975 976 2.0
975 975 2.0
975 974 2.0
975 266 2.0
976 976 3.0
976 975 2.0
976 974 2.0
976 266 2.0
977 977 2.0
978 978 3.0
978 913 1.0
979 979 2.0
980 530 1.0
980 980 2.0
980 924 1.0
980 347 2.0
981 981 2.0
982 982 2.0
982 578 2.0
983 951 1.0
983 685 1.0
983 564 1.0
983 983 2.0
983 569 1.0
984 1020 2.0
984 1019 2.0
984 1018 2.0
984 569 2.0
984 984 3.0
985 985 2.0
985 490 2.0
986 986 2.0
986 554 2.0
987 987 2.0
987 573 2.0
988 988 2.0
988 865 2.0
989 990 2.0
989 989 2.0
990 990 2.0
990 989 2.0
991 655 1.0
991 991 4.0
992 992 2.0
993 993 2.0
993 26 2.0
994 994 2.0
994 904 1.0
995 997 2.0
995 996 3.0
995 995 3.0
995 869 3.0
996 1014 1.0
996 695 1.0
996 997 2.0
996 996 4.0
996 995 3.0
996 869 3.0
997 997 2.0
997 996 2.0
997 995 2.0
997 869 2.0
998 1015 2.0
998 998 3.0
998 738 3.0
999 999 2.0
999 345 2.0
999 216 2.0
1000 1154 2.0
1000 256 3.0
1000 1000 4.0
1001 50 1.0
1001 1001 2.0
1002 1003 1.0
1002 1002 2.0
1003 1003 2.0
1003 1002 1.0
1004 1069 2.0
1004 192 2.0
1004 1004 3.0
1004 940 1.0
1004 28 1.0
1005 1143 1.0
1005 236 1.0
1005 1005 2.0
1005 223 1.0
1006 439 1.0
1006 1006 2.0
1006 532 2.0
1007 1007 2.0
1007 347 2.0
1008 1008 2.0
1008 943 2.0
1008 518 2.0
1008 266 2.0
1008 261 2.0
1009 1097 1.0
1009 360 1.0
1009 20 1.0
1009 1010 1.0
1009 1009 3.0
1010 1010 2.0
1010 1009 1.0
1011 577 1.0
1011 1011 2.0
1012 1013 2.0
1012 1012 2.0
1012 480 2.0
1013 1013 2.0
1013 1012 2.0
1013 480 2.0
1014 996 1.0
1014 1014 2.0
1014 695 2.0
1015 1015 3.0
1015 998 2.0
1015 738 3.0
1016 1017 2.0
1016 1016 2.0
1016 877 1.0
1017 1017 2.0
1017 1016 2.0
1017 877 1.0
1018 1020 2.0
1018 1019 2.0
1018 1018 2.0
1018 984 2.0
1018 569 2.0
1019 1020 2.0
1019 1019 2.0
1019 1018 2.0
1019 984 2.0
1019 569 2.0
1020 1020 2.0
1020 1019 2.0
1020 1018 2.0
1020 984 2.0
1020 569 2.0
1021 1053 2.0
1021 147 1.0
1021 1021 3.0
1021 788 1.0
1021 724 3.0
1021 168 2.0
1022 1022 2.0
1023 49 1.0
1023 1024 2.0
1023 1023 4.0
1023 517 1.0
1024 1024 2.0
1024 1023 2.0
1024 517 1.0
1025 1025 2.0
1025 663 1.0
1025 661 1.0
1026 1132 1.0
1026 1026 2.0
1026 49 1.0
1027 1027 2.0
1028 1028 2.0
1029 1029 2.0
1030 164 1.0
1030 75 1.0
1030 1030 2.0
1031 1031 2.0
1031 330 2.0
1032 1042 1.0
1032 775 1.0
1032 172 2.0
1032 404 1.0
1032 1032 5.0
1032 507 2.0
1033 1033 2.0
1034 528 1.0
1034 1034 2.0
1034 395 1.0
1035 437 1.0
1035 1037 3.0
1035 1036 1.0
1035 1035 4.0
1035 89 4.0
1035 71 2.0
1036 718 1.0
1036 1037 1.0
1036 1036 2.0
1036 1035 1.0
1036 89 1.0
1036 71 2.0
1037 1037 3.0
1037 1036 1.0
1037 1035 3.0
1037 89 3.0
1037 71 2.0
1038 349 1.0
1038 1039 3.0
1038 1038 3.0
1039 349 1.0
1039 1039 4.0
1039 1038 3.0
1040 1040 2.0
1040 71 2.0
1041 528 1.0
1041 307 1.0
1041 1041 2.0
1042 1032 1.0
1042 1042 2.0
1042 172 2.0
1043 1043 2.0
1043 927 2.0
1043 926 2.0
1044 1044 2.0
1044 58 1.0
1045 1046 2.0
1045 1045 2.0
1045 70 2.0
1046 1046 2.0
1046 1045 2.0
1046 70 2.0
1047 1049 2.0
1047 1048 1.0
1047 1047 2.0
1048 1049 1.0
1048 1048 2.0
1048 1047 1.0
1049 1049 2.0
1049 1048 1.0
1049 1047 2.0
1050 401 1.0
1050 1050 2.0
1050 731 1.0
1050 257 1.0
1051 1051 2.0
1051 970 1.0
1051 382 2.0
1051 381 1.0
1052 1052 2.0
1053 1056 1.0
1053 1053 3.0
1053 1021 2.0
1053 724 2.0
1053 168 1.0
1053 147 2.0
1054 1220 1.0
1054 1054 2.0
1054 75 1.0
1055 1055 2.0
1056 1053 1.0
1056 1056 2.0
1056 147 2.0
1057 137 1.0
1057 1057 2.0
1057 710 1.0
1058 58 1.0
1058 1059 1.0
1058 1058 2.0
1058 357 1.0
1058 356 1.0
1059 1059 3.0
1059 1058 1.0
1059 357 3.0
1059 356 1.0
1060 1061 2.0
1060 1060 2.0
1061 1061 2.0
1061 1060 2.0
1062 1063 2.0
1062 1062 2.0
1063 1063 2.0
1063 1062 2.0
1064 1064 2.0
1065 4 1.0
1065 1065 2.0
1066 1067 2.0
1066 1066 2.0
1067 1067 2.0
1067 1066 2.0
1068 1127 1.0
1068 879 1.0
1068 784 1.0
1068 141 1.0
1068 215 2.0
1068 1068 4.0
1068 48 1.0
1069 1069 2.0
1069 1004 2.0
1069 192 2.0
1070 1070 2.0
1071 569 1.0
1071 1072 2.0
1071 1071 2.0
1071 263 2.0
1072 569 1.0
1072 1072 2.0
1072 1071 2.0
1072 263 2.0
1073 1074 2.0
1073 1073 3.0
1073 110 1.0
1074 1074 3.0
1074 1073 2.0
1075 1075 2.0
1075 521 1.0
1075 195 1.0
1076 1076 2.0
1077 1078 2.0
1077 1077 2.0
1078 1078 2.0
1078 1077 2.0
1079 1079 2.0
1079 246 2.0
1080 1105 2.0
1080 1081 3.0
1080 1080 3.0
1081 1105 2.0
1081 1081 3.0
1081 1080 3.0
1082 1082 2.0
1082 110 2.0
1083 1083 2.0
1083 31 2.0
1084 1084 2.0
1085 759 1.0
1085 1085 2.0
1085 100 1.0
1086 1087 2.0
1086 1086 3.0
1087 1087 2.0
1087 1086 2.0
1088 1088 2.0
1088 661 1.0
1088 336 2.0
1088 257 1.0
1089 1089 2.0
1089 58 2.0
1090 1090 2.0
1090 96 1.0
1090 15 2.0
1091 1093 3.0
1091 1092 2.0
1091 1091 3.0
1092 1093 2.0
1092 1092 2.0
1092 1091 2.0
1093 1093 3.0
1093 1092 2.0
1093 1091 3.0
1094 12 1.0
1094 1094 2.0
1094 26 1.0
1095 1095 2.0
1096 1096 2.0
1096 210 2.0
1097 1009 1.0
1097 20 1.0
1097 1097 2.0
1097 360 2.0
1098 1098 2.0
1099 1099 4.0
1099 408 1.0
1099 227 1.0
1100 287 1.0
1100 1100 2.0
1101 896 2.0
1101 1101 3.0
1101 259 3.0
1102 1103 2.0
1102 1102 2.0
1103 1103 2.0
1103 1102 2.0
1104 1104 2.0
1105 1081 2.0
1105 1080 2.0
1105 1106 1.0
1105 1105 3.0
1106 741 1.0
1106 388 1.0
1106 1106 2.0
1106 1105 1.0
1107 1107 2.0
1107 110 2.0
1108 1150 1.0
1108 1108 3.0
1108 213 3.0
1109 1109 2.0
1109 24 2.0
1110 1110 2.0
1110 944 2.0
1110 50 2.0
1111 906 1.0
1111 1111 2.0
1111 161 1.0
1112 1112 4.0
1113 898 1.0
1113 23 1.0
1113 1113 3.0
1114 1114 2.0
1114 887 1.0
1115 937 1.0
1115 662 1.0
1115 264 1.0
1115 1115 2.0
1116 1116 2.0
1116 568 2.0
1117 368 1.0
1117 263 1.0
1117 1118 2.0
1117 1117 3.0
1117 237 2.0
1118 1118 2.0
1118 1117 2.0
1118 237 1.0
1119 88 1.0
1119 1119 2.0
1120 906 1.0
1120 1120 2.0
1121 1126 1.0
1121 1121 2.0
1121 598 2.0
1122 1123 2.0
1122 1122 3.0
1123 1123 2.0
1123 1122 2.0
1124 1124 2.0
1124 598 1.0
1125 348 1.0
1125 1125 3.0
1126 1121 1.0
1126 1126 2.0
1126 598 2.0
1127 440 1.0
1127 1127 2.0
1127 1068 1.0
1127 879 1.0
1127 784 1.0
1127 141 1.0
1128 1128 2.0
1129 1131 2.0
1129 1130 2.0
1129 1129 2.0
1130 1131 2.0
1130 1130 2.0
1130 1129 2.0
1131 1131 2.0
1131 1130 2.0
1131 1129 2.0
1132 1132 2.0
1132 1026 1.0
1133 1133 2.0
1133 961 2.0
1134 1135 2.0
1134 1134 2.0
1135 1139 1.0
1135 1135 3.0
1135 1134 2.0
1136 1136 2.0
1137 1137 2.0
1138 590 1.0
1138 10 1.0
1138 1138 2.0
1139 1135 1.0
1139 1139 2.0
1140 1140 2.0
1140 540 2.0
1141 1141 2.0
1142 1142 2.0
1142 935 2.0
1143 1005 1.0
1143 236 1.0
1143 1143 2.0
1143 96 1.0
1144 1144 3.0
1144 688 3.0
1144 36 2.0
1145 1166 2.0
1145 1145 4.0
1146 1146 2.0
1147 1147 2.0
1147 284 1.0
1147 19 2.0
1148 1148 2.0
1149 1149 2.0
1149 693 1.0
1150 1193 1.0
1150 1150 2.0
1150 1108 1.0
1150 213 2.0
1151 1151 3.0
1152 1152 2.0
1153 1201 1.0
1153 645 1.0
1153 611 1.0
1153 456 1.0
1153 1153 2.0
1154 1154 2.0
1154 1000 2.0
1154 256 2.0
1155 1156 2.0
1155 1155 2.0
1155 349 2.0
1156 1156 2.0
1156 1155 2.0
1156 349 2.0
1157 559 1.0
1157 1162 2.0
1157 1161 2.0
1157 1160 2.0
1157 1159 4.0
1157 1158 1.0
1157 1157 5.0
1158 1159 1.0
1158 1158 2.0
1158 1157 1.0
1159 1162 1.0
1159 559 1.0
1159 1161 2.0
1159 1160 1.0
1159 1159 4.0
1159 1158 1.0
1159 1157 4.0
1160 1162 1.0
1160 1161 1.0
1160 1160 2.0
1160 1159 1.0
1160 1157 2.0
1161 1162 1.0
1161 559 1.0
1161 1161 2.0
1161 1160 1.0
1161 1159 2.0
1161 1157 2.0
1162 1161 1.0
1162 1159 1.0
1162 559 1.0
1162 1162 2.0
1162 1160 1.0
1162 1157 2.0
1163 1163 2.0
1163 359 2.0
1164 1164 2.0
1165 1165 2.0
1166 1166 2.0
1166 1145 2.0
1167 1168 2.0
1167 1167 2.0
1167 485 2.0
1167 4 2.0
1168 1168 2.0
1168 1167 2.0
1168 485 2.0
1168 4 2.0
1169 1169 2.0
1169 209 2.0
1170 1170 2.0
1171 1172 2.0
1171 1171 2.0
1171 505 2.0
1171 82 2.0
1172 1172 2.0
1172 1171 2.0
1172 505 2.0
1172 82 2.0
1173 1173 2.0
1173 403 1.0
1174 1175 2.0
1174 1174 2.0
1175 1175 2.0
1175 1174 2.0
1176 797 1.0
1176 68 1.0
1176 1176 2.0
1176 34 1.0
1177 1177 3.0
1178 281 1.0
1178 1179 2.0
1178 1178 2.0
1178 98 2.0
1179 281 1.0
1179 1179 2.0
1179 1178 2.0
1179 98 2.0
1180 58 1.0
1180 1181 1.0
1180 1180 3.0
1180 290 1.0
1180 279 1.0
1181 1181 2.0
1181 1180 1.0
1181 290 1.0
1181 279 1.0
1182 205 1.0
1182 1182 2.0
1182 486 1.0
1183 1183 2.0
1184 1184 2.0
1184 626 2.0
1185 1185 2.0
1185 101 2.0
1186 1186 2.0
1187 1187 2.0
1188 1188 2.0
1188 211 1.0
1189 223 1.0
1189 1190 2.0
1189 1189 2.0
1190 223 1.0
1190 1190 2.0
1190 1189 2.0
1191 1192 2.0
1191 1191 2.0
1192 1192 2.0
1192 1191 2.0
1193 1150 1.0
1193 1193 2.0
1193 540 1.0
1193 213 2.0
1193 50 1.0
1194 1194 2.0
1194 816 1.0
1195 1197 2.0
1195 1196 2.0
1195 1195 2.0
1196 1197 2.0
1196 1196 2.0
1196 1195 2.0
1197 1197 3.0
1197 1196 2.0
1197 1195 2.0
1198 643 1.0
1198 642 1.0
1198 310 1.0
1198 1198 2.0
1198 820 2.0
1199 1199 2.0
1200 150 1.0
1200 1200 2.0
1201 133 1.0
1201 1153 1.0
1201 645 1.0
1201 611 1.0
1201 456 1.0
1201 1201 3.0
1201 455 1.0
1202 1202 2.0
1203 1204 2.0
1203 1203 2.0
1203 465 2.0
1204 1204 2.0
1204 1203 2.0
1204 465 2.0
1205 1206 1.0
1205 1205 2.0
1205 612 1.0
1205 308 1.0
1205 146 1.0
1205 135 1.0
1206 1206 2.0
1206 1205 1.0
1206 612 1.0
1206 308 1.0
1206 146 1.0
1206 135 1.0
1207 466 1.0
1207 1208 2.0
1207 1207 3.0
1207 838 3.0
1208 466 1.0
1208 1208 2.0
1208 1207 2.0
1208 838 2.0
1209 1209 2.0
1210 321 1.0
1210 1210 2.0
1210 78 1.0
1211 1211 2.0
1211 772 1.0
1212 1212 3.0
1212 269 2.0
1213 1217 2.0
1213 1216 2.0
1213 1215 2.0
1213 1214 2.0
1213 1213 2.0
1214 1217 2.0
1214 1216 2.0
1214 1215 2.0
1214 1214 2.0
1214 1213 2.0
1215 1217 2.0
1215 1216 2.0
1215 1215 2.0
1215 1214 2.0
1215 1213 2.0
1216 1217 2.0
1216 1216 2.0
1216 1215 2.0
1216 1214 2.0
1216 1213 2.0
1217 1217 2.0
1217 1216 2.0
1217 1215 2.0
1217 1214 2.0
1217 1213 2.0
1218 846 1.0
1218 1218 2.0
1218 465 2.0
1219 1223 1.0
1219 1219 2.0
1219 141 1.0
1220 1220 2.0
1220 1054 1.0
1221 1222 2.0
1221 1221 2.0
1221 722 1.0
1221 611 1.0
1222 1222 2.0
1222 1221 2.0
1222 722 1.0
1222 611 1.0
1223 1227 1.0
1223 1223 2.0
1223 1219 1.0
1224 1225 2.0
1224 1224 2.0
1224 825 2.0
1224 452 1.0
1225 1225 2.0
1225 1224 2.0
1225 825 2.0
1225 452 1.0
1226 1226 2.0
1226 856 2.0
1227 1223 1.0
1227 1227 2.0
1228 337 1.0
1228 1229 2.0
1228 1228 2.0
1228 139 1.0
1229 337 1.0
1229 1229 2.0
1229 1228 2.0
1229 139 1.0
