1476 1476
2 2 1.0
3 800 1.0
3 624 1.0
3 761 3.0
3 3 5.0
4 4 2.0
5 5 1.0
6 6 3.0
8 8 1.0
10 10 2.0
11 11 1.0
15 1445 1.0
15 1444 2.0
15 1322 2.0
15 60 2.0
15 801 1.0
15 1380 1.0
15 1090 1.0
15 15 4.0
19 1147 2.0
19 19 4.0
22 22 1.0
23 1187 1.0
23 392 1.0
23 23 4.0
24 24 1.0
25 25 1.0
26 1247 2.0
26 993 3.0
26 271 1.0
26 26 4.0
28 330 1.0
28 74 1.0
28 28 2.0
31 1083 1.0
31 1377 2.0
31 31 3.0
33 33 3.0
36 1002 1.0
36 668 1.0
36 36 2.0
37 1404 2.0
37 206 1.0
37 1236 1.0
37 1235 1.0
37 37 3.0
38 38 2.0
44 1281 1.0
44 83 1.0
44 44 1.0
45 45 3.0
49 1023 1.0
49 49 1.0
50 1110 1.0
50 1309 2.0
50 50 5.0
53 1414 1.0
53 1358 1.0
53 1326 2.0
53 752 3.0
53 1325 2.0
53 53 5.0
54 370 1.0
54 54 1.0
55 161 1.0
55 55 1.0
57 1380 1.0
57 1379 2.0
57 187 1.0
57 57 3.0
58 1443 2.0
58 1442 2.0
58 1089 2.0
58 1385 2.0
58 1384 2.0
58 885 1.0
58 884 1.0
58 882 1.0
58 880 1.0
58 58 8.0
60 633 1.0
60 1435 1.0
60 99 1.0
60 1446 1.0
60 1388 1.0
60 801 1.0
60 1445 2.0
60 1444 2.0
60 1322 2.0
60 60 7.0
60 15 2.0
62 1277 1.0
62 1440 2.0
62 760 1.0
62 1437 1.0
62 755 2.0
62 1399 1.0
62 210 1.0
62 62 5.0
65 1250 1.0
65 914 1.0
65 666 1.0
65 661 1.0
65 65 2.0
67 621 1.0
67 67 1.0
68 68 1.0
69 83 1.0
69 69 2.0
70 337 1.0
70 83 1.0
70 1420 1.0
70 1348 1.0
70 329 1.0
70 172 1.0
70 1395 2.0
70 1046 2.0
70 1045 2.0
70 1370 1.0
70 1352 1.0
70 185 2.0
70 1366 2.0
70 1363 1.0
70 616 2.0
70 1056 2.0
70 1053 2.0
70 1171 1.0
70 82 3.0
70 507 1.0
70 70 14.0
71 1435 1.0
71 1412 1.0
71 718 1.0
71 1037 2.0
71 1035 2.0
71 89 2.0
71 1342 2.0
71 1036 1.0
71 1322 1.0
71 71 5.0
73 787 1.0
73 1430 2.0
73 1429 1.0
73 1417 2.0
73 73 5.0
74 1431 1.0
74 1362 1.0
74 956 1.0
74 147 1.0
74 28 1.0
74 74 3.0
75 788 1.0
75 611 1.0
75 75 2.0
78 844 1.0
78 309 1.0
78 1210 1.0
78 211 1.0
78 78 4.0
79 1467 1.0
79 464 1.0
79 79 1.0
82 740 2.0
82 1433 1.0
82 505 1.0
82 1426 2.0
82 1172 5.0
82 1170 1.0
82 1420 2.0
82 1348 2.0
82 1171 4.0
82 82 10.0
82 70 3.0
83 1370 2.0
83 1352 2.0
83 1032 1.0
83 337 1.0
83 185 1.0
83 70 1.0
83 69 1.0
83 1281 1.0
83 83 6.0
83 44 1.0
84 85 2.0
84 84 2.0
85 85 2.0
85 84 2.0
86 1423 2.0
86 1422 2.0
86 1421 2.0
86 1321 1.0
86 1320 1.0
86 1319 1.0
86 1318 1.0
86 682 1.0
86 86 6.0
88 1119 1.0
88 497 1.0
88 88 2.0
89 1073 1.0
89 1435 1.0
89 1037 3.0
89 71 2.0
89 1035 4.0
89 517 1.0
89 89 4.0
91 730 1.0
91 191 1.0
91 91 1.0
97 1383 1.0
97 1382 1.0
97 623 1.0
97 100 1.0
97 97 1.0
98 98 1.0
99 60 1.0
99 1402 3.0
99 1074 3.0
99 99 5.0
100 97 1.0
100 1383 2.0
100 1382 2.0
100 623 2.0
100 100 2.0
101 389 1.0
101 1257 1.0
101 755 1.0
101 101 2.0
103 811 1.0
103 103 1.0
104 888 1.0
104 206 1.0
104 104 1.0
105 1396 1.0
105 105 4.0
107 107 1.0
109 430 1.0
109 1257 1.0
109 109 3.0
110 1450 1.0
110 370 1.0
110 1402 1.0
110 1074 1.0
110 1073 1.0
110 110 3.0
111 112 2.0
111 111 2.0
112 112 2.0
112 111 2.0
120 120 1.0
123 793 1.0
123 123 2.0
127 465 1.0
127 127 2.0
128 133 1.0
128 128 1.0
132 132 1.0
133 133 1.0
133 128 1.0
135 1472 1.0
135 828 1.0
135 582 1.0
135 1457 1.0
135 1456 2.0
135 1455 2.0
135 135 3.0
137 1057 1.0
137 137 1.0
141 784 1.0
141 1454 2.0
141 308 1.0
141 141 5.0
147 74 1.0
147 1056 2.0
147 1431 2.0
147 439 1.0
147 284 1.0
147 956 2.0
147 1412 1.0
147 1362 3.0
147 732 3.0
147 147 8.0
150 1232 1.0
150 561 1.0
150 150 3.0
153 153 1.0
158 722 1.0
158 158 1.0
159 495 1.0
159 1246 2.0
159 1245 4.0
159 159 4.0
161 161 2.0
161 55 1.0
164 1327 1.0
164 474 1.0
164 164 1.0
165 1301 1.0
165 879 1.0
165 165 2.0
167 1346 1.0
167 339 1.0
167 167 2.0
168 1021 1.0
168 1359 2.0
168 724 4.0
168 168 4.0
172 1366 1.0
172 616 2.0
172 70 1.0
172 1409 1.0
172 1341 5.0
172 1340 5.0
172 350 1.0
172 172 9.0
178 786 1.0
178 1369 1.0
178 185 1.0
178 184 1.0
178 178 3.0
184 185 1.0
184 184 1.0
184 178 1.0
185 83 1.0
185 1370 1.0
185 1352 1.0
185 70 2.0
185 184 1.0
185 178 1.0
185 1334 1.0
185 780 1.0
185 337 2.0
185 185 4.0
187 1380 1.0
187 1379 1.0
187 187 2.0
187 57 1.0
190 190 1.0
191 730 1.0
191 191 1.0
191 91 1.0
192 893 1.0
192 1308 1.0
192 1117 1.0
192 263 1.0
192 904 1.0
192 1293 4.0
192 1256 2.0
192 213 2.0
192 1069 1.0
192 1004 2.0
192 192 9.0
195 540 1.0
195 195 2.0
198 198 1.0
201 1387 1.0
201 1386 1.0
201 1312 1.0
201 1285 2.0
201 1284 2.0
201 201 4.0
203 734 1.0
203 203 1.0
204 1095 1.0
204 204 1.0
205 1188 1.0
205 1401 2.0
205 749 1.0
205 205 3.0
206 327 1.0
206 220 1.0
206 1404 1.0
206 37 1.0
206 104 1.0
206 1378 1.0
206 888 2.0
206 206 4.0
207 415 1.0
207 207 2.0
208 208 1.0
209 279 1.0
209 209 1.0
210 1096 1.0
210 1437 1.0
210 1399 2.0
210 62 1.0
210 1375 2.0
210 1278 2.0
210 1277 1.0
210 760 3.0
210 210 7.0
211 78 1.0
211 1410 1.0
211 439 1.0
211 369 1.0
211 211 4.0
213 1293 1.0
213 1256 2.0
213 213 2.0
213 192 2.0
214 214 1.0
216 216 3.0
217 217 1.0
218 960 1.0
218 1273 3.0
218 1249 2.0
218 1230 2.0
218 218 12.0
220 327 1.0
220 220 1.0
220 206 1.0
223 892 1.0
223 244 1.0
223 223 2.0
227 227 1.0
229 229 1.0
231 1151 1.0
231 231 1.0
234 234 1.0
236 1115 1.0
236 938 1.0
236 236 2.0
237 237 2.0
238 560 2.0
238 238 2.0
239 239 2.0
240 857 1.0
240 996 1.0
240 240 2.0
241 241 1.0
244 244 1.0
244 223 1.0
246 1312 1.0
246 297 1.0
246 1079 1.0
246 956 1.0
246 246 2.0
252 252 2.0
256 1000 1.0
256 256 3.0
257 663 1.0
257 257 1.0
259 894 1.0
259 554 1.0
259 259 1.0
261 1008 1.0
261 943 1.0
261 266 1.0
261 932 1.0
261 518 2.0
261 261 5.0
263 1392 1.0
263 569 1.0
263 1406 1.0
263 1072 2.0
263 1071 1.0
263 1004 1.0
263 940 1.0
263 1310 2.0
263 418 1.0
263 1308 1.0
263 1117 1.0
263 263 5.0
263 192 1.0
264 949 1.0
264 948 1.0
264 868 1.0
264 264 1.0
266 1008 1.0
266 943 1.0
266 518 1.0
266 266 1.0
266 261 1.0
269 269 1.0
271 1247 1.0
271 993 1.0
271 271 1.0
271 26 1.0
273 273 1.0
278 278 1.0
279 804 1.0
279 1446 1.0
279 279 4.0
279 209 1.0
283 283 1.0
284 531 1.0
284 530 1.0
284 1431 1.0
284 732 1.0
284 439 1.0
284 147 1.0
284 284 3.0
293 418 1.0
293 293 3.0
295 295 1.0
297 1312 1.0
297 297 1.0
297 246 1.0
299 299 1.0
301 590 1.0
301 302 1.0
301 301 2.0
302 302 2.0
302 301 1.0
303 765 2.0
303 764 2.0
303 303 3.0
306 306 1.0
307 307 1.0
308 308 1.0
308 141 1.0
309 78 1.0
309 309 2.0
310 641 1.0
310 310 2.0
322 1475 2.0
322 322 2.0
323 453 1.0
323 1468 2.0
323 1466 4.0
323 1465 3.0
323 454 3.0
323 451 4.0
323 323 4.0
326 722 1.0
326 1332 1.0
326 1331 1.0
326 611 2.0
326 456 1.0
326 326 2.0
327 220 1.0
327 206 1.0
327 484 1.0
327 327 2.0
329 70 1.0
329 666 2.0
329 1371 2.0
329 1333 2.0
329 329 4.0
330 330 2.0
330 28 1.0
336 1415 2.0
336 1088 1.0
336 811 1.0
336 336 3.0
337 83 1.0
337 70 1.0
337 1334 1.0
337 780 1.0
337 337 3.0
337 185 2.0
338 338 2.0
339 167 1.0
339 1346 3.0
339 1345 2.0
339 339 3.0
340 1283 1.0
340 1313 1.0
340 551 1.0
340 340 2.0
342 342 1.0
346 482 1.0
346 1296 3.0
346 1283 1.0
346 346 6.0
347 1349 1.0
347 727 1.0
347 1339 1.0
347 1347 2.0
347 728 2.0
347 726 3.0
347 510 4.0
347 980 1.0
347 713 1.0
347 347 5.0
348 1272 1.0
348 1265 1.0
348 1264 1.0
348 348 1.0
349 1156 1.0
349 1324 1.0
349 1323 2.0
349 349 5.0
350 1341 1.0
350 1340 1.0
350 350 1.0
350 172 1.0
351 351 2.0
354 354 1.0
355 355 1.0
360 1009 1.0
360 360 1.0
366 1287 2.0
366 366 2.0
367 961 1.0
367 367 1.0
369 1429 1.0
369 438 1.0
369 1410 1.0
369 439 1.0
369 369 2.0
369 211 1.0
370 54 1.0
370 110 1.0
370 1450 2.0
370 1403 1.0
370 543 1.0
370 1257 1.0
370 370 5.0
375 375 1.0
376 376 1.0
381 381 1.0
382 1051 2.0
382 382 3.0
387 387 2.0
389 389 1.0
389 101 1.0
391 1414 1.0
391 1358 1.0
391 391 2.0
392 23 1.0
392 1335 2.0
392 392 3.0
395 395 2.0
396 396 2.0
398 398 1.0
400 400 2.0
401 748 1.0
401 401 1.0
403 1354 1.0
403 1344 1.0
403 403 1.0
404 404 2.0
405 1271 1.0
405 1270 1.0
405 420 1.0
405 419 1.0
405 405 1.0
406 1271 1.0
406 406 1.0
408 408 2.0
414 414 2.0
415 415 1.0
415 207 1.0
418 293 1.0
418 1310 1.0
418 418 3.0
418 263 1.0
419 1449 1.0
419 1276 1.0
419 1271 1.0
419 1270 1.0
419 420 1.0
419 419 4.0
419 405 1.0
420 1448 2.0
420 1271 1.0
420 1270 3.0
420 420 5.0
420 419 1.0
420 405 1.0
426 426 1.0
428 428 1.0
429 1397 1.0
429 429 1.0
430 430 1.0
430 109 1.0
432 1432 1.0
432 519 1.0
432 432 1.0
433 1291 1.0
433 433 2.0
434 813 1.0
434 434 1.0
438 1429 1.0
438 369 1.0
438 757 1.0
438 438 4.0
439 1431 1.0
439 732 1.0
439 284 1.0
439 147 1.0
439 1410 2.0
439 439 3.0
439 369 1.0
439 211 1.0
446 1464 2.0
446 721 1.0
446 448 1.0
446 446 3.0
448 448 1.0
448 446 1.0
451 453 1.0
451 1468 2.0
451 1466 4.0
451 1465 3.0
451 454 3.0
451 451 4.0
451 323 4.0
453 1466 1.0
453 453 1.0
453 451 1.0
453 323 1.0
454 1468 2.0
454 1466 3.0
454 1465 3.0
454 454 3.0
454 451 3.0
454 323 3.0
455 1471 2.0
455 455 2.0
456 1332 1.0
456 1331 1.0
456 611 1.0
456 456 1.0
456 326 1.0
464 1467 1.0
464 464 1.0
464 79 1.0
465 1203 1.0
465 127 1.0
465 1218 1.0
465 846 1.0
465 465 5.0
466 1434 2.0
466 466 3.0
467 509 1.0
467 467 1.0
474 1327 1.0
474 474 1.0
474 164 1.0
482 482 1.0
482 346 1.0
484 484 1.0
484 327 1.0
487 1282 2.0
487 487 4.0
488 488 2.0
490 490 1.0
492 492 1.0
495 1246 1.0
495 1245 1.0
495 495 1.0
495 159 1.0
496 496 1.0
497 497 1.0
497 88 1.0
498 499 1.0
498 498 1.0
499 499 1.0
499 498 1.0
500 500 1.0
503 504 1.0
503 503 1.0
504 504 1.0
504 503 1.0
505 1172 1.0
505 1171 1.0
505 505 1.0
505 82 1.0
507 1032 1.0
507 507 3.0
507 70 1.0
508 508 2.0
509 467 1.0
509 780 1.0
509 509 2.0
510 727 1.0
510 1349 2.0
510 1347 2.0
510 1339 2.0
510 737 1.0
510 728 3.0
510 726 4.0
510 510 6.0
510 347 4.0
511 1337 2.0
511 1336 1.0
511 511 3.0
513 516 2.0
513 514 1.0
513 513 2.0
514 516 1.0
514 514 1.0
514 513 1.0
516 516 2.0
516 514 1.0
516 513 2.0
517 1024 1.0
517 1023 1.0
517 1035 1.0
517 517 2.0
517 89 1.0
518 1008 1.0
518 943 1.0
518 266 1.0
518 261 2.0
518 665 1.0
518 518 5.0
519 1432 1.0
519 432 1.0
519 519 2.0
527 527 1.0
530 531 2.0
530 284 1.0
530 1411 2.0
530 727 1.0
530 530 6.0
531 531 2.0
531 530 2.0
531 284 1.0
540 195 1.0
540 599 1.0
540 540 2.0
543 1403 1.0
543 543 1.0
543 370 1.0
547 1324 1.0
547 1387 1.0
547 1386 1.0
547 1398 2.0
547 547 3.0
549 549 1.0
551 1313 1.0
551 551 1.0
551 340 1.0
552 941 1.0
552 552 2.0
554 1295 2.0
554 894 1.0
554 554 4.0
554 259 1.0
555 555 1.0
558 1400 2.0
558 1293 1.0
558 558 2.0
560 560 2.0
560 238 2.0
561 1258 2.0
561 562 2.0
561 1232 1.0
561 561 3.0
561 150 1.0
562 1258 2.0
562 562 2.0
562 561 2.0
564 1243 1.0
564 564 2.0
569 263 1.0
569 1392 2.0
569 1072 2.0
569 1243 1.0
569 983 1.0
569 569 3.0
574 574 1.0
578 1240 1.0
578 982 1.0
578 578 3.0
582 1456 1.0
582 1455 1.0
582 582 2.0
582 135 1.0
585 586 1.0
585 585 1.0
586 586 1.0
586 585 1.0
590 590 2.0
590 301 1.0
592 592 1.0
596 596 1.0
597 597 1.0
599 599 1.0
599 540 1.0
603 603 1.0
605 605 2.0
606 1469 1.0
606 606 2.0
611 1222 1.0
611 722 2.0
611 788 1.0
611 75 1.0
611 1332 1.0
611 1331 1.0
611 611 4.0
611 456 1.0
611 326 2.0
612 821 1.0
612 612 1.0
613 613 1.0
616 1341 1.0
616 1340 1.0
616 172 2.0
616 1366 2.0
616 1363 1.0
616 616 3.0
616 70 2.0
620 620 1.0
621 621 1.0
621 67 1.0
623 97 1.0
623 1383 2.0
623 1382 2.0
623 100 2.0
623 810 1.0
623 623 3.0
624 624 1.0
624 3 1.0
627 627 1.0
629 629 1.0
630 630 2.0
631 631 1.0
632 1419 2.0
632 1418 2.0
632 632 2.0
633 1445 1.0
633 633 1.0
633 60 1.0
634 634 1.0
641 641 1.0
641 310 1.0
651 652 1.0
651 651 2.0
652 652 1.0
652 651 1.0
654 655 2.0
654 654 2.0
655 655 2.0
655 654 2.0
660 1364 1.0
660 660 2.0
661 666 1.0
661 661 1.0
661 65 1.0
663 663 1.0
663 257 1.0
665 665 1.0
665 518 1.0
666 1371 1.0
666 1333 1.0
666 329 2.0
666 661 1.0
666 65 1.0
666 666 4.0
668 1002 1.0
668 668 1.0
668 36 1.0
669 692 1.0
669 669 1.0
673 673 1.0
681 714 2.0
681 681 2.0
682 682 1.0
682 86 1.0
692 692 1.0
692 669 1.0
693 693 1.0
694 1255 1.0
694 969 1.0
694 694 1.0
697 1313 1.0
697 697 1.0
703 1269 2.0
703 1268 2.0
703 1267 2.0
703 703 3.0
704 972 1.0
704 704 1.0
706 706 1.0
707 707 2.0
708 708 1.0
713 1368 2.0
713 1367 2.0
713 980 1.0
713 347 1.0
713 713 4.0
714 714 2.0
714 681 2.0
718 1412 1.0
718 1342 1.0
718 718 1.0
718 71 1.0
721 1464 1.0
721 721 1.0
721 446 1.0
722 326 1.0
722 1222 1.0
722 611 2.0
722 158 1.0
722 1331 1.0
722 722 4.0
723 723 1.0
724 1021 1.0
724 1359 2.0
724 724 4.0
724 168 4.0
726 727 1.0
726 1349 2.0
726 1347 1.0
726 728 3.0
726 726 4.0
726 510 4.0
726 347 3.0
727 530 1.0
727 1349 1.0
727 728 1.0
727 727 2.0
727 726 1.0
727 510 1.0
727 347 1.0
728 727 1.0
728 1349 2.0
728 728 3.0
728 726 3.0
728 510 3.0
728 347 2.0
730 730 1.0
730 191 1.0
730 91 1.0
732 1431 1.0
732 439 1.0
732 284 1.0
732 1412 1.0
732 1362 1.0
732 732 3.0
732 147 3.0
734 734 1.0
734 203 1.0
737 1339 1.0
737 737 1.0
737 510 1.0
738 998 2.0
738 738 2.0
740 1172 1.0
740 1171 1.0
740 740 2.0
740 82 2.0
747 747 1.0
748 748 1.0
748 401 1.0
749 749 1.0
749 205 1.0
750 1378 1.0
750 750 1.0
752 1326 1.0
752 752 3.0
752 53 3.0
753 754 1.0
753 753 1.0
754 754 1.0
754 753 1.0
755 1440 1.0
755 760 1.0
755 1437 1.0
755 62 2.0
755 1257 1.0
755 755 3.0
755 101 1.0
756 1252 2.0
756 756 4.0
757 438 1.0
757 1292 1.0
757 1118 1.0
757 1117 1.0
757 944 1.0
757 757 3.0
760 1440 1.0
760 755 1.0
760 62 1.0
760 1375 2.0
760 1278 1.0
760 1277 1.0
760 760 4.0
760 210 3.0
761 761 3.0
761 3 3.0
764 765 1.0
764 764 2.0
764 303 2.0
765 764 1.0
765 765 2.0
765 303 2.0
769 795 1.0
769 794 1.0
769 769 1.0
780 1334 1.0
780 337 1.0
780 185 1.0
780 780 2.0
780 509 1.0
784 1454 1.0
784 141 1.0
784 1268 1.0
784 784 3.0
786 786 2.0
786 178 1.0
787 1430 1.0
787 787 1.0
787 73 1.0
788 788 1.0
788 611 1.0
788 75 1.0
793 793 1.0
793 123 1.0
794 795 1.0
794 794 1.0
794 769 1.0
795 795 1.0
795 794 1.0
795 769 1.0
796 796 1.0
800 800 1.0
800 3 1.0
801 1446 1.0
801 1388 1.0
801 60 1.0
801 801 2.0
801 15 1.0
804 804 1.0
804 279 1.0
810 810 1.0
810 623 1.0
811 1183 1.0
811 103 1.0
811 1088 1.0
811 811 4.0
811 336 1.0
813 813 1.0
813 434 1.0
815 1438 1.0
815 815 1.0
816 816 1.0
817 818 1.0
817 817 1.0
818 818 1.0
818 817 1.0
820 1459 1.0
820 1198 1.0
820 820 2.0
821 821 1.0
821 612 1.0
822 822 1.0
824 825 1.0
824 824 1.0
825 825 2.0
825 824 1.0
828 1472 1.0
828 828 1.0
828 135 1.0
829 1459 1.0
829 829 1.0
830 830 1.0
833 833 1.0
836 836 1.0
838 838 1.0
844 78 1.0
844 844 2.0
846 1218 1.0
846 846 1.0
846 465 1.0
853 853 1.0
856 1458 1.0
856 1474 2.0
856 1473 2.0
856 856 4.0
857 857 1.0
857 240 1.0
858 861 1.0
858 860 1.0
858 858 1.0
860 861 1.0
860 860 1.0
860 858 1.0
861 861 1.0
861 860 1.0
861 858 1.0
863 863 2.0
864 864 2.0
865 988 1.0
865 865 2.0
866 866 2.0
868 949 1.0
868 948 1.0
868 868 1.0
868 264 1.0
879 879 1.0
879 165 1.0
880 885 1.0
880 884 1.0
880 882 1.0
880 880 1.0
880 58 1.0
882 885 1.0
882 884 1.0
882 882 1.0
882 880 1.0
882 58 1.0
884 885 1.0
884 884 1.0
884 882 1.0
884 880 1.0
884 58 1.0
885 885 1.0
885 884 1.0
885 882 1.0
885 880 1.0
885 58 1.0
888 104 1.0
888 1378 1.0
888 888 2.0
888 206 2.0
891 891 1.0
892 892 1.0
892 223 1.0
893 1004 1.0
893 893 1.0
893 192 1.0
894 894 1.0
894 554 1.0
894 259 1.0
898 898 1.0
904 1293 1.0
904 904 1.0
904 192 1.0
907 907 1.0
908 908 1.0
909 910 1.0
909 909 1.0
910 910 1.0
910 909 1.0
914 1250 1.0
914 65 1.0
914 914 2.0
915 1265 1.0
915 924 1.0
915 915 1.0
924 1265 1.0
924 924 1.0
924 915 1.0
928 928 1.0
932 932 1.0
932 261 1.0
938 1115 1.0
938 938 2.0
938 236 1.0
940 1310 1.0
940 1004 1.0
940 940 1.0
940 263 1.0
941 941 1.0
941 552 1.0
942 942 1.0
943 1008 1.0
943 943 1.0
943 518 1.0
943 266 1.0
943 261 1.0
944 944 1.0
944 757 1.0
948 949 1.0
948 948 1.0
948 868 1.0
948 264 1.0
949 949 1.0
949 948 1.0
949 868 1.0
949 264 1.0
951 951 1.0
952 953 1.0
952 952 1.0
953 953 1.0
953 952 1.0
954 954 1.0
956 1431 1.0
956 1362 1.0
956 74 1.0
956 147 2.0
956 1079 1.0
956 956 3.0
956 246 1.0
958 958 1.0
959 959 1.0
960 218 1.0
960 961 1.0
960 960 2.0
961 960 1.0
961 961 2.0
961 367 1.0
964 1472 1.0
964 1457 1.0
964 964 1.0
965 965 1.0
969 1255 1.0
969 969 1.0
969 694 1.0
970 970 1.0
972 972 1.0
972 704 1.0
976 1260 1.0
976 1259 1.0
976 976 1.0
980 980 1.0
980 713 1.0
980 347 1.0
981 981 1.0
982 982 1.0
982 578 1.0
983 1243 1.0
983 983 1.0
983 569 1.0
985 1159 1.0
985 1157 1.0
985 985 1.0
988 988 1.0
988 865 1.0
993 1247 1.0
993 993 3.0
993 271 1.0
993 26 3.0
994 994 1.0
996 996 1.0
996 240 1.0
998 998 2.0
998 738 2.0
1000 1000 1.0
1000 256 1.0
1001 1001 2.0
1002 1002 1.0
1002 668 1.0
1002 36 1.0
1004 1310 1.0
1004 940 1.0
1004 263 1.0
1004 893 1.0
1004 1069 1.0
1004 1004 3.0
1004 192 2.0
1008 1008 1.0
1008 943 1.0
1008 518 1.0
1008 266 1.0
1008 261 1.0
1009 1009 1.0
1009 360 1.0
1021 1359 2.0
1021 1021 2.0
1021 724 1.0
1021 168 1.0
1023 49 1.0
1023 1024 2.0
1023 1023 3.0
1023 517 1.0
1024 1024 2.0
1024 1023 2.0
1024 517 1.0
1027 1290 2.0
1027 1027 2.0
1032 1370 1.0
1032 1352 1.0
1032 83 1.0
1032 1032 2.0
1032 507 1.0
1035 1073 1.0
1035 1435 1.0
1035 1037 3.0
1035 71 2.0
1035 1035 4.0
1035 517 1.0
1035 89 4.0
1036 1342 1.0
1036 1036 1.0
1036 71 1.0
1037 1073 1.0
1037 1435 1.0
1037 1037 3.0
1037 1035 3.0
1037 89 3.0
1037 71 2.0
1045 1395 2.0
1045 1046 2.0
1045 1045 2.0
1045 70 2.0
1046 1395 2.0
1046 1045 2.0
1046 70 2.0
1046 1311 1.0
1046 1046 3.0
1047 1049 1.0
1047 1047 1.0
1048 1327 1.0
1048 1048 1.0
1049 1049 1.0
1049 1047 1.0
1051 1051 2.0
1051 382 2.0
1052 1052 1.0
1053 1056 2.0
1053 1053 2.0
1053 70 2.0
1055 1427 1.0
1055 1055 1.0
1056 147 2.0
1056 1056 4.0
1056 1053 2.0
1056 70 2.0
1057 1057 1.0
1057 137 1.0
1069 1069 1.0
1069 1004 1.0
1069 192 1.0
1070 1070 1.0
1071 1406 1.0
1071 1072 1.0
1071 1071 1.0
1071 263 1.0
1072 1406 1.0
1072 1071 1.0
1072 263 2.0
1072 1392 2.0
1072 1072 3.0
1072 569 2.0
1073 1037 1.0
1073 1035 1.0
1073 89 1.0
1073 1402 1.0
1073 1074 1.0
1073 110 1.0
1073 1356 1.0
1073 1073 3.0
1074 1073 1.0
1074 110 1.0
1074 1402 4.0
1074 1074 4.0
1074 99 3.0
1075 1075 1.0
1079 1079 1.0
1079 956 1.0
1079 246 1.0
1083 1083 1.0
1083 31 1.0
1085 1393 1.0
1085 1085 1.0
1086 1087 1.0
1086 1086 1.0
1087 1087 1.0
1087 1086 1.0
1088 1088 1.0
1088 811 1.0
1088 336 1.0
1089 1443 2.0
1089 1442 2.0
1089 1089 2.0
1089 58 2.0
1090 1380 1.0
1090 1090 1.0
1090 15 1.0
1091 1280 2.0
1091 1093 2.0
1091 1091 2.0
1093 1280 2.0
1093 1093 2.0
1093 1091 2.0
1095 1095 1.0
1095 204 1.0
1096 1096 1.0
1096 210 1.0
1100 1100 1.0
1104 1104 1.0
1105 1106 2.0
1105 1105 2.0
1106 1106 2.0
1106 1105 2.0
1109 1407 1.0
1109 1109 1.0
1110 1110 1.0
1110 50 1.0
1114 1114 1.0
1115 1115 1.0
1115 938 1.0
1115 236 1.0
1117 1118 1.0
1117 757 1.0
1117 1308 1.0
1117 263 1.0
1117 192 1.0
1117 1292 2.0
1117 1117 5.0
1118 1292 1.0
1118 1118 1.0
1118 1117 1.0
1118 757 1.0
1119 1119 1.0
1119 88 1.0
1127 1127 1.0
1131 1302 1.0
1131 1131 1.0
1134 1135 1.0
1134 1134 1.0
1135 1135 1.0
1135 1134 1.0
1137 1137 1.0
1146 1146 2.0
1147 1147 2.0
1147 19 2.0
1151 1151 1.0
1151 231 1.0
1156 1156 1.0
1156 349 1.0
1157 985 1.0
1157 1161 1.0
1157 1159 3.0
1157 1157 3.0
1159 985 1.0
1159 1161 1.0
1159 1159 3.0
1159 1157 3.0
1161 1161 1.0
1161 1159 1.0
1161 1157 1.0
1170 1433 1.0
1170 1426 2.0
1170 1172 1.0
1170 1171 1.0
1170 1170 3.0
1170 82 1.0
1171 740 1.0
1171 505 1.0
1171 1426 1.0
1171 1172 3.0
1171 1170 1.0
1171 1171 4.0
1171 82 4.0
1171 70 1.0
1172 740 1.0
1172 1420 1.0
1172 1433 1.0
1172 505 1.0
1172 1426 2.0
1172 1172 5.0
1172 1171 3.0
1172 1170 1.0
1172 82 5.0
1181 1407 1.0
1181 1181 2.0
1183 1183 1.0
1183 811 1.0
1187 1187 1.0
1187 23 1.0
1188 1401 1.0
1188 1188 1.0
1188 205 1.0
1190 1441 1.0
1190 1190 1.0
1191 1192 1.0
1191 1191 1.0
1192 1192 1.0
1192 1191 1.0
1198 1459 1.0
1198 1198 1.0
1198 820 1.0
1199 1199 2.0
1203 1203 1.0
1203 465 1.0
1205 1463 2.0
1205 1205 2.0
1207 1208 1.0
1207 1207 1.0
1208 1208 1.0
1208 1207 1.0
1210 1210 1.0
1210 78 1.0
1213 1458 1.0
1213 1213 1.0
1218 1218 1.0
1218 846 1.0
1218 465 1.0
1222 1222 1.0
1222 722 1.0
1222 611 1.0
1230 1230 2.0
1230 218 2.0
1231 1231 2.0
1232 1232 2.0
1232 561 1.0
1232 150 1.0
1233 1234 2.0
1233 1233 2.0
1234 1234 2.0
1234 1233 2.0
1235 37 1.0
1235 1236 2.0
1235 1235 3.0
1236 37 1.0
1236 1236 2.0
1236 1235 2.0
1237 1237 2.0
1238 1238 2.0
1239 1239 2.0
1240 578 1.0
1240 1240 2.0
1241 1405 1.0
1241 1241 2.0
1242 1242 2.0
1243 983 1.0
1243 569 1.0
1243 1243 2.0
1243 564 1.0
1244 1244 2.0
1245 495 1.0
1245 1246 2.0
1245 1245 5.0
1245 159 4.0
1246 495 1.0
1246 1246 2.0
1246 1245 2.0
1246 159 2.0
1247 1247 2.0
1247 993 1.0
1247 271 1.0
1247 26 2.0
1248 1248 2.0
1249 1249 2.0
1249 218 2.0
1250 914 1.0
1250 65 1.0
1250 1250 2.0
1251 1251 2.0
1252 1252 2.0
1252 756 2.0
1253 1254 2.0
1253 1253 2.0
1254 1254 2.0
1254 1253 2.0
1255 969 1.0
1255 694 1.0
1255 1255 2.0
1256 1293 1.0
1256 1256 2.0
1256 213 2.0
1256 192 2.0
1257 109 1.0
1257 370 1.0
1257 1257 3.0
1257 755 1.0
1257 101 1.0
1258 1258 2.0
1258 562 2.0
1258 561 2.0
1259 1260 1.0
1259 976 1.0
1259 1259 2.0
1260 1260 2.0
1260 1259 1.0
1260 976 1.0
1261 1261 3.0
1262 1263 2.0
1262 1262 2.0
1263 1263 2.0
1263 1262 2.0
1264 1272 1.0
1264 348 1.0
1264 1266 2.0
1264 1265 3.0
1264 1264 3.0
1265 924 1.0
1265 915 1.0
1265 348 1.0
1265 1272 2.0
1265 1266 2.0
1265 1265 5.0
1265 1264 3.0
1266 1266 2.0
1266 1265 2.0
1266 1264 2.0
1267 1269 2.0
1267 1268 2.0
1267 1267 2.0
1267 703 2.0
1268 784 1.0
1268 1269 2.0
1268 1268 3.0
1268 1267 2.0
1268 703 2.0
1269 1269 2.0
1269 1268 2.0
1269 1267 2.0
1269 703 2.0
1270 1271 1.0
1270 1270 3.0
1270 420 3.0
1270 419 1.0
1270 405 1.0
1271 406 1.0
1271 1271 2.0
1271 1270 1.0
1271 420 1.0
1271 419 1.0
1271 405 1.0
1272 1264 1.0
1272 348 1.0
1272 1272 2.0
1272 1265 2.0
1273 1273 3.0
1273 218 3.0
1274 1274 2.0
1275 1275 2.0
1276 419 1.0
1276 1276 2.0
1277 62 1.0
1277 1278 1.0
1277 1277 2.0
1277 760 1.0
1277 210 1.0
1278 1437 1.0
1278 1399 1.0
1278 1278 2.0
1278 1277 1.0
1278 760 1.0
1278 210 2.0
1279 1279 2.0
1280 1280 2.0
1280 1093 2.0
1280 1091 2.0
1281 1281 2.0
1281 83 1.0
1281 44 1.0
1282 1282 2.0
1282 487 2.0
1283 340 1.0
1283 1283 3.0
1283 346 1.0
1284 1312 1.0
1284 1285 2.0
1284 1284 2.0
1284 201 2.0
1285 1312 1.0
1285 1285 2.0
1285 1284 2.0
1285 201 2.0
1286 1286 2.0
1287 1425 1.0
1287 1424 1.0
1287 1287 3.0
1287 366 2.0
1288 1288 2.0
1289 1289 2.0
1290 1290 2.0
1290 1027 2.0
1291 1291 2.0
1291 433 1.0
1292 1118 1.0
1292 757 1.0
1292 1292 2.0
1292 1117 2.0
1293 1256 1.0
1293 213 1.0
1293 1400 1.0
1293 558 1.0
1293 904 1.0
1293 1293 5.0
1293 192 4.0
1294 1315 2.0
1294 1294 3.0
1295 1295 2.0
1295 554 2.0
1296 1296 3.0
1296 346 3.0
1297 1297 2.0
1298 1301 2.0
1298 1300 2.0
1298 1299 2.0
1298 1298 2.0
1299 1301 2.0
1299 1300 2.0
1299 1299 2.0
1299 1298 2.0
1300 1301 2.0
1300 1300 2.0
1300 1299 2.0
1300 1298 2.0
1301 165 1.0
1301 1301 3.0
1301 1300 2.0
1301 1299 2.0
1301 1298 2.0
1302 1131 1.0
1302 1302 2.0
1303 1305 2.0
1303 1304 2.0
1303 1303 2.0
1304 1305 2.0
1304 1304 2.0
1304 1303 2.0
1305 1305 2.0
1305 1304 2.0
1305 1303 2.0
1306 1306 2.0
1307 1307 2.0
1308 1117 1.0
1308 263 1.0
1308 192 1.0
1308 1308 2.0
1309 1309 2.0
1309 50 2.0
1310 1004 1.0
1310 940 1.0
1310 1310 2.0
1310 418 1.0
1310 263 2.0
1311 1314 3.0
1311 1311 8.0
1311 1046 1.0
1312 297 1.0
1312 246 1.0
1312 1312 2.0
1312 1285 1.0
1312 1284 1.0
1312 201 1.0
1313 551 1.0
1313 340 1.0
1313 1313 2.0
1313 697 1.0
1314 1314 3.0
1314 1311 3.0
1315 1315 2.0
1315 1294 2.0
1316 1316 2.0
1317 1317 2.0
1318 1321 1.0
1318 1320 2.0
1318 1319 2.0
1318 1318 2.0
1318 86 1.0
1319 1321 1.0
1319 1320 2.0
1319 1319 2.0
1319 1318 2.0
1319 86 1.0
1320 1321 1.0
1320 1320 2.0
1320 1319 2.0
1320 1318 2.0
1320 86 1.0
1321 1337 1.0
1321 1336 1.0
1321 1321 2.0
1321 1320 1.0
1321 1319 1.0
1321 1318 1.0
1321 86 1.0
1322 1408 1.0
1322 1406 1.0
1322 1445 1.0
1322 1444 2.0
1322 60 2.0
1322 15 2.0
1322 1322 4.0
1322 71 1.0
1323 1324 1.0
1323 1323 2.0
1323 349 2.0
1324 1398 1.0
1324 547 1.0
1324 1324 2.0
1324 1323 1.0
1324 349 1.0
1325 1414 1.0
1325 1358 1.0
1325 1326 1.0
1325 1325 2.0
1325 53 2.0
1326 1414 1.0
1326 1358 1.0
1326 1325 1.0
1326 1326 2.0
1326 752 1.0
1326 53 2.0
1327 474 1.0
1327 164 1.0
1327 1327 2.0
1327 1048 1.0
1328 1330 2.0
1328 1329 2.0
1328 1328 2.0
1329 1330 2.0
1329 1329 2.0
1329 1328 2.0
1330 1330 2.0
1330 1329 2.0
1330 1328 2.0
1331 722 1.0
1331 1332 1.0
1331 1331 2.0
1331 611 1.0
1331 456 1.0
1331 326 1.0
1332 1332 2.0
1332 1331 1.0
1332 611 1.0
1332 456 1.0
1332 326 1.0
1333 666 1.0
1333 1371 2.0
1333 329 2.0
1333 1333 3.0
1334 1373 1.0
1334 1334 2.0
1334 780 1.0
1334 337 1.0
1334 185 1.0
1335 1335 2.0
1335 392 2.0
1336 1321 1.0
1336 1337 2.0
1336 1336 2.0
1336 511 1.0
1337 1321 1.0
1337 1337 3.0
1337 1336 2.0
1337 511 2.0
1338 1338 2.0
1339 1347 1.0
1339 347 1.0
1339 1339 2.0
1339 737 1.0
1339 510 2.0
1340 616 1.0
1340 1409 1.0
1340 1341 4.0
1340 1340 5.0
1340 350 1.0
1340 172 5.0
1341 616 1.0
1341 1409 1.0
1341 1341 5.0
1341 1340 4.0
1341 350 1.0
1341 172 5.0
1342 1412 1.0
1342 718 1.0
1342 1342 2.0
1342 1036 1.0
1342 71 2.0
1343 1344 2.0
1343 1343 2.0
1344 1354 1.0
1344 403 1.0
1344 1344 4.0
1344 1343 2.0
1345 1346 2.0
1345 1345 2.0
1345 339 2.0
1346 167 1.0
1346 1346 3.0
1346 1345 2.0
1346 339 3.0
1347 1339 1.0
1347 1347 2.0
1347 726 1.0
1347 510 2.0
1347 347 2.0
1348 1420 1.0
1348 70 1.0
1348 1348 2.0
1348 82 2.0
1349 727 1.0
1349 347 1.0
1349 1349 2.0
1349 728 2.0
1349 726 2.0
1349 510 2.0
1350 1351 2.0
1350 1350 2.0
1351 1351 2.0
1351 1350 2.0
1352 1032 1.0
1352 83 2.0
1352 1370 3.0
1352 185 1.0
1352 70 1.0
1352 1352 4.0
1353 1353 2.0
1354 1344 1.0
1354 403 1.0
1354 1354 2.0
1355 1355 2.0
1356 1073 1.0
1356 1357 1.0
1356 1356 2.0
1357 1357 2.0
1357 1356 1.0
1358 1414 1.0
1358 1326 1.0
1358 1325 1.0
1358 53 1.0
1358 1358 2.0
1358 391 1.0
1359 1021 2.0
1359 1359 4.0
1359 724 2.0
1359 168 2.0
1360 1361 2.0
1360 1360 2.0
1361 1361 2.0
1361 1360 2.0
1362 1431 1.0
1362 956 1.0
1362 74 1.0
1362 1362 3.0
1362 732 1.0
1362 147 3.0
1363 1366 1.0
1363 616 1.0
1363 70 1.0
1363 1363 2.0
1364 660 1.0
1364 1364 2.0
1365 1365 2.0
1366 172 1.0
1366 1366 2.0
1366 1363 1.0
1366 616 2.0
1366 70 2.0
1367 1368 2.0
1367 1367 2.0
1367 713 2.0
1368 1368 2.0
1368 1367 2.0
1368 713 2.0
1369 1369 2.0
1369 178 1.0
1370 1032 1.0
1370 83 2.0
1370 1370 3.0
1370 1352 3.0
1370 185 1.0
1370 70 1.0
1371 666 1.0
1371 1371 2.0
1371 1333 2.0
1371 329 2.0
1372 1372 2.0
1373 1334 1.0
1373 1373 2.0
1374 1374 2.0
1375 1375 2.0
1375 760 2.0
1375 210 2.0
1376 1376 2.0
1377 1377 2.0
1377 31 2.0
1378 888 1.0
1378 206 1.0
1378 1378 2.0
1378 750 1.0
1379 1380 1.0
1379 1379 2.0
1379 187 1.0
1379 57 2.0
1380 1090 1.0
1380 15 1.0
1380 1380 2.0
1380 1379 1.0
1380 187 1.0
1380 57 1.0
1381 1381 2.0
1382 97 1.0
1382 1383 2.0
1382 1382 2.0
1382 623 2.0
1382 100 2.0
1383 97 1.0
1383 1383 2.0
1383 1382 2.0
1383 623 2.0
1383 100 2.0
1384 1385 2.0
1384 1384 2.0
1384 58 2.0
1385 1385 2.0
1385 1384 2.0
1385 58 2.0
1386 547 1.0
1386 1387 2.0
1386 1386 2.0
1386 201 1.0
1387 547 1.0
1387 1387 2.0
1387 1386 2.0
1387 201 1.0
1388 1446 1.0
1388 801 1.0
1388 60 1.0
1388 1388 2.0
1389 1391 2.0
1389 1390 2.0
1389 1389 2.0
1390 1391 2.0
1390 1390 2.0
1390 1389 2.0
1391 1391 3.0
1391 1390 2.0
1391 1389 2.0
1392 263 1.0
1392 1392 2.0
1392 1072 2.0
1392 569 2.0
1393 1393 4.0
1393 1085 1.0
1394 1394 2.0
1395 1395 2.0
1395 1046 2.0
1395 1045 2.0
1395 70 2.0
1396 1396 2.0
1396 105 1.0
1397 1397 2.0
1397 429 1.0
1398 1324 1.0
1398 1398 2.0
1398 547 2.0
1399 1437 1.0
1399 1278 1.0
1399 1399 2.0
1399 210 2.0
1399 62 1.0
1400 1400 2.0
1400 1293 1.0
1400 558 2.0
1401 1188 1.0
1401 1401 2.0
1401 205 2.0
1402 1073 1.0
1402 110 1.0
1402 1402 4.0
1402 1074 4.0
1402 99 3.0
1403 1403 2.0
1403 543 1.0
1403 370 1.0
1404 1404 2.0
1404 206 1.0
1404 37 2.0
1405 1241 1.0
1405 1405 2.0
1406 1322 1.0
1406 1072 1.0
1406 1071 1.0
1406 263 1.0
1406 1408 3.0
1406 1406 5.0
1407 1181 1.0
1407 1407 3.0
1407 1109 1.0
1408 1322 1.0
1408 1408 3.0
1408 1406 3.0
1409 1409 2.0
1409 1341 1.0
1409 1340 1.0
1409 172 1.0
1410 1410 2.0
1410 439 2.0
1410 369 1.0
1410 211 1.0
1411 1411 2.0
1411 530 2.0
1412 732 1.0
1412 147 1.0
1412 1412 2.0
1412 1342 1.0
1412 718 1.0
1412 71 1.0
1413 1413 2.0
1414 391 1.0
1414 1414 2.0
1414 1358 1.0
1414 1326 1.0
1414 1325 1.0
1414 53 1.0
1415 1415 2.0
1415 336 2.0
1416 1416 2.0
1417 1417 2.0
1417 73 2.0
1418 1419 2.0
1418 1418 2.0
1418 632 2.0
1419 1419 2.0
1419 1418 2.0
1419 632 2.0
1420 1172 1.0
1420 1420 2.0
1420 1348 1.0
1420 82 2.0
1420 70 1.0
1421 1423 2.0
1421 1422 2.0
1421 1421 2.0
1421 86 2.0
1422 1423 2.0
1422 1422 2.0
1422 1421 2.0
1422 86 2.0
1423 1423 2.0
1423 1422 2.0
1423 1421 2.0
1423 86 2.0
1424 1425 2.0
1424 1424 2.0
1424 1287 1.0
1425 1425 2.0
1425 1424 2.0
1425 1287 1.0
1426 1433 1.0
1426 1426 3.0
1426 1172 2.0
1426 1171 1.0
1426 1170 2.0
1426 82 2.0
1427 1428 1.0
1427 1427 2.0
1427 1055 1.0
1428 1427 1.0
1428 1428 2.0
1429 438 1.0
1429 369 1.0
1429 1430 1.0
1429 1429 2.0
1429 73 1.0
1430 787 1.0
1430 1430 2.0
1430 1429 1.0
1430 73 2.0
1431 1362 1.0
1431 956 1.0
1431 74 1.0
1431 1431 3.0
1431 732 1.0
1431 439 1.0
1431 284 1.0
1431 147 2.0
1432 1432 2.0
1432 519 1.0
1432 432 1.0
1433 1426 1.0
1433 1172 1.0
1433 82 1.0
1433 1433 2.0
1433 1170 1.0
1434 1434 2.0
1434 466 2.0
1435 60 1.0
1435 1435 2.0
1435 1037 1.0
1435 1035 1.0
1435 89 1.0
1435 71 1.0
1436 1441 1.0
1436 1436 2.0
1437 1399 1.0
1437 1278 1.0
1437 210 1.0
1437 1437 2.0
1437 755 1.0
1437 62 1.0
1438 1438 2.0
1438 815 1.0
1439 1439 3.0
1440 1440 2.0
1440 760 1.0
1440 755 1.0
1440 62 2.0
1441 1190 1.0
1441 1441 2.0
1441 1436 1.0
1442 1443 2.0
1442 1442 2.0
1442 1089 2.0
1442 58 2.0
1443 1443 2.0
1443 1442 2.0
1443 1089 2.0
1443 58 2.0
1444 1445 1.0
1444 1444 2.0
1444 1322 2.0
1444 60 2.0
1444 15 2.0
1445 633 1.0
1445 1445 2.0
1445 1444 1.0
1445 1322 1.0
1445 60 2.0
1445 15 1.0
1446 279 1.0
1446 1446 2.0
1446 1388 1.0
1446 801 1.0
1446 60 1.0
1447 1447 2.0
1448 1448 2.0
1448 420 2.0
1449 419 1.0
1449 1449 2.0
1450 110 1.0
1450 1450 2.0
1450 370 2.0
1451 1451 2.0
1452 1453 2.0
1452 1452 2.0
1453 1453 2.0
1453 1452 2.0
1454 784 1.0
1454 1454 2.0
1454 141 2.0
1455 582 1.0
1455 1457 1.0
1455 1456 2.0
1455 1455 2.0
1455 135 2.0
1456 582 1.0
1456 1457 1.0
1456 1456 2.0
1456 1455 2.0
1456 135 2.0
1457 1472 1.0
1457 964 1.0
1457 1457 2.0
1457 1456 1.0
1457 1455 1.0
1457 135 1.0
1458 1474 1.0
1458 1473 1.0
1458 856 1.0
1458 1458 2.0
1458 1213 1.0
1459 1198 1.0
1459 820 1.0
1459 1459 2.0
1459 829 1.0
1460 1461 2.0
1460 1460 2.0
1461 1461 2.0
1461 1460 2.0
1462 1462 2.0
1463 1463 2.0
1463 1205 2.0
1464 1464 2.0
1464 721 1.0
1464 446 2.0
1465 1468 2.0
1465 1466 3.0
1465 1465 3.0
1465 454 3.0
1465 451 3.0
1465 323 3.0
1466 453 1.0
1466 1468 2.0
1466 1466 4.0
1466 1465 3.0
1466 454 3.0
1466 451 4.0
1466 323 4.0
1467 1467 2.0
1467 464 1.0
1467 79 1.0
1468 1468 2.0
1468 1466 2.0
1468 1465 2.0
1468 454 2.0
1468 451 2.0
1468 323 2.0
1469 1469 3.0
1469 606 1.0
1470 1470 2.0
1471 1471 2.0
1471 455 2.0
1472 828 1.0
1472 135 1.0
1472 1472 2.0
1472 1457 1.0
1472 964 1.0
1473 1474 1.0
1473 1458 1.0
1473 1473 2.0
1473 856 2.0
1474 1473 1.0
1474 1458 1.0
1474 1474 2.0
1474 856 2.0
1475 1475 2.0
1475 322 2.0
