1824 1824
2 2 1.0
3 761 1.0
3 543 1.0
3 3 1.0
6 1791 1.0
6 1697 2.0
6 6 3.0
10 150 1.0
10 102 1.0
10 10 2.0
12 1101 1.0
12 1487 1.0
12 12 2.0
15 1257 1.0
15 370 1.0
15 1701 1.0
15 1788 3.0
15 1406 2.0
15 1090 3.0
15 1699 4.0
15 1444 5.0
15 1322 4.0
15 60 2.0
15 15 9.0
16 16 1.0
19 758 1.0
19 1748 3.0
19 1692 2.0
19 1662 1.0
19 1147 2.0
19 19 9.0
20 20 1.0
22 22 1.0
23 1752 1.0
23 577 1.0
23 576 1.0
23 264 1.0
23 36 1.0
23 1258 1.0
23 562 2.0
23 561 2.0
23 1738 2.0
23 1737 2.0
23 1728 1.0
23 574 1.0
23 403 1.0
23 49 1.0
23 231 1.0
23 1522 2.0
23 1521 2.0
23 23 18.0
24 25 1.0
24 24 3.0
25 24 1.0
25 25 2.0
26 1094 1.0
26 1247 1.0
26 26 3.0
29 1651 1.0
29 29 1.0
31 1377 1.0
31 31 1.0
33 1578 1.0
33 33 2.0
34 1354 1.0
34 34 2.0
35 35 1.0
36 1144 1.0
36 1003 2.0
36 688 1.0
36 562 1.0
36 561 1.0
36 23 1.0
36 1591 1.0
36 1100 2.0
36 1002 1.0
36 36 5.0
37 247 1.0
37 1404 2.0
37 37 4.0
38 38 2.0
39 1764 1.0
39 39 2.0
41 42 1.0
41 41 1.0
42 42 1.0
42 41 1.0
45 536 1.0
45 45 2.0
49 1733 1.0
49 1037 1.0
49 710 1.0
49 284 1.0
49 1124 1.0
49 1762 2.0
49 1024 3.0
49 1023 2.0
49 49 6.0
49 23 1.0
50 1309 1.0
50 1110 1.0
50 1615 2.0
50 322 1.0
50 50 4.0
53 1658 1.0
53 53 1.0
54 541 2.0
54 1693 2.0
54 54 4.0
55 1111 1.0
55 1667 3.0
55 161 3.0
55 1523 1.0
55 1564 1.0
55 55 6.0
57 1718 1.0
57 1379 2.0
57 1671 2.0
57 57 5.0
58 1749 1.0
58 58 3.0
59 1606 1.0
59 1605 1.0
59 1604 1.0
59 59 2.0
60 1668 1.0
60 1383 1.0
60 99 1.0
60 1788 1.0
60 1699 1.0
60 1435 1.0
60 1037 1.0
60 1035 1.0
60 1701 3.0
60 1700 2.0
60 1444 3.0
60 1322 1.0
60 60 6.0
60 15 2.0
62 1277 1.0
62 62 1.0
65 1241 1.0
65 65 1.0
67 67 1.0
68 1800 1.0
68 1794 1.0
68 68 1.0
69 1816 1.0
69 1814 1.0
69 329 1.0
69 185 1.0
69 70 2.0
69 1345 1.0
69 403 1.0
69 339 1.0
69 69 4.0
70 329 1.0
70 185 1.0
70 1821 1.0
70 1054 1.0
70 1817 2.0
70 1816 3.0
70 1814 2.0
70 1420 1.0
70 1056 1.0
70 1053 2.0
70 147 1.0
70 1334 1.0
70 337 2.0
70 69 2.0
70 1395 1.0
70 1650 1.0
70 505 2.0
70 82 3.0
70 1046 4.0
70 1045 4.0
70 70 15.0
73 1429 1.0
73 438 1.0
73 1686 1.0
73 73 2.0
74 424 1.0
74 745 1.0
74 742 1.0
74 74 5.0
75 788 2.0
75 611 2.0
75 1696 1.0
75 644 1.0
75 456 1.0
75 1645 2.0
75 75 4.0
80 272 1.0
80 80 1.0
82 1172 1.0
82 740 3.0
82 1814 1.0
82 70 3.0
82 329 1.0
82 1650 2.0
82 1420 2.0
82 505 3.0
82 1081 4.0
82 1080 4.0
82 82 12.0
83 1229 2.0
83 1789 2.0
83 1032 3.0
83 507 2.0
83 1784 2.0
83 83 5.0
86 377 1.0
86 86 2.0
88 161 1.0
88 99 1.0
88 206 1.0
88 1119 1.0
88 88 3.0
89 1037 1.0
89 1035 1.0
89 89 1.0
90 638 1.0
90 637 1.0
90 90 1.0
91 730 1.0
91 191 1.0
91 1590 1.0
91 91 2.0
96 599 2.0
96 989 1.0
96 1489 3.0
96 1682 1.0
96 620 1.0
96 1143 1.0
96 96 8.0
98 1179 2.0
98 810 1.0
98 1687 1.0
98 98 4.0
99 161 1.0
99 88 1.0
99 1668 1.0
99 1383 1.0
99 99 3.0
99 60 1.0
100 1132 1.0
100 623 1.0
100 100 1.0
101 101 1.0
102 150 1.0
102 102 2.0
102 10 1.0
103 811 1.0
103 103 1.0
104 104 1.0
105 105 1.0
107 107 1.0
109 1257 1.0
109 109 2.0
110 1104 1.0
110 1073 1.0
110 110 1.0
111 112 2.0
111 111 2.0
112 112 2.0
112 111 2.0
116 116 1.0
122 122 1.0
123 793 1.0
123 123 2.0
127 1813 2.0
127 1812 2.0
127 1454 1.0
127 127 4.0
132 132 1.0
133 133 1.0
138 138 2.0
140 442 1.0
140 140 1.0
141 306 1.0
141 1815 2.0
141 1454 1.0
141 991 3.0
141 141 4.0
145 1212 1.0
145 145 1.0
146 146 2.0
147 1649 1.0
147 1362 2.0
147 1056 1.0
147 1053 1.0
147 70 1.0
147 1079 1.0
147 246 1.0
147 439 1.0
147 956 2.0
147 147 6.0
150 1790 1.0
150 102 1.0
150 10 1.0
150 1232 1.0
150 150 5.0
151 151 1.0
159 201 1.0
159 163 1.0
159 1245 4.0
159 211 1.0
159 159 4.0
161 99 1.0
161 88 1.0
161 1111 1.0
161 1667 3.0
161 161 4.0
161 55 3.0
163 1245 1.0
163 201 1.0
163 163 1.0
163 159 1.0
165 165 1.0
166 1743 1.0
166 166 1.0
168 1654 1.0
168 1653 1.0
168 1359 1.0
168 168 2.0
169 204 1.0
169 169 1.0
172 1666 3.0
172 172 3.0
185 1816 1.0
185 1814 1.0
185 329 1.0
185 70 1.0
185 69 1.0
185 1246 1.0
185 1245 1.0
185 185 4.0
189 189 1.0
191 730 1.0
191 191 1.0
191 91 1.0
192 1801 2.0
192 1754 2.0
192 1308 2.0
192 263 2.0
192 1293 3.0
192 192 6.0
195 671 1.0
195 1560 2.0
195 1244 1.0
195 195 3.0
197 1688 1.0
197 211 1.0
197 197 1.0
198 198 1.0
199 199 1.0
201 1284 1.0
201 1245 1.0
201 163 1.0
201 159 1.0
201 1387 2.0
201 1386 1.0
201 201 6.0
204 169 1.0
204 1703 1.0
204 1652 1.0
204 204 3.0
205 1401 1.0
205 1182 3.0
205 205 4.0
206 206 1.0
206 88 1.0
207 688 1.0
207 207 2.0
208 208 1.0
209 209 1.0
210 760 1.0
210 1096 1.0
210 1437 1.0
210 1399 1.0
210 1278 2.0
210 210 8.0
211 1188 1.0
211 372 1.0
211 765 1.0
211 1688 2.0
211 197 1.0
211 1245 1.0
211 211 6.0
211 159 1.0
213 1680 1.0
213 685 1.0
213 1679 2.0
213 1193 1.0
213 213 3.0
214 214 3.0
215 235 1.0
215 1009 1.0
215 360 1.0
215 1677 1.0
215 1127 1.0
215 1068 1.0
215 215 3.0
218 1770 1.0
218 1249 1.0
218 228 1.0
218 1623 1.0
218 1622 3.0
218 218 8.0
220 401 1.0
220 220 1.0
221 595 1.0
221 221 2.0
223 244 1.0
223 223 1.0
228 228 1.0
228 218 1.0
229 229 2.0
231 692 1.0
231 669 1.0
231 231 2.0
231 23 1.0
235 235 1.0
235 215 1.0
236 236 1.0
237 518 1.0
237 261 1.0
237 1552 2.0
237 1490 1.0
237 238 1.0
237 237 5.0
238 1627 3.0
238 1626 2.0
238 693 1.0
238 1490 4.0
238 238 6.0
238 237 1.0
239 1482 1.0
239 239 4.0
240 921 1.0
240 919 1.0
240 1122 1.0
240 922 1.0
240 920 2.0
240 857 1.0
240 1493 1.0
240 240 5.0
241 1740 2.0
241 1739 2.0
241 1532 1.0
241 241 3.0
243 243 1.0
244 244 1.0
244 223 1.0
246 1578 1.0
246 956 1.0
246 147 1.0
246 844 1.0
246 1079 6.0
246 246 8.0
247 37 1.0
247 1554 1.0
247 1280 1.0
247 1093 1.0
247 1091 1.0
247 247 2.0
248 248 2.0
256 1154 1.0
256 1000 1.0
256 256 1.0
257 1582 2.0
257 257 4.0
259 364 1.0
259 259 1.0
260 1730 1.0
260 260 1.0
261 237 1.0
261 518 2.0
261 1491 1.0
261 693 1.0
261 932 2.0
261 261 6.0
262 262 1.0
263 936 2.0
263 273 1.0
263 1754 2.0
263 1308 2.0
263 263 5.0
263 192 2.0
264 1752 2.0
264 577 2.0
264 576 2.0
264 23 1.0
264 938 1.0
264 662 1.0
264 264 5.0
266 943 1.0
266 266 2.0
269 269 1.0
270 270 1.0
272 272 1.0
272 80 1.0
273 273 1.0
273 263 1.0
279 1702 1.0
279 1181 1.0
279 1148 1.0
279 290 3.0
279 279 3.0
282 1257 1.0
282 282 1.0
283 283 2.0
284 1187 1.0
284 49 1.0
284 710 2.0
284 1728 1.0
284 531 1.0
284 530 1.0
284 284 6.0
290 484 1.0
290 1702 1.0
290 1181 2.0
290 1148 1.0
290 290 4.0
290 279 3.0
293 1797 1.0
293 293 1.0
301 302 1.0
301 301 1.0
302 301 1.0
302 302 3.0
306 1815 1.0
306 141 1.0
306 991 2.0
306 306 3.0
310 641 1.0
310 310 2.0
314 315 1.0
314 314 1.0
315 461 1.0
315 315 2.0
315 314 1.0
320 1030 1.0
320 320 1.0
322 1475 1.0
322 653 1.0
322 322 4.0
322 50 1.0
325 325 1.0
327 1743 1.0
327 327 1.0
329 1816 1.0
329 1814 1.0
329 185 1.0
329 70 1.0
329 69 1.0
329 329 2.0
329 82 1.0
336 1415 1.0
336 1088 1.0
336 336 1.0
337 1334 1.0
337 337 3.0
337 70 2.0
339 1345 1.0
339 403 1.0
339 339 1.0
339 69 1.0
340 1683 1.0
340 1657 1.0
340 551 2.0
340 1313 1.0
340 1638 1.0
340 1637 1.0
340 1636 1.0
340 1283 1.0
340 340 5.0
346 1296 1.0
346 482 1.0
346 346 3.0
347 924 1.0
347 1725 1.0
347 1672 2.0
347 1339 3.0
347 728 1.0
347 726 1.0
347 1311 1.0
347 1613 2.0
347 1347 5.0
347 510 5.0
347 1589 3.0
347 980 4.0
347 530 1.0
347 1508 3.0
347 1507 3.0
347 1320 3.0
347 347 13.0
348 1594 1.0
348 348 4.0
349 349 4.0
354 1691 2.0
354 1690 2.0
354 354 2.0
356 356 1.0
359 1170 1.0
359 505 1.0
359 359 2.0
360 1097 1.0
360 215 1.0
360 1009 3.0
360 360 3.0
364 364 1.0
364 259 1.0
366 1555 2.0
366 366 4.0
369 1764 1.0
369 487 1.0
369 1751 2.0
369 438 2.0
369 369 4.0
370 1788 1.0
370 1257 1.0
370 370 1.0
370 15 1.0
372 211 1.0
372 1688 2.0
372 419 1.0
372 1593 2.0
372 372 5.0
374 1673 1.0
374 374 2.0
375 1675 1.0
375 620 1.0
375 375 1.0
376 376 1.0
377 377 1.0
377 86 1.0
382 382 1.0
387 749 1.0
387 387 3.0
391 1414 1.0
391 391 1.0
392 722 1.0
392 1783 2.0
392 1782 2.0
392 1335 1.0
392 786 1.0
392 1676 1.0
392 666 2.0
392 392 5.0
395 843 1.0
395 395 2.0
396 1668 1.0
396 396 1.0
397 785 1.0
397 397 1.0
398 398 1.0
401 401 1.0
401 220 1.0
403 1345 1.0
403 339 1.0
403 69 1.0
403 23 1.0
403 403 3.0
404 404 1.0
405 406 1.0
405 405 1.0
406 405 1.0
406 406 2.0
407 407 1.0
411 411 1.0
412 487 1.0
412 412 1.0
414 414 2.0
418 1797 1.0
418 1796 1.0
418 1795 1.0
418 418 1.0
419 1688 1.0
419 419 2.0
419 372 1.0
420 1270 1.0
420 1799 2.0
420 420 2.0
421 1793 2.0
421 421 4.0
424 424 1.0
424 74 1.0
430 430 1.0
432 432 1.0
433 433 1.0
438 1429 1.0
438 73 1.0
438 1751 2.0
438 438 4.0
438 369 2.0
439 147 1.0
439 1681 1.0
439 439 3.0
440 1127 1.0
440 458 1.0
440 440 2.0
442 442 1.0
442 140 1.0
446 721 1.0
446 1810 2.0
446 446 2.0
449 449 1.0
451 451 1.0
452 1225 1.0
452 452 1.0
456 1696 1.0
456 644 1.0
456 456 1.0
456 75 1.0
458 1127 1.0
458 458 1.0
458 440 1.0
461 461 2.0
461 315 1.0
465 1203 1.0
465 465 2.0
466 1789 1.0
466 1434 1.0
466 1032 1.0
466 466 1.0
467 467 1.0
468 468 1.0
475 475 1.0
482 482 1.0
482 346 1.0
484 290 1.0
484 1181 2.0
484 484 2.0
486 1578 1.0
486 486 2.0
487 412 1.0
487 369 1.0
487 487 3.0
488 1435 1.0
488 1713 2.0
488 1334 1.0
488 1711 2.0
488 1710 3.0
488 488 5.0
490 490 1.0
492 1781 2.0
492 1698 2.0
492 492 3.0
505 359 1.0
505 1814 1.0
505 70 2.0
505 1650 2.0
505 1420 2.0
505 505 4.0
505 82 3.0
506 506 1.0
507 1789 2.0
507 1032 2.0
507 507 2.0
507 83 2.0
508 508 2.0
509 1208 1.0
509 780 1.0
509 1786 2.0
509 509 4.0
510 1725 1.0
510 1672 2.0
510 1339 3.0
510 737 1.0
510 1349 1.0
510 727 1.0
510 728 2.0
510 726 1.0
510 1613 2.0
510 1347 4.0
510 510 7.0
510 347 5.0
512 512 3.0
513 516 1.0
513 513 1.0
516 516 1.0
516 513 1.0
517 1023 1.0
517 1733 1.0
517 1024 2.0
517 517 3.0
518 237 1.0
518 518 2.0
518 261 2.0
521 521 1.0
522 1486 1.0
522 1485 1.0
522 1484 1.0
522 1483 1.0
522 1254 1.0
522 522 1.0
524 1587 2.0
524 524 2.0
526 1712 1.0
526 526 1.0
527 527 1.0
530 1411 1.0
530 531 3.0
530 284 1.0
530 1589 1.0
530 980 1.0
530 530 5.0
530 347 1.0
531 1411 1.0
531 531 3.0
531 530 3.0
531 284 1.0
536 45 1.0
536 536 3.0
540 540 3.0
541 1693 2.0
541 541 3.0
541 54 2.0
542 1125 1.0
542 542 1.0
543 761 1.0
543 3 1.0
543 543 2.0
547 547 1.0
551 1683 1.0
551 340 2.0
551 1657 2.0
551 783 1.0
551 551 4.0
552 552 1.0
554 1295 1.0
554 986 1.0
554 554 5.0
555 1488 2.0
555 555 6.0
557 586 1.0
557 557 1.0
558 1400 1.0
558 558 1.0
559 1460 1.0
559 559 1.0
561 36 1.0
561 23 2.0
561 1531 2.0
561 562 4.0
561 1258 3.0
561 561 5.0
562 596 1.0
562 36 1.0
562 23 2.0
562 1531 2.0
562 1258 2.0
562 562 5.0
562 561 4.0
563 1723 1.0
563 1722 1.0
563 1592 2.0
563 563 6.0
564 1542 1.0
564 685 1.0
564 1588 1.0
564 904 1.0
564 1243 1.0
564 564 3.0
569 936 1.0
569 569 1.0
573 688 1.0
573 1684 2.0
573 955 1.0
573 1545 1.0
573 573 4.0
574 1728 1.0
574 23 1.0
574 1551 2.0
574 574 3.0
575 575 1.0
576 1752 2.0
576 577 2.0
576 576 2.0
576 264 2.0
576 23 1.0
577 1752 2.0
577 577 2.0
577 576 2.0
577 264 2.0
577 23 1.0
578 1765 2.0
578 982 2.0
578 1240 1.0
578 938 1.0
578 578 5.0
582 1475 1.0
582 1201 1.0
582 582 2.0
584 1588 1.0
584 584 3.0
585 876 1.0
585 586 2.0
585 585 2.0
586 876 1.0
586 585 2.0
586 586 3.0
586 557 1.0
590 1823 1.0
590 1562 2.0
590 1561 2.0
590 1143 2.0
590 590 6.0
591 591 1.0
592 592 3.0
593 593 1.0
595 595 1.0
595 221 1.0
596 562 1.0
596 1616 1.0
596 1602 2.0
596 627 1.0
596 1601 1.0
596 1600 2.0
596 1599 2.0
596 1598 2.0
596 596 7.0
597 1820 1.0
597 930 1.0
597 911 1.0
597 863 1.0
597 1730 2.0
597 692 1.0
597 669 1.0
597 597 5.0
598 598 2.0
599 1489 2.0
599 599 2.0
599 96 2.0
603 1731 1.0
603 1721 2.0
603 603 2.0
605 1028 1.0
605 605 2.0
606 824 1.0
606 606 1.0
611 1807 2.0
611 1645 1.0
611 788 2.0
611 611 4.0
611 75 2.0
613 1787 1.0
613 613 2.0
616 1053 1.0
616 616 1.0
618 623 1.0
618 618 1.0
620 1790 2.0
620 1675 1.0
620 375 1.0
620 1682 1.0
620 620 4.0
620 96 1.0
623 618 1.0
623 1132 1.0
623 100 1.0
623 623 3.0
627 1602 1.0
627 627 1.0
627 596 1.0
630 630 1.0
631 631 1.0
632 1418 1.0
632 632 1.0
633 1779 1.0
633 1778 1.0
633 1777 1.0
633 1714 1.0
633 633 2.0
634 634 1.0
637 638 1.0
637 637 1.0
637 90 1.0
638 638 1.0
638 637 1.0
638 90 1.0
641 641 1.0
641 310 1.0
643 1459 1.0
643 1198 1.0
643 820 1.0
643 643 1.0
644 1696 1.0
644 644 1.0
644 456 1.0
644 75 1.0
653 653 2.0
653 322 1.0
654 655 1.0
654 654 1.0
655 655 1.0
655 654 1.0
657 850 1.0
657 657 2.0
659 1494 2.0
659 875 2.0
659 873 1.0
659 872 1.0
659 659 2.0
662 938 1.0
662 662 1.0
662 264 1.0
666 1783 1.0
666 1782 1.0
666 392 2.0
666 1676 2.0
666 666 3.0
667 1726 1.0
667 1601 1.0
667 1632 1.0
667 1631 1.0
667 1605 1.0
667 1519 1.0
667 667 2.0
668 1591 1.0
668 1003 1.0
668 1002 1.0
668 668 1.0
669 231 1.0
669 692 2.0
669 669 2.0
669 597 1.0
671 1560 1.0
671 195 1.0
671 1526 2.0
671 671 6.0
672 672 1.0
680 1518 1.0
680 680 2.0
681 714 2.0
681 681 3.0
683 683 1.0
685 951 1.0
685 1679 1.0
685 213 1.0
685 1542 1.0
685 685 3.0
685 564 1.0
687 687 1.0
688 1684 1.0
688 573 1.0
688 1144 1.0
688 1003 1.0
688 36 1.0
688 688 4.0
688 207 1.0
689 689 2.0
692 231 1.0
692 692 2.0
692 669 2.0
692 597 1.0
693 261 1.0
693 1492 1.0
693 1491 2.0
693 693 3.0
693 238 1.0
697 1553 1.0
697 697 2.0
701 701 1.0
704 972 1.0
704 704 1.0
707 1547 1.0
707 1517 3.0
707 707 3.0
708 708 1.0
710 49 1.0
710 284 2.0
710 1057 1.0
710 1678 1.0
710 710 4.0
713 1368 1.0
713 1367 1.0
713 1674 3.0
713 713 4.0
714 714 2.0
714 681 2.0
721 1810 1.0
721 446 1.0
721 1620 1.0
721 721 2.0
722 1783 1.0
722 722 1.0
722 392 1.0
723 723 1.0
725 725 2.0
726 1613 1.0
726 728 1.0
726 726 1.0
726 510 1.0
726 347 1.0
727 1707 2.0
727 1706 1.0
727 1705 2.0
727 1704 2.0
727 1349 1.0
727 728 1.0
727 727 3.0
727 510 1.0
728 1349 1.0
728 727 1.0
728 1613 1.0
728 728 2.0
728 726 1.0
728 510 2.0
728 347 1.0
730 730 1.0
730 191 1.0
730 91 1.0
737 737 1.0
737 510 1.0
740 1172 1.0
740 740 3.0
740 82 3.0
742 745 1.0
742 742 1.0
742 74 1.0
745 745 1.0
745 742 1.0
745 74 1.0
747 747 1.0
748 1696 1.0
748 748 1.0
749 387 1.0
749 749 3.0
752 1610 1.0
752 752 1.0
753 754 1.0
753 753 1.0
754 754 2.0
754 753 1.0
756 1252 2.0
756 756 3.0
758 1748 1.0
758 19 1.0
758 1644 2.0
758 758 5.0
760 760 1.0
760 210 1.0
761 761 1.0
761 543 1.0
761 3 1.0
765 765 1.0
765 211 1.0
769 1608 1.0
769 1607 1.0
769 769 1.0
778 1620 1.0
778 1774 2.0
778 778 2.0
780 1208 1.0
780 780 1.0
780 509 1.0
783 1657 1.0
783 783 1.0
783 551 1.0
784 1268 1.0
784 784 1.0
785 785 1.0
785 397 1.0
786 1335 1.0
786 392 1.0
786 1665 2.0
786 1664 2.0
786 786 6.0
788 1645 1.0
788 788 2.0
788 611 2.0
788 75 2.0
791 791 1.0
793 793 1.0
793 123 1.0
794 794 1.0
797 797 1.0
804 1702 1.0
804 804 1.0
808 1188 1.0
808 1802 1.0
808 1806 2.0
808 808 4.0
810 1179 1.0
810 810 1.0
810 98 1.0
811 811 1.0
811 103 1.0
816 816 2.0
817 817 1.0
820 1459 1.0
820 643 1.0
820 1198 2.0
820 820 2.0
824 1819 1.0
824 606 1.0
824 824 3.0
825 1818 1.0
825 843 1.0
825 825 1.0
829 1459 1.0
829 829 2.0
836 836 1.0
838 838 1.0
843 1818 1.0
843 825 1.0
843 843 2.0
843 395 1.0
844 1079 1.0
844 844 1.0
844 246 1.0
850 850 1.0
850 657 1.0
857 861 1.0
857 860 1.0
857 859 1.0
857 858 1.0
857 240 1.0
857 1481 1.0
857 857 3.0
858 859 1.0
858 857 1.0
858 1609 2.0
858 861 2.0
858 860 2.0
858 858 4.0
859 861 1.0
859 860 1.0
859 859 1.0
859 858 1.0
859 857 1.0
860 859 1.0
860 857 1.0
860 861 2.0
860 860 2.0
860 858 2.0
861 859 1.0
861 857 1.0
861 861 3.0
861 860 2.0
861 858 2.0
863 1730 1.0
863 930 1.0
863 911 1.0
863 863 1.0
863 597 1.0
864 864 3.0
865 1294 1.0
865 988 1.0
865 1755 2.0
865 1556 2.0
865 865 4.0
866 866 1.0
867 869 1.0
867 867 1.0
869 867 1.0
869 1621 1.0
869 995 1.0
869 869 3.0
872 1494 1.0
872 875 1.0
872 873 1.0
872 872 1.0
872 659 1.0
873 1494 1.0
873 875 1.0
873 873 1.0
873 872 1.0
873 659 1.0
875 1494 2.0
875 875 2.0
875 873 1.0
875 872 1.0
875 659 2.0
876 586 1.0
876 585 1.0
876 1481 1.0
876 1153 1.0
876 876 3.0
877 877 1.0
879 879 1.0
887 887 3.0
891 1542 1.0
891 1541 1.0
891 961 1.0
891 891 1.0
898 898 1.0
901 1495 1.0
901 903 1.0
901 902 1.0
901 901 1.0
902 1495 1.0
902 903 1.0
902 902 1.0
902 901 1.0
903 1495 1.0
903 903 1.0
903 902 1.0
903 901 1.0
904 1588 1.0
904 904 1.0
904 564 1.0
906 906 1.0
908 1618 2.0
908 1617 2.0
908 908 3.0
909 910 2.0
909 909 2.0
910 910 2.0
910 909 2.0
911 1730 1.0
911 930 1.0
911 911 1.0
911 863 1.0
911 597 1.0
913 1747 2.0
913 1746 2.0
913 913 2.0
914 1250 1.0
914 914 2.0
916 1272 1.0
916 1264 1.0
916 916 1.0
917 944 1.0
917 917 1.0
919 921 1.0
919 920 1.0
919 919 1.0
919 240 1.0
920 919 1.0
920 240 2.0
920 921 2.0
920 920 3.0
921 919 1.0
921 240 1.0
921 921 2.0
921 920 2.0
922 1122 1.0
922 240 1.0
922 1520 1.0
922 922 2.0
923 923 2.0
924 1589 1.0
924 1347 1.0
924 980 1.0
924 924 1.0
924 347 1.0
928 928 5.0
930 1730 1.0
930 930 1.0
930 911 1.0
930 863 1.0
930 597 1.0
932 932 2.0
932 261 2.0
934 934 1.0
936 263 2.0
936 936 3.0
936 569 1.0
938 662 1.0
938 264 1.0
938 1724 1.0
938 1115 1.0
938 1240 1.0
938 578 1.0
938 938 6.0
940 1069 1.0
940 1004 2.0
940 940 2.0
941 1535 1.0
941 949 1.0
941 941 3.0
942 942 1.0
943 943 1.0
943 266 1.0
944 944 1.0
944 917 1.0
947 1550 2.0
947 1549 2.0
947 947 4.0
949 1535 1.0
949 941 1.0
949 1534 1.0
949 1612 1.0
949 1611 1.0
949 949 3.0
951 951 1.0
951 685 1.0
952 1603 1.0
952 1502 2.0
952 952 3.0
953 953 2.0
954 1753 1.0
954 954 1.0
955 1684 1.0
955 955 1.0
955 573 1.0
956 1079 1.0
956 246 1.0
956 956 2.0
956 147 2.0
958 958 1.0
959 1406 1.0
959 959 1.0
961 1768 1.0
961 976 1.0
961 1588 1.0
961 1542 1.0
961 1541 1.0
961 961 5.0
961 891 1.0
962 962 1.0
963 963 1.0
964 964 1.0
965 965 1.0
972 704 1.0
972 972 2.0
975 1538 1.0
975 976 1.0
975 975 1.0
976 1538 1.0
976 975 1.0
976 1260 1.0
976 976 3.0
976 961 1.0
979 1759 1.0
979 979 1.0
980 1347 1.0
980 924 1.0
980 1589 3.0
980 980 4.0
980 530 1.0
980 347 4.0
982 982 2.0
982 578 2.0
986 986 1.0
986 554 1.0
988 1755 1.0
988 865 1.0
988 1548 1.0
988 988 2.0
989 96 1.0
989 990 1.0
989 989 3.0
990 990 1.0
990 989 1.0
991 1815 2.0
991 306 2.0
991 991 4.0
991 141 3.0
994 994 1.0
995 1621 2.0
995 995 2.0
995 869 1.0
1000 1154 1.0
1000 256 1.0
1000 1625 2.0
1000 1000 4.0
1001 1001 1.0
1002 1003 1.0
1002 668 1.0
1002 1591 2.0
1002 1100 1.0
1002 1002 2.0
1002 36 1.0
1003 1100 1.0
1003 1591 1.0
1003 1002 1.0
1003 668 1.0
1003 1144 1.0
1003 1003 4.0
1003 688 1.0
1003 36 2.0
1004 1069 1.0
1004 1004 2.0
1004 940 2.0
1009 1010 1.0
1009 1772 2.0
1009 1097 1.0
1009 1709 2.0
1009 215 1.0
1009 1009 7.0
1009 360 3.0
1010 1772 1.0
1010 1010 1.0
1010 1009 1.0
1014 1014 1.0
1022 1101 1.0
1022 1022 2.0
1023 517 1.0
1023 1762 1.0
1023 1024 3.0
1023 1023 3.0
1023 49 2.0
1024 1037 1.0
1024 1762 2.0
1024 1289 1.0
1024 1023 3.0
1024 49 3.0
1024 1733 2.0
1024 1024 6.0
1024 517 2.0
1028 605 1.0
1028 1028 4.0
1030 320 1.0
1030 1030 2.0
1032 1434 1.0
1032 466 1.0
1032 1784 1.0
1032 1229 1.0
1032 1789 3.0
1032 1032 4.0
1032 507 2.0
1032 83 3.0
1035 1780 1.0
1035 1073 1.0
1035 89 1.0
1035 1435 1.0
1035 1037 2.0
1035 1035 4.0
1035 60 1.0
1037 1762 1.0
1037 1733 1.0
1037 1024 1.0
1037 49 1.0
1037 89 1.0
1037 1435 1.0
1037 1037 3.0
1037 1035 2.0
1037 60 1.0
1038 1038 2.0
1045 1395 1.0
1045 1046 4.0
1045 1045 4.0
1045 70 4.0
1046 1395 1.0
1046 1046 4.0
1046 1045 4.0
1046 70 4.0
1048 1048 1.0
1052 1052 1.0
1053 1821 1.0
1053 1054 1.0
1053 1056 1.0
1053 147 1.0
1053 70 2.0
1053 1053 3.0
1053 616 1.0
1054 1053 1.0
1054 70 1.0
1054 1821 2.0
1054 1054 2.0
1056 1053 1.0
1056 147 1.0
1056 70 1.0
1056 1662 1.0
1056 1147 1.0
1056 1056 2.0
1057 1057 1.0
1057 710 1.0
1058 1058 1.0
1064 1064 1.0
1068 1677 2.0
1068 1127 2.0
1068 1068 2.0
1068 215 1.0
1069 1069 1.0
1069 1004 1.0
1069 940 1.0
1071 1406 1.0
1071 1071 1.0
1073 1035 1.0
1073 1104 1.0
1073 110 1.0
1073 1402 1.0
1073 1074 1.0
1073 1073 4.0
1074 1402 1.0
1074 1073 1.0
1074 1074 2.0
1075 1680 1.0
1075 1075 1.0
1076 1076 1.0
1079 1578 1.0
1079 956 1.0
1079 147 1.0
1079 844 1.0
1079 1079 6.0
1079 246 6.0
1080 1081 4.0
1080 1080 4.0
1080 82 4.0
1081 1081 4.0
1081 1080 4.0
1081 82 4.0
1084 1084 2.0
1088 1415 1.0
1088 1088 1.0
1088 336 1.0
1090 1788 1.0
1090 1406 2.0
1090 1090 3.0
1090 15 3.0
1091 1554 1.0
1091 1280 2.0
1091 1093 3.0
1091 1091 3.0
1091 247 1.0
1092 1694 1.0
1092 1093 1.0
1092 1092 1.0
1093 1092 1.0
1093 1694 2.0
1093 1554 2.0
1093 1280 2.0
1093 1093 6.0
1093 1091 3.0
1093 247 1.0
1094 1094 1.0
1094 26 1.0
1096 1096 1.0
1096 210 1.0
1097 1097 1.0
1097 1009 1.0
1097 360 1.0
1098 1098 1.0
1100 1003 1.0
1100 1591 1.0
1100 1100 3.0
1100 1002 1.0
1100 36 2.0
1101 1022 1.0
1101 1101 3.0
1101 12 1.0
1104 1104 1.0
1104 1073 1.0
1104 110 1.0
1106 1106 1.0
1108 1763 1.0
1108 1193 1.0
1108 1108 1.0
1109 1771 2.0
1109 1407 2.0
1109 1109 2.0
1110 1615 1.0
1110 1309 1.0
1110 1110 1.0
1110 50 1.0
1111 1667 1.0
1111 1111 1.0
1111 161 1.0
1111 55 1.0
1112 1112 2.0
1114 1114 1.0
1115 1724 2.0
1115 1115 2.0
1115 938 1.0
1119 1119 1.0
1119 88 1.0
1122 1122 1.0
1122 922 1.0
1122 240 1.0
1124 1124 1.0
1124 49 1.0
1125 542 1.0
1125 1125 2.0
1127 458 1.0
1127 440 1.0
1127 1677 2.0
1127 1127 3.0
1127 1068 2.0
1127 215 1.0
1130 1130 1.0
1131 1632 1.0
1131 1631 1.0
1131 1519 1.0
1131 1131 1.0
1132 1132 1.0
1132 623 1.0
1132 100 1.0
1135 1135 1.0
1136 1533 1.0
1136 1136 1.0
1139 1139 1.0
1140 1140 1.0
1143 1562 2.0
1143 1561 2.0
1143 590 2.0
1143 1143 4.0
1143 96 1.0
1144 1144 1.0
1144 1003 1.0
1144 688 1.0
1144 36 1.0
1146 1530 1.0
1146 1146 3.0
1147 1748 1.0
1147 1056 1.0
1147 1662 2.0
1147 1147 3.0
1147 19 2.0
1148 1181 1.0
1148 1148 1.0
1148 290 1.0
1148 279 1.0
1151 1493 1.0
1151 1151 1.0
1153 1481 1.0
1153 1153 1.0
1153 876 1.0
1154 1154 1.0
1154 1000 1.0
1154 256 1.0
1170 359 1.0
1170 1725 1.0
1170 1433 1.0
1170 1426 1.0
1170 1170 3.0
1172 1172 1.0
1172 740 1.0
1172 82 1.0
1173 1173 2.0
1177 1177 1.0
1179 1179 2.0
1179 810 1.0
1179 98 2.0
1181 484 2.0
1181 1181 3.0
1181 1148 1.0
1181 290 2.0
1181 279 1.0
1182 1401 1.0
1182 1182 3.0
1182 205 3.0
1186 1186 1.0
1187 1187 1.0
1187 284 1.0
1188 808 1.0
1188 1188 2.0
1188 211 1.0
1191 1708 2.0
1191 1191 2.0
1193 1763 1.0
1193 1108 1.0
1193 1679 1.0
1193 1193 2.0
1193 213 1.0
1194 1194 1.0
1198 1459 1.0
1198 643 1.0
1198 1198 2.0
1198 820 2.0
1199 1199 1.0
1201 1776 1.0
1201 1201 2.0
1201 582 1.0
1203 1203 1.0
1203 465 1.0
1205 1205 1.0
1208 1208 1.0
1208 780 1.0
1208 509 1.0
1209 1209 1.0
1211 1211 2.0
1212 1212 1.0
1212 145 1.0
1213 1468 1.0
1213 1217 1.0
1213 1215 1.0
1213 1214 1.0
1213 1213 1.0
1214 1468 1.0
1214 1217 1.0
1214 1215 1.0
1214 1214 1.0
1214 1213 1.0
1215 1468 1.0
1215 1217 1.0
1215 1215 1.0
1215 1214 1.0
1215 1213 1.0
1217 1468 1.0
1217 1217 1.0
1217 1215 1.0
1217 1214 1.0
1217 1213 1.0
1219 1223 1.0
1219 1219 1.0
1220 1220 1.0
1222 1222 1.0
1223 1223 1.0
1223 1219 1.0
1225 1225 1.0
1225 452 1.0
1227 1227 1.0
1229 1784 1.0
1229 1229 2.0
1229 1032 1.0
1229 83 2.0
1232 1480 2.0
1232 1479 2.0
1232 1478 2.0
1232 1232 3.0
1232 150 1.0
1234 1234 1.0
1235 1773 1.0
1235 1767 1.0
1235 1766 2.0
1235 1585 2.0
1235 1584 2.0
1235 1583 2.0
1235 1235 6.0
1236 1773 1.0
1236 1767 1.0
1236 1236 1.0
1237 1237 1.0
1238 1238 1.0
1240 1240 1.0
1240 938 1.0
1240 578 1.0
1241 1241 1.0
1241 65 1.0
1243 1243 1.0
1243 564 1.0
1244 1560 1.0
1244 1244 1.0
1244 195 1.0
1245 1246 1.0
1245 185 1.0
1245 201 1.0
1245 163 1.0
1245 1245 6.0
1245 211 1.0
1245 159 4.0
1246 1246 1.0
1246 1245 1.0
1246 185 1.0
1247 1247 1.0
1247 26 1.0
1248 1248 2.0
1249 1249 1.0
1249 218 1.0
1250 1250 1.0
1250 914 1.0
1252 1252 2.0
1252 756 2.0
1254 1486 1.0
1254 1485 1.0
1254 1484 1.0
1254 1483 1.0
1254 1254 2.0
1254 522 1.0
1255 1255 1.0
1257 1788 1.0
1257 370 1.0
1257 15 1.0
1257 109 1.0
1257 1257 3.0
1257 282 1.0
1258 23 1.0
1258 1531 1.0
1258 562 2.0
1258 1258 3.0
1258 561 3.0
1260 1260 1.0
1260 976 1.0
1261 1792 2.0
1261 1261 2.0
1264 1272 1.0
1264 916 1.0
1264 1264 2.0
1268 1268 1.0
1268 784 1.0
1270 1799 1.0
1270 1270 1.0
1270 420 1.0
1272 1272 1.0
1272 1264 1.0
1272 916 1.0
1274 1274 1.0
1275 1275 1.0
1276 1276 1.0
1277 1277 1.0
1277 62 1.0
1278 1437 1.0
1278 1399 1.0
1278 1278 2.0
1278 210 2.0
1280 1554 1.0
1280 1280 2.0
1280 1093 2.0
1280 1091 2.0
1280 247 1.0
1281 1281 1.0
1283 1638 2.0
1283 1637 2.0
1283 1636 2.0
1283 1283 2.0
1283 340 1.0
1284 1284 1.0
1284 201 1.0
1288 1288 1.0
1289 1289 1.0
1289 1024 1.0
1293 1801 2.0
1293 1293 3.0
1293 192 3.0
1294 865 1.0
1294 1595 3.0
1294 1315 2.0
1294 1294 4.0
1295 1295 1.0
1295 554 1.0
1296 1296 1.0
1296 346 1.0
1300 1300 1.0
1305 1305 1.0
1306 1306 1.0
1307 1509 2.0
1307 1307 4.0
1308 1754 2.0
1308 1308 2.0
1308 263 2.0
1308 192 2.0
1309 1615 1.0
1309 1309 2.0
1309 1110 1.0
1309 50 1.0
1311 347 1.0
1311 1311 5.0
1313 1313 1.0
1313 340 1.0
1315 1595 2.0
1315 1315 2.0
1315 1294 2.0
1316 1316 1.0
1320 1513 1.0
1320 1508 3.0
1320 1507 3.0
1320 1320 4.0
1320 347 3.0
1321 1337 1.0
1321 1321 1.0
1322 1699 3.0
1322 1444 4.0
1322 1322 4.0
1322 60 1.0
1322 15 4.0
1328 1330 1.0
1328 1329 1.0
1328 1328 1.0
1329 1330 1.0
1329 1329 1.0
1329 1328 1.0
1330 1330 1.0
1330 1329 1.0
1330 1328 1.0
1334 337 1.0
1334 70 1.0
1334 1710 1.0
1334 488 1.0
1334 1713 3.0
1334 1334 4.0
1335 1335 1.0
1335 786 1.0
1335 392 1.0
1337 1337 1.0
1337 1321 1.0
1338 1338 2.0
1339 1725 1.0
1339 1672 2.0
1339 1347 3.0
1339 1339 3.0
1339 510 3.0
1339 347 3.0
1344 1344 3.0
1345 403 1.0
1345 339 1.0
1345 69 1.0
1345 1345 2.0
1347 1589 1.0
1347 980 1.0
1347 924 1.0
1347 1725 1.0
1347 1672 2.0
1347 1339 3.0
1347 1613 1.0
1347 1347 5.0
1347 510 4.0
1347 347 5.0
1348 1348 1.0
1349 1349 1.0
1349 728 1.0
1349 727 1.0
1349 510 1.0
1354 1354 1.0
1354 34 1.0
1355 1355 1.0
1356 1357 1.0
1356 1356 1.0
1357 1669 1.0
1357 1357 3.0
1357 1356 1.0
1359 1654 1.0
1359 1653 1.0
1359 1359 1.0
1359 168 1.0
1362 1649 1.0
1362 1362 2.0
1362 147 2.0
1365 1365 1.0
1367 1368 1.0
1367 1367 1.0
1367 713 1.0
1368 1368 1.0
1368 1367 1.0
1368 713 1.0
1369 1628 2.0
1369 1369 2.0
1371 1371 1.0
1374 1374 1.0
1376 1376 1.0
1377 1377 1.0
1377 31 1.0
1379 1718 1.0
1379 1379 2.0
1379 57 2.0
1381 1381 1.0
1383 1668 1.0
1383 1383 1.0
1383 99 1.0
1383 60 1.0
1386 1387 1.0
1386 1386 1.0
1386 201 1.0
1387 1387 2.0
1387 1386 1.0
1387 201 2.0
1389 1391 1.0
1389 1389 1.0
1391 1391 1.0
1391 1389 1.0
1393 1393 2.0
1395 1395 1.0
1395 1046 1.0
1395 1045 1.0
1395 70 1.0
1399 1437 1.0
1399 1399 1.0
1399 1278 1.0
1399 210 1.0
1400 1400 1.0
1400 558 1.0
1401 1401 1.0
1401 1182 1.0
1401 205 1.0
1402 1402 1.0
1402 1074 1.0
1402 1073 1.0
1404 1404 2.0
1404 37 2.0
1406 1788 1.0
1406 1090 2.0
1406 15 2.0
1406 959 1.0
1406 1406 4.0
1406 1071 1.0
1407 1771 2.0
1407 1407 3.0
1407 1109 2.0
1411 1411 1.0
1411 531 1.0
1411 530 1.0
1414 1414 1.0
1414 391 1.0
1415 1415 1.0
1415 1088 1.0
1415 336 1.0
1417 1417 1.0
1418 632 1.0
1418 1714 1.0
1418 1418 3.0
1420 1814 1.0
1420 70 1.0
1420 1650 1.0
1420 1420 2.0
1420 505 2.0
1420 82 2.0
1424 1775 1.0
1424 1425 1.0
1424 1424 1.0
1425 1775 1.0
1425 1425 1.0
1425 1424 1.0
1426 1433 1.0
1426 1426 1.0
1426 1170 1.0
1429 1429 1.0
1429 438 1.0
1429 73 1.0
1433 1433 1.0
1433 1426 1.0
1433 1170 1.0
1434 1789 1.0
1434 1434 1.0
1434 1032 1.0
1434 466 1.0
1435 1713 1.0
1435 488 1.0
1435 1435 3.0
1435 1037 1.0
1435 1035 1.0
1435 60 1.0
1436 1441 1.0
1436 1436 2.0
1437 1437 1.0
1437 1399 1.0
1437 1278 1.0
1437 210 1.0
1441 1441 1.0
1441 1436 1.0
1444 1788 1.0
1444 1701 2.0
1444 1700 1.0
1444 1699 4.0
1444 1444 6.0
1444 1322 4.0
1444 60 3.0
1444 15 5.0
1448 1448 1.0
1454 141 1.0
1454 1812 1.0
1454 1454 2.0
1454 127 1.0
1459 1198 1.0
1459 820 1.0
1459 643 1.0
1459 1459 2.0
1459 829 1.0
1460 1460 1.0
1460 559 1.0
1466 1780 1.0
1466 1779 1.0
1466 1778 1.0
1466 1777 1.0
1466 1466 1.0
1468 1468 1.0
1468 1217 1.0
1468 1215 1.0
1468 1214 1.0
1468 1213 1.0
1475 322 1.0
1475 1475 2.0
1475 582 1.0
1476 1477 2.0
1476 1476 2.0
1477 1477 2.0
1477 1476 2.0
1478 1480 2.0
1478 1479 2.0
1478 1478 2.0
1478 1232 2.0
1479 1480 2.0
1479 1479 2.0
1479 1478 2.0
1479 1232 2.0
1480 1480 2.0
1480 1479 2.0
1480 1478 2.0
1480 1232 2.0
1481 1153 1.0
1481 876 1.0
1481 1481 2.0
1481 857 1.0
1482 1482 2.0
1482 239 1.0
1483 1486 2.0
1483 1485 1.0
1483 1484 2.0
1483 1483 2.0
1483 1254 1.0
1483 522 1.0
1484 1486 2.0
1484 1485 1.0
1484 1484 2.0
1484 1483 2.0
1484 1254 1.0
1484 522 1.0
1485 1590 1.0
1485 1486 1.0
1485 1485 2.0
1485 1484 1.0
1485 1483 1.0
1485 1254 1.0
1485 522 1.0
1486 1486 2.0
1486 1485 1.0
1486 1484 2.0
1486 1483 2.0
1486 1254 1.0
1486 522 1.0
1487 1487 2.0
1487 12 1.0
1488 1488 2.0
1488 555 2.0
1489 599 2.0
1489 96 3.0
1489 1489 4.0
1490 1627 3.0
1490 1626 2.0
1490 1490 4.0
1490 238 4.0
1490 237 1.0
1491 261 1.0
1491 693 2.0
1491 1492 2.0
1491 1491 3.0
1492 693 1.0
1492 1492 2.0
1492 1491 2.0
1493 1151 1.0
1493 1493 3.0
1493 240 1.0
1494 1494 2.0
1494 875 2.0
1494 873 1.0
1494 872 1.0
1494 659 2.0
1495 903 1.0
1495 902 1.0
1495 901 1.0
1495 1495 2.0
1496 1498 2.0
1496 1497 2.0
1496 1496 2.0
1497 1498 2.0
1497 1497 2.0
1497 1496 2.0
1498 1498 2.0
1498 1497 2.0
1498 1496 2.0
1499 1499 2.0
1500 1726 1.0
1500 1501 2.0
1500 1500 2.0
1501 1726 1.0
1501 1501 2.0
1501 1500 2.0
1502 1603 1.0
1502 1502 2.0
1502 952 2.0
1503 1504 2.0
1503 1503 2.0
1504 1504 2.0
1504 1503 2.0
1505 1529 1.0
1505 1505 2.0
1506 1506 2.0
1507 1508 3.0
1507 1507 3.0
1507 1320 3.0
1507 347 3.0
1508 1508 3.0
1508 1507 3.0
1508 1320 3.0
1508 347 3.0
1509 1509 2.0
1509 1307 2.0
1510 1512 2.0
1510 1511 2.0
1510 1510 2.0
1511 1512 2.0
1511 1511 2.0
1511 1510 2.0
1512 1512 2.0
1512 1511 2.0
1512 1510 2.0
1513 1320 1.0
1513 1513 2.0
1514 1516 2.0
1514 1515 2.0
1514 1514 2.0
1515 1516 2.0
1515 1515 2.0
1515 1514 2.0
1516 1516 2.0
1516 1515 2.0
1516 1514 2.0
1517 1547 1.0
1517 1517 3.0
1517 707 3.0
1518 1518 2.0
1518 680 1.0
1519 1605 1.0
1519 667 1.0
1519 1632 3.0
1519 1631 3.0
1519 1131 1.0
1519 1519 4.0
1520 1563 1.0
1520 1520 3.0
1520 922 1.0
1521 1522 2.0
1521 1521 2.0
1521 23 2.0
1522 1522 2.0
1522 1521 2.0
1522 23 2.0
1523 55 1.0
1523 1523 2.0
1524 1525 3.0
1524 1524 3.0
1525 1570 2.0
1525 1525 5.0
1525 1524 3.0
1526 1526 2.0
1526 671 2.0
1527 1528 2.0
1527 1527 2.0
1528 1528 2.0
1528 1527 2.0
1529 1505 1.0
1529 1529 2.0
1530 1146 1.0
1530 1530 2.0
1531 1531 2.0
1531 1258 1.0
1531 562 2.0
1531 561 2.0
1532 1532 2.0
1532 241 1.0
1533 1136 1.0
1533 1535 1.0
1533 1534 2.0
1533 1533 3.0
1534 949 1.0
1534 1535 1.0
1534 1534 6.0
1534 1533 2.0
1535 949 1.0
1535 941 1.0
1535 1535 2.0
1535 1534 1.0
1535 1533 1.0
1536 1537 1.0
1536 1536 2.0
1537 1619 1.0
1537 1537 3.0
1537 1536 1.0
1538 976 1.0
1538 975 1.0
1538 1538 2.0
1539 1539 3.0
1540 1540 2.0
1541 1542 1.0
1541 1541 2.0
1541 961 1.0
1541 891 1.0
1542 685 1.0
1542 564 1.0
1542 1542 2.0
1542 1541 1.0
1542 961 1.0
1542 891 1.0
1543 1546 2.0
1543 1545 1.0
1543 1544 2.0
1543 1543 2.0
1544 1546 2.0
1544 1545 1.0
1544 1544 2.0
1544 1543 2.0
1545 573 1.0
1545 1546 1.0
1545 1545 2.0
1545 1544 1.0
1545 1543 1.0
1546 1546 2.0
1546 1545 1.0
1546 1544 2.0
1546 1543 2.0
1547 1517 1.0
1547 707 1.0
1547 1547 2.0
1548 988 1.0
1548 1548 2.0
1549 1550 1.0
1549 1549 2.0
1549 947 2.0
1550 1550 2.0
1550 1549 1.0
1550 947 2.0
1551 1551 2.0
1551 574 2.0
1552 1552 2.0
1552 237 2.0
1553 1553 2.0
1553 697 1.0
1554 1554 2.0
1554 1280 1.0
1554 1093 2.0
1554 1091 1.0
1554 247 1.0
1555 1555 2.0
1555 366 2.0
1556 1755 1.0
1556 1556 2.0
1556 865 2.0
1557 1557 2.0
1558 1558 2.0
1559 1559 2.0
1560 671 1.0
1560 1560 2.0
1560 1244 1.0
1560 195 2.0
1561 1720 1.0
1561 1562 2.0
1561 1561 3.0
1561 1143 2.0
1561 590 2.0
1562 1562 2.0
1562 1561 2.0
1562 1143 2.0
1562 590 2.0
1563 1520 1.0
1563 1563 2.0
1564 1640 2.0
1564 1639 2.0
1564 1564 3.0
1564 55 1.0
1565 1567 2.0
1565 1566 2.0
1565 1565 2.0
1566 1567 2.0
1566 1566 2.0
1566 1565 2.0
1567 1567 2.0
1567 1566 2.0
1567 1565 2.0
1568 1569 2.0
1568 1568 2.0
1569 1569 2.0
1569 1568 2.0
1570 1570 2.0
1570 1525 2.0
1571 1577 2.0
1571 1576 2.0
1571 1575 2.0
1571 1574 2.0
1571 1573 2.0
1571 1572 2.0
1571 1571 2.0
1572 1577 2.0
1572 1576 2.0
1572 1575 2.0
1572 1574 2.0
1572 1573 2.0
1572 1572 2.0
1572 1571 2.0
1573 1577 2.0
1573 1576 2.0
1573 1575 2.0
1573 1574 2.0
1573 1573 2.0
1573 1572 2.0
1573 1571 2.0
1574 1577 2.0
1574 1576 2.0
1574 1575 2.0
1574 1574 2.0
1574 1573 2.0
1574 1572 2.0
1574 1571 2.0
1575 1577 2.0
1575 1576 2.0
1575 1575 2.0
1575 1574 2.0
1575 1573 2.0
1575 1572 2.0
1575 1571 2.0
1576 1577 2.0
1576 1576 2.0
1576 1575 2.0
1576 1574 2.0
1576 1573 2.0
1576 1572 2.0
1576 1571 2.0
1577 1577 2.0
1577 1576 2.0
1577 1575 2.0
1577 1574 2.0
1577 1573 2.0
1577 1572 2.0
1577 1571 2.0
1578 1079 1.0
1578 246 1.0
1578 486 1.0
1578 1578 3.0
1578 33 1.0
1579 1580 2.0
1579 1579 2.0
1580 1580 2.0
1580 1579 2.0
1581 1581 2.0
1582 1582 2.0
1582 257 2.0
1583 1585 3.0
1583 1584 3.0
1583 1583 3.0
1583 1235 2.0
1584 1585 3.0
1584 1584 3.0
1584 1583 3.0
1584 1235 2.0
1585 1585 3.0
1585 1584 3.0
1585 1583 3.0
1585 1235 2.0
1586 1586 3.0
1587 1587 2.0
1587 524 2.0
1588 584 1.0
1588 904 1.0
1588 564 1.0
1588 1588 3.0
1588 961 1.0
1589 1347 1.0
1589 924 1.0
1589 1589 3.0
1589 980 3.0
1589 530 1.0
1589 347 3.0
1590 91 1.0
1590 1590 2.0
1590 1485 1.0
1591 1003 1.0
1591 668 1.0
1591 1591 2.0
1591 1100 1.0
1591 1002 2.0
1591 36 1.0
1592 1592 3.0
1592 563 2.0
1593 1593 2.0
1593 372 2.0
1594 348 1.0
1594 1594 2.0
1595 1595 3.0
1595 1315 2.0
1595 1294 3.0
1596 1596 2.0
1597 1597 2.0
1598 1601 1.0
1598 1600 2.0
1598 1599 2.0
1598 1598 2.0
1598 596 2.0
1599 1601 1.0
1599 1600 2.0
1599 1599 2.0
1599 1598 2.0
1599 596 2.0
1600 1601 1.0
1600 1600 2.0
1600 1599 2.0
1600 1598 2.0
1600 596 2.0
1601 1726 1.0
1601 667 1.0
1601 1601 2.0
1601 1600 1.0
1601 1599 1.0
1601 1598 1.0
1601 596 1.0
1602 1602 2.0
1602 627 1.0
1602 596 2.0
1603 1502 1.0
1603 952 1.0
1603 1603 2.0
1604 1606 2.0
1604 1605 1.0
1604 1604 2.0
1604 59 1.0
1605 1632 1.0
1605 1631 1.0
1605 1519 1.0
1605 667 1.0
1605 1606 1.0
1605 1605 3.0
1605 1604 1.0
1605 59 1.0
1606 1606 2.0
1606 1605 1.0
1606 1604 2.0
1606 59 1.0
1607 1608 2.0
1607 1607 2.0
1607 769 1.0
1608 1608 3.0
1608 1607 2.0
1608 769 1.0
1609 1609 2.0
1609 858 2.0
1610 1610 2.0
1610 752 1.0
1611 1612 2.0
1611 1611 2.0
1611 949 1.0
1612 1612 2.0
1612 1611 2.0
1612 949 1.0
1613 728 1.0
1613 726 1.0
1613 1613 2.0
1613 1347 1.0
1613 510 2.0
1613 347 2.0
1614 1614 2.0
1615 1309 1.0
1615 1110 1.0
1615 1615 2.0
1615 50 2.0
1616 596 1.0
1616 1616 2.0
1617 1618 2.0
1617 1617 2.0
1617 908 2.0
1618 1618 2.0
1618 1617 2.0
1618 908 2.0
1619 1537 1.0
1619 1619 2.0
1620 1774 1.0
1620 778 1.0
1620 1620 4.0
1620 721 1.0
1621 1621 2.0
1621 995 2.0
1621 869 1.0
1622 1623 1.0
1622 218 3.0
1622 1622 4.0
1623 1623 2.0
1623 1622 1.0
1623 218 1.0
1624 1624 2.0
1625 1625 2.0
1625 1000 2.0
1626 1627 2.0
1626 1626 2.0
1626 1490 2.0
1626 238 2.0
1627 1627 3.0
1627 1626 2.0
1627 1490 3.0
1627 238 3.0
1628 1628 4.0
1628 1369 2.0
1629 1630 2.0
1629 1629 2.0
1630 1630 2.0
1630 1629 2.0
1631 1605 1.0
1631 667 1.0
1631 1632 3.0
1631 1631 3.0
1631 1519 3.0
1631 1131 1.0
1632 1605 1.0
1632 667 1.0
1632 1632 3.0
1632 1631 3.0
1632 1519 3.0
1632 1131 1.0
1633 1633 2.0
1634 1768 1.0
1634 1635 2.0
1634 1634 2.0
1635 1768 1.0
1635 1635 2.0
1635 1634 2.0
1636 1638 2.0
1636 1637 2.0
1636 1636 2.0
1636 1283 2.0
1636 340 1.0
1637 1638 2.0
1637 1637 2.0
1637 1636 2.0
1637 1283 2.0
1637 340 1.0
1638 1638 2.0
1638 1637 2.0
1638 1636 2.0
1638 1283 2.0
1638 340 1.0
1639 1640 2.0
1639 1639 2.0
1639 1564 2.0
1640 1640 2.0
1640 1639 2.0
1640 1564 2.0
1641 1643 2.0
1641 1642 2.0
1641 1641 2.0
1642 1643 2.0
1642 1642 2.0
1642 1641 2.0
1643 1717 2.0
1643 1716 2.0
1643 1715 2.0
1643 1643 4.0
1643 1642 2.0
1643 1641 2.0
1644 1644 2.0
1644 758 2.0
1645 788 1.0
1645 611 1.0
1645 1645 2.0
1645 75 2.0
1646 1647 2.0
1646 1646 2.0
1647 1647 2.0
1647 1646 2.0
1648 1649 2.0
1648 1648 2.0
1649 1362 1.0
1649 147 1.0
1649 1649 3.0
1649 1648 2.0
1650 70 1.0
1650 1650 2.0
1650 1420 1.0
1650 505 2.0
1650 82 2.0
1651 1651 2.0
1651 29 1.0
1652 1703 1.0
1652 204 1.0
1652 1654 1.0
1652 1653 1.0
1652 1652 2.0
1653 1359 1.0
1653 168 1.0
1653 1654 2.0
1653 1653 2.0
1653 1652 1.0
1654 1359 1.0
1654 168 1.0
1654 1654 2.0
1654 1653 2.0
1654 1652 1.0
1655 1655 2.0
1656 1656 2.0
1657 1683 1.0
1657 340 1.0
1657 783 1.0
1657 551 2.0
1657 1657 3.0
1658 1658 2.0
1658 53 1.0
1659 1661 2.0
1659 1660 2.0
1659 1659 3.0
1660 1661 2.0
1660 1660 2.0
1660 1659 2.0
1661 1661 2.0
1661 1660 2.0
1661 1659 2.0
1662 1056 1.0
1662 1662 2.0
1662 1147 2.0
1662 19 1.0
1663 1663 2.0
1664 1665 2.0
1664 1664 2.0
1664 786 2.0
1665 1665 2.0
1665 1664 2.0
1665 786 2.0
1666 1666 3.0
1666 172 3.0
1667 1111 1.0
1667 1667 3.0
1667 161 3.0
1667 55 3.0
1668 1383 1.0
1668 99 1.0
1668 60 1.0
1668 1668 2.0
1668 396 1.0
1669 1670 1.0
1669 1669 2.0
1669 1357 1.0
1670 1803 1.0
1670 1670 2.0
1670 1669 1.0
1671 1671 2.0
1671 57 2.0
1672 1725 1.0
1672 1672 2.0
1672 1347 2.0
1672 1339 2.0
1672 510 2.0
1672 347 2.0
1673 1673 3.0
1673 374 1.0
1674 1674 3.0
1674 713 3.0
1675 1675 2.0
1675 620 1.0
1675 375 1.0
1676 392 1.0
1676 1676 3.0
1676 666 2.0
1677 1677 2.0
1677 1127 2.0
1677 1068 2.0
1677 215 1.0
1678 1678 2.0
1678 710 1.0
1679 685 1.0
1679 1193 1.0
1679 213 2.0
1679 1679 3.0
1680 213 1.0
1680 1680 2.0
1680 1075 1.0
1681 1681 2.0
1681 439 1.0
1682 620 1.0
1682 96 1.0
1682 1682 3.0
1683 1657 1.0
1683 551 1.0
1683 340 1.0
1683 1683 2.0
1684 688 1.0
1684 1684 2.0
1684 955 1.0
1684 573 2.0
1685 1685 2.0
1686 1686 2.0
1686 73 1.0
1687 1687 2.0
1687 98 1.0
1688 419 1.0
1688 372 2.0
1688 1688 3.0
1688 211 2.0
1688 197 1.0
1689 1689 2.0
1690 1691 2.0
1690 1690 2.0
1690 354 2.0
1691 1691 2.0
1691 1690 2.0
1691 354 2.0
1692 1692 2.0
1692 19 2.0
1693 541 2.0
1693 1693 3.0
1693 54 2.0
1694 1092 1.0
1694 1694 2.0
1694 1093 2.0
1695 1775 1.0
1695 1696 2.0
1695 1695 2.0
1696 748 1.0
1696 644 1.0
1696 456 1.0
1696 75 1.0
1696 1775 1.0
1696 1696 4.0
1696 1695 2.0
1697 1791 1.0
1697 1697 2.0
1697 6 2.0
1698 1781 1.0
1698 1698 2.0
1698 492 2.0
1699 1788 1.0
1699 1701 1.0
1699 60 1.0
1699 1699 4.0
1699 1444 4.0
1699 1322 3.0
1699 15 4.0
1700 1444 1.0
1700 1701 2.0
1700 1700 2.0
1700 60 2.0
1701 1788 1.0
1701 1699 1.0
1701 15 1.0
1701 1444 2.0
1701 1701 3.0
1701 1700 2.0
1701 60 3.0
1702 290 1.0
1702 279 1.0
1702 1702 2.0
1702 804 1.0
1703 1652 1.0
1703 204 1.0
1703 1703 3.0
1704 1707 2.0
1704 1706 1.0
1704 1705 2.0
1704 1704 2.0
1704 727 2.0
1705 1707 2.0
1705 1706 1.0
1705 1705 2.0
1705 1704 2.0
1705 727 2.0
1706 1707 2.0
1706 1706 2.0
1706 1705 1.0
1706 1704 1.0
1706 727 1.0
1707 1707 4.0
1707 1706 2.0
1707 1705 2.0
1707 1704 2.0
1707 727 2.0
1708 1708 2.0
1708 1191 2.0
1709 1772 1.0
1709 1709 2.0
1709 1009 2.0
1710 1713 1.0
1710 1334 1.0
1710 1711 2.0
1710 1710 3.0
1710 488 3.0
1711 1711 2.0
1711 1710 2.0
1711 488 2.0
1712 1712 2.0
1712 526 1.0
1713 1435 1.0
1713 1710 1.0
1713 488 2.0
1713 1713 4.0
1713 1334 3.0
1714 1418 1.0
1714 1714 2.0
1714 633 1.0
1715 1717 2.0
1715 1716 2.0
1715 1715 2.0
1715 1643 2.0
1716 1717 2.0
1716 1716 2.0
1716 1715 2.0
1716 1643 2.0
1717 1717 2.0
1717 1716 2.0
1717 1715 2.0
1717 1643 2.0
1718 1718 2.0
1718 1379 1.0
1718 57 1.0
1719 1719 2.0
1720 1720 2.0
1720 1561 1.0
1721 1731 1.0
1721 1721 2.0
1721 603 2.0
1722 563 1.0
1722 1723 2.0
1722 1722 2.0
1723 563 1.0
1723 1723 2.0
1723 1722 2.0
1724 1724 2.0
1724 1115 2.0
1724 938 1.0
1725 1170 1.0
1725 1725 2.0
1725 1672 1.0
1725 1347 1.0
1725 1339 1.0
1725 510 1.0
1725 347 1.0
1726 1501 1.0
1726 1500 1.0
1726 1726 2.0
1726 1601 1.0
1726 667 1.0
1727 1727 2.0
1728 284 1.0
1728 1728 2.0
1728 574 1.0
1728 23 1.0
1729 1729 3.0
1730 930 1.0
1730 911 1.0
1730 863 1.0
1730 260 1.0
1730 1730 3.0
1730 597 2.0
1731 1732 1.0
1731 1731 2.0
1731 1721 1.0
1731 603 1.0
1732 1732 2.0
1732 1731 1.0
1733 1037 1.0
1733 49 1.0
1733 1762 2.0
1733 1733 3.0
1733 1024 2.0
1733 517 1.0
1734 1734 2.0
1735 1735 2.0
1736 1736 2.0
1737 1738 2.0
1737 1737 2.0
1737 23 2.0
1738 1738 2.0
1738 1737 2.0
1738 23 2.0
1739 1740 2.0
1739 1739 2.0
1739 241 2.0
1740 1740 2.0
1740 1739 2.0
1740 241 2.0
1741 1743 1.0
1741 1742 2.0
1741 1741 2.0
1742 1743 2.0
1742 1742 4.0
1742 1741 2.0
1743 327 1.0
1743 166 1.0
1743 1743 4.0
1743 1742 2.0
1743 1741 1.0
1744 1744 2.0
1745 1745 2.0
1746 1747 2.0
1746 1746 2.0
1746 913 2.0
1747 1747 2.0
1747 1746 2.0
1747 913 2.0
1748 1147 1.0
1748 758 1.0
1748 1748 3.0
1748 19 3.0
1749 1749 2.0
1749 58 1.0
1750 1750 2.0
1751 1751 2.0
1751 438 2.0
1751 369 2.0
1752 1752 2.0
1752 577 2.0
1752 576 2.0
1752 264 2.0
1752 23 1.0
1753 1753 2.0
1753 954 1.0
1754 1754 2.0
1754 1308 2.0
1754 263 2.0
1754 192 2.0
1755 988 1.0
1755 1755 2.0
1755 1556 1.0
1755 865 2.0
1756 1757 2.0
1756 1756 2.0
1757 1757 2.0
1757 1756 2.0
1758 1758 2.0
1759 1759 2.0
1759 979 1.0
1760 1760 2.0
1761 1761 2.0
1762 1037 1.0
1762 1733 2.0
1762 1762 3.0
1762 1024 2.0
1762 1023 1.0
1762 49 2.0
1763 1193 1.0
1763 1108 1.0
1763 1763 2.0
1764 369 1.0
1764 1764 2.0
1764 39 1.0
1765 1765 2.0
1765 578 2.0
1766 1767 1.0
1766 1766 2.0
1766 1235 2.0
1767 1773 1.0
1767 1236 1.0
1767 1767 2.0
1767 1766 1.0
1767 1235 1.0
1768 961 1.0
1768 1768 2.0
1768 1635 1.0
1768 1634 1.0
1769 1769 2.0
1770 1770 2.0
1770 218 1.0
1771 1771 2.0
1771 1407 2.0
1771 1109 2.0
1772 1010 1.0
1772 1772 2.0
1772 1709 1.0
1772 1009 2.0
1773 1767 1.0
1773 1236 1.0
1773 1773 2.0
1773 1235 1.0
1774 1620 1.0
1774 1774 2.0
1774 778 2.0
1775 1425 1.0
1775 1424 1.0
1775 1775 2.0
1775 1696 1.0
1775 1695 1.0
1776 1201 1.0
1776 1776 2.0
1777 1780 1.0
1777 1466 1.0
1777 1779 2.0
1777 1778 2.0
1777 1777 2.0
1777 633 1.0
1778 1780 1.0
1778 1466 1.0
1778 1779 2.0
1778 1778 2.0
1778 1777 2.0
1778 633 1.0
1779 1780 1.0
1779 1466 1.0
1779 1779 2.0
1779 1778 2.0
1779 1777 2.0
1779 633 1.0
1780 1035 1.0
1780 1780 2.0
1780 1779 1.0
1780 1778 1.0
1780 1777 1.0
1780 1466 1.0
1781 1781 2.0
1781 1698 1.0
1781 492 2.0
1782 1783 1.0
1782 1782 2.0
1782 666 1.0
1782 392 2.0
1783 722 1.0
1783 1783 2.0
1783 1782 1.0
1783 666 1.0
1783 392 2.0
1784 1229 1.0
1784 1032 1.0
1784 1784 2.0
1784 83 2.0
1785 1785 2.0
1786 1786 2.0
1786 509 2.0
1787 613 1.0
1787 1787 2.0
1788 1257 1.0
1788 370 1.0
1788 1701 1.0
1788 1699 1.0
1788 1444 1.0
1788 60 1.0
1788 1788 3.0
1788 1406 1.0
1788 1090 1.0
1788 15 3.0
1789 1434 1.0
1789 466 1.0
1789 1789 3.0
1789 1032 3.0
1789 507 2.0
1789 83 2.0
1790 150 1.0
1790 1790 3.0
1790 620 2.0
1791 1791 2.0
1791 1697 1.0
1791 6 1.0
1792 1792 2.0
1792 1261 2.0
1793 1793 2.0
1793 421 2.0
1794 1800 2.0
1794 68 1.0
1794 1794 3.0
1795 1797 1.0
1795 1796 2.0
1795 1795 2.0
1795 418 1.0
1796 1797 1.0
1796 1796 2.0
1796 1795 2.0
1796 418 1.0
1797 293 1.0
1797 1797 2.0
1797 1796 1.0
1797 1795 1.0
1797 418 1.0
1798 1798 2.0
1799 1270 1.0
1799 1799 2.0
1799 420 2.0
1800 1800 2.0
1800 1794 2.0
1800 68 1.0
1801 1801 2.0
1801 1293 2.0
1801 192 2.0
1802 1806 1.0
1802 808 1.0
1802 1802 2.0
1803 1670 1.0
1803 1803 2.0
1804 1805 2.0
1804 1804 2.0
1805 1805 2.0
1805 1804 2.0
1806 1802 1.0
1806 1806 2.0
1806 808 2.0
1807 1807 2.0
1807 611 2.0
1808 1809 2.0
1808 1808 2.0
1809 1809 2.0
1809 1808 2.0
1810 721 1.0
1810 1810 2.0
1810 446 2.0
1811 1811 2.0
1812 1812 2.0
1812 1454 1.0
1812 127 2.0
1813 1813 2.0
1813 127 2.0
1814 1816 1.0
1814 329 1.0
1814 185 1.0
1814 69 1.0
1814 1814 2.0
1814 1420 1.0
1814 505 1.0
1814 82 1.0
1814 70 2.0
1815 306 1.0
1815 1815 2.0
1815 991 2.0
1815 141 2.0
1816 1814 1.0
1816 329 1.0
1816 185 1.0
1816 69 1.0
1816 1817 2.0
1816 1816 3.0
1816 70 3.0
1817 1817 2.0
1817 1816 2.0
1817 70 2.0
1818 843 1.0
1818 825 1.0
1818 1818 2.0
1819 824 1.0
1819 1819 2.0
1820 597 1.0
1820 1820 2.0
1821 1053 1.0
1821 70 1.0
1821 1821 2.0
1821 1054 2.0
1822 1822 3.0
1823 590 1.0
1823 1823 2.0
