2022 2022
3 761 1.0
3 3 1.0
4 4 1.0
9 9 1.0
10 10 1.0
12 1840 1.0
12 1101 1.0
12 12 2.0
15 1788 1.0
15 99 1.0
15 1984 2.0
15 1699 3.0
15 1444 2.0
15 60 1.0
15 1979 2.0
15 1978 2.0
15 1090 2.0
15 15 6.0
19 763 1.0
19 19 2.0
20 360 1.0
20 215 1.0
20 20 2.0
22 439 1.0
22 22 2.0
23 1738 1.0
23 1902 1.0
23 518 1.0
23 1868 1.0
23 1541 1.0
23 1728 1.0
23 920 1.0
23 919 1.0
23 240 1.0
23 23 6.0
24 25 1.0
24 67 1.0
24 24 3.0
25 25 1.0
25 24 1.0
26 1898 1.0
26 993 1.0
26 1247 1.0
26 26 3.0
28 1903 1.0
28 1588 1.0
28 28 1.0
29 29 1.0
31 1083 2.0
31 31 2.0
33 567 1.0
33 524 1.0
33 1854 1.0
33 1853 1.0
33 1742 1.0
33 908 1.0
33 33 4.0
34 1946 1.0
34 1848 1.0
34 1176 1.0
34 34 2.0
37 1154 1.0
37 914 1.0
37 247 1.0
37 1968 2.0
37 1897 3.0
37 37 7.0
38 1980 1.0
38 38 4.0
39 1885 2.0
39 1884 2.0
39 955 1.0
39 39 2.0
40 40 1.0
43 43 1.0
45 45 1.0
49 1678 1.0
49 710 1.0
49 590 1.0
49 1859 1.0
49 1037 1.0
49 1024 1.0
49 1023 1.0
49 49 5.0
50 1309 1.0
50 50 2.0
52 52 1.0
53 1658 1.0
53 1414 1.0
53 1358 1.0
53 53 3.0
54 2019 2.0
54 434 1.0
54 1693 1.0
54 54 5.0
55 1639 1.0
55 1564 2.0
55 55 3.0
57 1671 2.0
57 57 3.0
58 150 1.0
58 1749 1.0
58 58 5.0
59 59 2.0
60 1982 1.0
60 68 1.0
60 301 1.0
60 2012 1.0
60 1963 1.0
60 805 1.0
60 1985 1.0
60 1701 1.0
60 1988 2.0
60 1984 1.0
60 1699 1.0
60 1444 2.0
60 60 8.0
60 15 1.0
62 2006 1.0
62 1096 1.0
62 2011 2.0
62 1440 1.0
62 62 2.0
67 67 1.0
67 24 1.0
68 60 1.0
68 1867 1.0
68 1982 2.0
68 68 3.0
70 1941 1.0
70 1032 1.0
70 507 1.0
70 1362 1.0
70 1056 1.0
70 1053 1.0
70 147 1.0
70 1933 1.0
70 1371 1.0
70 1363 1.0
70 1171 1.0
70 329 1.0
70 1638 1.0
70 86 1.0
70 1650 1.0
70 1420 1.0
70 505 2.0
70 82 2.0
70 1880 3.0
70 1046 3.0
70 1045 3.0
70 70 9.0
71 1342 1.0
71 1036 1.0
71 1322 1.0
71 110 1.0
71 71 2.0
73 2002 2.0
73 1895 1.0
73 1429 1.0
73 1417 1.0
73 438 2.0
73 73 2.0
74 1992 2.0
74 1991 2.0
74 1990 2.0
74 1932 1.0
74 74 3.0
82 1229 1.0
82 780 1.0
82 83 1.0
82 1371 1.0
82 1363 1.0
82 1171 1.0
82 329 2.0
82 1933 3.0
82 1931 2.0
82 1650 2.0
82 1420 1.0
82 505 2.0
82 70 2.0
82 1395 1.0
82 1081 2.0
82 1080 2.0
82 82 9.0
83 1229 1.0
83 780 1.0
83 82 1.0
83 1784 1.0
83 1321 1.0
83 774 1.0
83 1941 1.0
83 1032 1.0
83 507 1.0
83 83 4.0
86 86 1.0
86 70 1.0
88 1968 1.0
88 206 1.0
88 88 3.0
91 1590 1.0
91 91 2.0
92 92 1.0
96 1987 1.0
96 1976 1.0
96 1682 1.0
96 2004 3.0
96 1911 1.0
96 96 5.0
98 281 1.0
98 1877 3.0
98 98 3.0
99 764 1.0
99 1788 1.0
99 1090 1.0
99 99 2.0
99 15 1.0
100 236 1.0
100 1382 3.0
100 100 3.0
101 1949 1.0
101 101 2.0
102 119 1.0
102 102 1.0
103 103 3.0
108 108 1.0
109 1257 1.0
109 109 1.0
110 1082 2.0
110 1955 2.0
110 369 2.0
110 1322 1.0
110 110 5.0
110 71 1.0
111 112 1.0
111 111 1.0
112 112 1.0
112 111 1.0
115 115 1.0
118 118 1.0
119 119 1.0
119 102 1.0
121 2012 1.0
121 121 2.0
122 1958 2.0
122 122 2.0
123 123 1.0
141 1696 1.0
141 1454 1.0
141 141 1.0
147 1056 1.0
147 1053 1.0
147 70 1.0
147 950 1.0
147 1999 1.0
147 1159 1.0
147 1157 1.0
147 956 2.0
147 492 1.0
147 404 1.0
147 1362 2.0
147 1907 2.0
147 1906 2.0
147 147 7.0
150 620 1.0
150 1939 1.0
150 1914 1.0
150 58 1.0
150 1825 1.0
150 1232 1.0
150 150 4.0
159 548 1.0
159 1245 2.0
159 211 1.0
159 159 3.0
161 161 1.0
164 1940 2.0
164 1869 1.0
164 474 1.0
164 164 3.0
168 1652 1.0
168 168 1.0
173 173 1.0
186 1898 1.0
186 186 1.0
192 387 1.0
192 1903 1.0
192 1801 1.0
192 1243 1.0
192 192 2.0
195 1974 1.0
195 1680 1.0
195 710 1.0
195 540 1.0
195 1560 1.0
195 1244 1.0
195 195 4.0
198 198 1.0
201 1312 1.0
201 1285 1.0
201 1925 1.0
201 1918 1.0
201 1387 1.0
201 1986 1.0
201 1711 1.0
201 488 1.0
201 1386 2.0
201 201 6.0
203 203 1.0
204 1975 1.0
204 204 1.0
205 1182 1.0
205 205 1.0
206 1968 1.0
206 88 1.0
206 1862 1.0
206 1797 1.0
206 1404 2.0
206 206 3.0
207 1439 1.0
207 433 1.0
207 207 4.0
209 209 1.0
210 1945 2.0
210 760 1.0
210 1096 3.0
210 210 5.0
211 713 1.0
211 550 1.0
211 1188 1.0
211 765 1.0
211 372 1.0
211 1688 1.0
211 1953 3.0
211 1952 2.0
211 808 2.0
211 1245 1.0
211 211 10.0
211 159 1.0
213 710 1.0
213 1679 1.0
213 685 1.0
213 213 3.0
214 214 1.0
215 360 1.0
215 215 1.0
215 20 1.0
218 1305 1.0
218 218 1.0
221 1866 2.0
221 1865 2.0
221 1864 2.0
221 1863 2.0
221 221 2.0
223 244 1.0
223 223 3.0
227 1682 1.0
227 1099 1.0
227 227 1.0
229 708 1.0
229 229 2.0
234 234 1.0
236 1382 1.0
236 236 1.0
236 100 1.0
237 1834 2.0
237 701 2.0
237 261 2.0
237 237 2.0
240 919 1.0
240 240 2.0
240 23 1.0
241 1532 1.0
241 241 1.0
244 244 1.0
244 223 1.0
247 1968 1.0
247 247 1.0
247 37 1.0
248 248 1.0
252 1888 1.0
252 252 1.0
257 257 3.0
259 1896 2.0
259 1842 2.0
259 1841 2.0
259 1840 2.0
259 259 5.0
260 1730 1.0
260 714 1.0
260 260 1.0
261 932 2.0
261 1834 2.0
261 701 2.0
261 237 2.0
261 261 5.0
264 1832 2.0
264 937 1.0
264 662 1.0
264 264 3.0
266 266 1.0
279 289 1.0
279 1954 1.0
279 279 3.0
281 1877 1.0
281 281 1.0
281 98 1.0
283 283 2.0
284 1972 1.0
284 811 1.0
284 439 1.0
284 284 5.0
289 289 1.0
289 279 1.0
290 290 1.0
295 295 2.0
299 438 1.0
299 299 1.0
301 301 1.0
301 60 1.0
303 764 1.0
303 303 1.0
304 304 2.0
327 327 1.0
329 1933 2.0
329 1363 1.0
329 1171 1.0
329 505 1.0
329 82 2.0
329 70 1.0
329 1371 2.0
329 877 1.0
329 329 3.0
332 1930 2.0
332 332 3.0
336 2013 1.0
336 1088 1.0
336 1415 1.0
336 1974 1.0
336 1973 2.0
336 336 3.0
337 1329 1.0
337 1229 1.0
337 337 1.0
340 1943 1.0
340 1657 1.0
340 1638 1.0
340 551 1.0
340 340 1.0
342 342 1.0
346 998 1.0
346 738 1.0
346 346 2.0
347 1989 2.0
347 1879 2.0
347 1508 3.0
347 1507 3.0
347 1320 3.0
347 1349 1.0
347 728 1.0
347 1672 1.0
347 1055 1.0
347 924 1.0
347 1905 2.0
347 980 1.0
347 1904 1.0
347 1311 1.0
347 1347 2.0
347 1589 3.0
347 530 2.0
347 1869 1.0
347 1613 1.0
347 510 2.0
347 347 14.0
348 348 1.0
349 1156 1.0
349 349 1.0
354 1691 1.0
354 354 1.0
357 406 1.0
357 357 1.0
360 360 1.0
360 215 1.0
360 20 1.0
366 366 2.0
369 1764 1.0
369 2007 2.0
369 2003 1.0
369 1955 2.0
369 369 6.0
369 110 2.0
372 211 1.0
372 1969 1.0
372 1688 1.0
372 372 3.0
374 1985 1.0
374 374 1.0
375 375 2.0
376 376 1.0
387 387 1.0
387 192 1.0
395 395 1.0
396 1803 1.0
396 396 1.0
397 1876 1.0
397 785 2.0
397 397 4.0
398 1999 1.0
398 398 2.0
401 1921 1.0
401 731 1.0
401 401 2.0
404 1999 1.0
404 1159 1.0
404 1157 1.0
404 956 1.0
404 492 1.0
404 147 1.0
404 404 2.0
405 1271 1.0
405 405 1.0
406 406 1.0
406 357 1.0
414 414 1.0
418 1847 2.0
418 1796 2.0
418 1946 1.0
418 418 3.0
419 2016 1.0
419 2008 2.0
419 419 5.0
421 1948 2.0
421 1947 2.0
421 421 2.0
426 1963 1.0
426 426 1.0
427 427 1.0
429 429 1.0
432 701 1.0
432 590 1.0
432 1862 1.0
432 1475 1.0
432 432 2.0
433 433 2.0
433 207 1.0
434 54 1.0
434 1981 1.0
434 434 3.0
438 2002 2.0
438 1429 1.0
438 1417 1.0
438 73 2.0
438 299 1.0
438 1895 2.0
438 438 4.0
439 749 1.0
439 22 1.0
439 1717 2.0
439 1715 2.0
439 1972 1.0
439 811 1.0
439 439 5.0
439 284 1.0
443 1998 1.0
443 443 1.0
451 451 2.0
465 723 1.0
465 465 1.0
468 468 1.0
474 1993 1.0
474 474 2.0
474 164 1.0
475 475 1.0
477 477 1.0
483 1059 1.0
483 483 1.0
484 1923 1.0
484 1922 1.0
484 1181 1.0
484 484 1.0
486 781 1.0
486 486 3.0
487 487 1.0
488 201 1.0
488 1713 2.0
488 1334 2.0
488 767 1.0
488 1037 1.0
488 1435 1.0
488 768 1.0
488 1986 3.0
488 1711 5.0
488 1710 2.0
488 488 8.0
491 491 3.0
492 1999 1.0
492 1159 1.0
492 1157 1.0
492 956 1.0
492 404 1.0
492 147 1.0
492 1698 1.0
492 1920 2.0
492 492 3.0
495 495 1.0
496 496 1.0
500 500 1.0
505 1820 1.0
505 1933 1.0
505 1371 1.0
505 1363 1.0
505 1171 1.0
505 329 1.0
505 1650 1.0
505 1420 1.0
505 505 3.0
505 82 2.0
505 70 2.0
507 70 1.0
507 1941 2.0
507 1032 2.0
507 507 2.0
507 83 1.0
508 1915 2.0
508 1882 1.0
508 508 2.0
510 727 1.0
510 1349 2.0
510 728 2.0
510 1869 1.0
510 1613 1.0
510 510 3.0
510 347 2.0
516 516 1.0
517 1951 1.0
517 1950 1.0
517 1733 1.0
517 1024 1.0
517 517 1.0
518 23 1.0
518 1902 2.0
518 518 3.0
521 521 1.0
524 524 1.0
524 33 1.0
527 1935 2.0
527 1934 1.0
527 527 3.0
529 1995 1.0
529 529 1.0
530 1411 1.0
530 531 1.0
530 1347 1.0
530 1589 2.0
530 530 3.0
530 347 2.0
531 1411 1.0
531 531 1.0
531 530 1.0
533 533 1.0
536 536 2.0
539 539 1.0
540 540 2.0
540 195 1.0
541 1693 1.0
541 1981 2.0
541 541 3.0
543 2014 1.0
543 761 2.0
543 543 2.0
545 545 1.0
547 547 1.0
548 548 1.0
548 159 1.0
550 713 1.0
550 550 1.0
550 211 1.0
551 1943 2.0
551 1657 2.0
551 1638 1.0
551 551 2.0
551 340 1.0
552 1893 2.0
552 1844 2.0
552 552 5.0
554 554 1.0
555 555 2.0
558 558 2.0
562 1875 1.0
562 1258 1.0
562 562 1.0
563 1592 1.0
563 563 2.0
564 1588 1.0
564 564 1.0
567 567 1.0
567 33 1.0
569 1392 1.0
569 1072 1.0
569 569 1.0
574 574 1.0
578 982 1.0
578 578 1.0
584 584 1.0
585 585 1.0
590 710 1.0
590 49 1.0
590 1954 1.0
590 701 1.0
590 590 3.0
590 432 1.0
591 593 1.0
591 591 2.0
593 593 2.0
593 591 1.0
596 1598 1.0
596 596 2.0
597 1772 1.0
597 1010 1.0
597 1009 1.0
597 597 1.0
599 1874 1.0
599 1852 2.0
599 599 4.0
603 1731 1.0
603 603 1.0
605 1028 1.0
605 605 1.0
613 613 1.0
614 614 1.0
620 759 1.0
620 1790 1.0
620 150 1.0
620 620 7.0
622 622 1.0
624 1949 1.0
624 624 2.0
626 1184 1.0
626 626 1.0
629 629 1.0
630 630 1.0
632 1419 1.0
632 1418 1.0
632 632 2.0
659 875 2.0
659 873 2.0
659 659 2.0
660 660 1.0
662 1832 1.0
662 937 1.0
662 662 1.0
662 264 1.0
666 666 1.0
669 1901 2.0
669 1900 2.0
669 1892 1.0
669 1891 1.0
669 692 1.0
669 669 4.0
671 671 1.0
680 1518 1.0
680 680 1.0
683 683 1.0
685 1679 1.0
685 685 1.0
685 213 1.0
689 689 1.0
692 692 1.0
692 669 1.0
693 1870 1.0
693 693 3.0
701 590 1.0
701 432 1.0
701 1839 3.0
701 1834 2.0
701 701 7.0
701 261 2.0
701 237 2.0
708 708 2.0
708 229 1.0
710 213 1.0
710 1680 1.0
710 195 1.0
710 590 1.0
710 49 1.0
710 1678 1.0
710 710 4.0
713 713 1.0
713 550 1.0
713 211 1.0
714 1730 2.0
714 714 2.0
714 260 1.0
722 1331 1.0
722 722 1.0
723 465 1.0
723 1934 1.0
723 723 2.0
724 1938 1.0
724 1994 2.0
724 1912 2.0
724 724 3.0
725 725 2.0
727 1349 1.0
727 728 1.0
727 510 1.0
727 1872 1.0
727 1628 1.0
727 727 3.0
728 727 1.0
728 1349 2.0
728 728 2.0
728 510 2.0
728 347 1.0
731 1921 1.0
731 401 1.0
731 1402 1.0
731 731 3.0
738 998 1.0
738 738 1.0
738 346 1.0
747 747 2.0
749 749 3.0
749 439 1.0
753 754 1.0
753 753 1.0
754 2018 2.0
754 753 1.0
754 754 4.0
756 756 1.0
758 1183 2.0
758 758 4.0
759 759 1.0
759 620 1.0
760 1945 1.0
760 760 1.0
760 210 1.0
761 2014 1.0
761 543 2.0
761 1964 1.0
761 797 2.0
761 761 5.0
761 3 1.0
763 763 1.0
763 19 1.0
764 99 1.0
764 764 2.0
764 303 1.0
765 765 1.0
765 211 1.0
767 1713 1.0
767 1334 1.0
767 767 1.0
767 488 1.0
768 1711 1.0
768 1710 1.0
768 1435 1.0
768 768 1.0
768 488 1.0
769 794 1.0
769 1846 1.0
769 1608 1.0
769 1607 1.0
769 769 2.0
774 1321 1.0
774 774 1.0
774 83 1.0
780 1229 1.0
780 83 1.0
780 82 1.0
780 1917 1.0
780 1208 1.0
780 780 2.0
781 781 1.0
781 486 1.0
785 785 2.0
785 397 2.0
786 1665 1.0
786 1664 1.0
786 786 2.0
791 986 1.0
791 791 1.0
793 793 1.0
794 794 1.0
794 769 1.0
797 2014 1.0
797 1964 3.0
797 797 4.0
797 761 2.0
800 800 1.0
802 802 1.0
805 805 1.0
805 60 1.0
808 1953 2.0
808 1952 2.0
808 808 2.0
808 211 2.0
810 1876 1.0
810 810 1.0
811 1972 1.0
811 811 1.0
811 439 1.0
811 284 1.0
817 817 1.0
837 1916 1.0
837 837 1.0
853 853 1.0
865 1890 2.0
865 1889 2.0
865 1883 1.0
865 1260 1.0
865 976 2.0
865 1826 1.0
865 988 1.0
865 865 4.0
867 869 1.0
867 867 1.0
869 995 1.0
869 869 2.0
869 867 1.0
873 875 2.0
873 873 2.0
873 659 2.0
875 875 2.0
875 873 2.0
875 659 2.0
877 1371 1.0
877 877 1.0
877 329 1.0
895 895 1.0
898 921 1.0
898 898 1.0
901 1495 1.0
901 903 1.0
901 902 1.0
901 901 1.0
902 1495 1.0
902 903 1.0
902 902 1.0
902 901 1.0
903 1495 1.0
903 903 1.0
903 902 1.0
903 901 1.0
908 1854 1.0
908 1853 1.0
908 1742 1.0
908 908 1.0
908 33 1.0
909 910 1.0
909 909 1.0
910 910 1.0
910 909 1.0
914 1897 1.0
914 1154 1.0
914 37 1.0
914 914 2.0
918 918 2.0
919 919 1.0
919 240 1.0
919 23 1.0
920 1728 1.0
920 920 1.0
920 23 1.0
921 921 1.0
921 898 1.0
922 1851 2.0
922 922 2.0
924 1672 1.0
924 1055 1.0
924 924 1.0
924 347 1.0
928 929 1.0
928 928 2.0
929 929 1.0
929 928 1.0
932 932 2.0
932 261 2.0
936 936 1.0
937 1832 1.0
937 937 1.0
937 662 1.0
937 264 1.0
938 1113 1.0
938 938 2.0
941 1611 1.0
941 941 1.0
947 947 1.0
948 961 1.0
948 948 1.0
950 950 1.0
950 147 1.0
953 953 1.0
955 1894 1.0
955 1929 1.0
955 1885 1.0
955 1884 1.0
955 955 3.0
955 39 1.0
956 1999 1.0
956 1159 2.0
956 1157 2.0
956 956 3.0
956 492 1.0
956 404 1.0
956 147 2.0
961 961 1.0
961 948 1.0
962 962 1.0
976 1890 2.0
976 1889 2.0
976 1260 1.0
976 865 2.0
976 1883 2.0
976 976 3.0
980 1905 1.0
980 1589 1.0
980 980 1.0
980 347 1.0
982 982 1.0
982 578 1.0
985 1695 1.0
985 1157 1.0
985 985 1.0
986 986 1.0
986 791 1.0
988 1826 1.0
988 988 1.0
988 865 1.0
993 993 1.0
993 26 1.0
995 869 1.0
995 1621 1.0
995 995 2.0
998 998 1.0
998 738 1.0
998 346 1.0
1000 1000 1.0
1002 1591 1.0
1002 1100 1.0
1002 1002 1.0
1003 1100 1.0
1003 1003 1.0
1007 1007 1.0
1009 1772 1.0
1009 1010 1.0
1009 597 1.0
1009 1009 2.0
1010 1772 1.0
1010 1010 1.0
1010 1009 1.0
1010 597 1.0
1023 1037 1.0
1023 49 1.0
1023 1859 2.0
1023 1024 2.0
1023 1023 2.0
1024 1037 1.0
1024 49 1.0
1024 1951 1.0
1024 1950 1.0
1024 1733 1.0
1024 517 1.0
1024 1859 2.0
1024 1024 3.0
1024 1023 2.0
1028 605 1.0
1028 1028 2.0
1032 70 1.0
1032 1941 2.0
1032 1032 2.0
1032 507 2.0
1032 83 1.0
1035 1780 1.0
1035 2021 2.0
1035 1035 2.0
1036 1342 1.0
1036 1036 1.0
1036 71 1.0
1037 1859 1.0
1037 1024 1.0
1037 1023 1.0
1037 49 1.0
1037 1711 1.0
1037 1037 2.0
1037 488 1.0
1038 1937 1.0
1038 1936 1.0
1038 1928 2.0
1038 1927 2.0
1038 1926 3.0
1038 1038 4.0
1045 1880 3.0
1045 1046 3.0
1045 1045 3.0
1045 70 3.0
1046 1880 3.0
1046 1046 3.0
1046 1045 3.0
1046 70 3.0
1048 1048 1.0
1050 1296 1.0
1050 1050 1.0
1053 1362 1.0
1053 147 1.0
1053 70 1.0
1053 1056 2.0
1053 1053 2.0
1055 1672 1.0
1055 1055 1.0
1055 924 1.0
1055 347 1.0
1056 1362 1.0
1056 147 1.0
1056 70 1.0
1056 1053 2.0
1056 1647 1.0
1056 1056 3.0
1059 1059 1.0
1059 483 1.0
1064 1833 1.0
1064 1064 1.0
1069 1824 2.0
1069 1069 2.0
1071 1071 1.0
1072 1957 1.0
1072 1956 1.0
1072 1392 1.0
1072 1072 2.0
1072 569 1.0
1074 1962 2.0
1074 1961 2.0
1074 1960 2.0
1074 1959 2.0
1074 1074 2.0
1079 1732 1.0
1079 1079 1.0
1080 1395 1.0
1080 1081 2.0
1080 1080 2.0
1080 82 2.0
1081 1395 1.0
1081 1081 2.0
1081 1080 2.0
1081 82 2.0
1082 1082 2.0
1082 110 2.0
1083 1083 2.0
1083 31 2.0
1084 1084 1.0
1088 2013 1.0
1088 1973 1.0
1088 1088 1.0
1088 336 1.0
1090 1788 1.0
1090 99 1.0
1090 1979 1.0
1090 1978 1.0
1090 1090 2.0
1090 15 2.0
1093 1694 3.0
1093 1093 3.0
1095 1095 1.0
1096 2011 1.0
1096 2006 1.0
1096 62 1.0
1096 1096 4.0
1096 210 3.0
1099 1682 1.0
1099 1099 1.0
1099 227 1.0
1100 1003 1.0
1100 1591 1.0
1100 1100 2.0
1100 1002 1.0
1101 1840 1.0
1101 1101 1.0
1101 12 1.0
1106 1983 1.0
1106 1106 1.0
1112 1112 1.0
1113 1113 1.0
1113 938 1.0
1117 1117 1.0
1122 1739 1.0
1122 1123 1.0
1122 1122 1.0
1123 1739 1.0
1123 1123 1.0
1123 1122 1.0
1128 1911 1.0
1128 1128 1.0
1132 1132 1.0
1137 1137 1.0
1146 1530 1.0
1146 1146 1.0
1154 1897 1.0
1154 1154 1.0
1154 914 1.0
1154 37 1.0
1156 1156 1.0
1156 349 1.0
1157 1980 1.0
1157 1999 1.0
1157 1159 2.0
1157 956 2.0
1157 492 1.0
1157 404 1.0
1157 147 1.0
1157 1695 2.0
1157 985 1.0
1157 1366 1.0
1157 1157 6.0
1159 1999 1.0
1159 1159 2.0
1159 1157 2.0
1159 956 2.0
1159 492 1.0
1159 404 1.0
1159 147 1.0
1165 1165 1.0
1170 1426 1.0
1170 1170 1.0
1171 1933 1.0
1171 1371 1.0
1171 1363 1.0
1171 1171 1.0
1171 505 1.0
1171 329 1.0
1171 82 1.0
1171 70 1.0
1173 1910 2.0
1173 1909 2.0
1173 1908 2.0
1173 1173 2.0
1176 1176 1.0
1176 34 1.0
1181 1923 2.0
1181 1922 2.0
1181 484 1.0
1181 1867 1.0
1181 1181 3.0
1182 1182 1.0
1182 205 1.0
1183 1183 2.0
1183 758 2.0
1184 1184 1.0
1184 626 1.0
1187 1187 1.0
1188 1983 1.0
1188 211 1.0
1188 1668 1.0
1188 1401 2.0
1188 1188 4.0
1191 1708 1.0
1191 1191 1.0
1208 780 1.0
1208 1917 2.0
1208 1208 2.0
1229 780 1.0
1229 83 1.0
1229 82 1.0
1229 1329 1.0
1229 1229 2.0
1229 337 1.0
1232 1480 1.0
1232 1479 1.0
1232 1478 1.0
1232 1825 1.0
1232 1232 2.0
1232 150 1.0
1234 1234 2.0
1235 1977 1.0
1235 1766 1.0
1235 1235 1.0
1236 1236 2.0
1242 1843 1.0
1242 1685 1.0
1242 1242 1.0
1243 1903 1.0
1243 1801 1.0
1243 1243 1.0
1243 192 1.0
1244 1560 1.0
1244 1244 1.0
1244 195 1.0
1245 1245 2.0
1245 211 1.0
1245 159 2.0
1247 1247 1.0
1247 26 1.0
1248 1248 1.0
1257 1257 1.0
1257 109 1.0
1258 1875 1.0
1258 1258 1.0
1258 562 1.0
1260 1890 1.0
1260 1889 1.0
1260 1883 1.0
1260 1260 1.0
1260 976 1.0
1260 865 1.0
1261 1792 2.0
1261 1261 2.0
1265 1265 1.0
1270 2016 1.0
1270 1270 1.0
1271 1271 1.0
1271 405 1.0
1275 1275 1.0
1279 1279 1.0
1284 1879 1.0
1284 1284 1.0
1285 1312 1.0
1285 1285 1.0
1285 201 1.0
1286 1286 1.0
1294 1595 1.0
1294 1294 3.0
1296 1296 1.0
1296 1050 1.0
1297 1297 1.0
1303 1303 1.0
1305 1305 1.0
1305 218 1.0
1306 1306 1.0
1307 1509 1.0
1307 1307 2.0
1309 1309 1.0
1309 50 1.0
1311 1904 1.0
1311 1311 6.0
1311 347 1.0
1312 1312 1.0
1312 1285 1.0
1312 201 1.0
1316 1316 1.0
1319 1319 1.0
1320 1508 3.0
1320 1507 3.0
1320 1320 3.0
1320 347 3.0
1321 774 1.0
1321 83 1.0
1321 1967 2.0
1321 1337 3.0
1321 1321 4.0
1322 1322 2.0
1322 110 1.0
1322 71 1.0
1329 1329 1.0
1329 1229 1.0
1329 337 1.0
1331 1331 1.0
1331 722 1.0
1334 1713 2.0
1334 767 1.0
1334 488 2.0
1334 1993 1.0
1334 1373 1.0
1334 1334 3.0
1337 1967 2.0
1337 1337 3.0
1337 1321 3.0
1342 1342 1.0
1342 1036 1.0
1342 71 1.0
1344 1344 1.0
1347 1905 1.0
1347 1589 1.0
1347 1347 2.0
1347 530 1.0
1347 347 2.0
1349 727 1.0
1349 1349 2.0
1349 728 2.0
1349 510 2.0
1349 347 1.0
1353 1353 1.0
1358 1414 1.0
1358 1358 1.0
1358 53 1.0
1362 1056 1.0
1362 1053 1.0
1362 70 1.0
1362 147 2.0
1362 1362 3.0
1363 1933 1.0
1363 1371 1.0
1363 1363 1.0
1363 1171 1.0
1363 505 1.0
1363 329 1.0
1363 82 1.0
1363 70 1.0
1364 1364 1.0
1366 1366 1.0
1366 1157 1.0
1369 1942 3.0
1369 1899 2.0
1369 1628 6.0
1369 1369 8.0
1371 1933 1.0
1371 1363 1.0
1371 1171 1.0
1371 505 1.0
1371 82 1.0
1371 70 1.0
1371 1371 2.0
1371 877 1.0
1371 329 2.0
1373 1993 1.0
1373 1373 1.0
1373 1334 1.0
1382 236 1.0
1382 1382 3.0
1382 100 3.0
1383 1794 1.0
1383 1383 1.0
1386 1386 2.0
1386 201 2.0
1387 201 1.0
1387 1925 2.0
1387 1924 2.0
1387 1918 5.0
1387 1387 5.0
1392 1392 1.0
1392 1072 1.0
1392 569 1.0
1393 1393 2.0
1395 1395 1.0
1395 1081 1.0
1395 1080 1.0
1395 82 1.0
1398 1398 1.0
1401 1983 2.0
1401 1668 1.0
1401 1401 3.0
1401 1188 2.0
1402 1402 3.0
1402 731 1.0
1404 1862 1.0
1404 1797 1.0
1404 1404 2.0
1404 206 2.0
1406 1408 1.0
1406 1406 1.0
1408 1408 2.0
1408 1406 1.0
1411 1411 1.0
1411 531 1.0
1411 530 1.0
1414 1414 1.0
1414 1358 1.0
1414 53 1.0
1415 1415 1.0
1415 336 1.0
1416 1996 1.0
1416 1416 1.0
1417 2002 1.0
1417 1895 1.0
1417 1429 1.0
1417 1417 1.0
1417 438 1.0
1417 73 1.0
1418 1419 1.0
1418 632 1.0
1418 1418 2.0
1419 1419 1.0
1419 1418 1.0
1419 632 1.0
1420 1650 1.0
1420 1420 1.0
1420 505 1.0
1420 82 1.0
1420 70 1.0
1424 1425 1.0
1424 1424 1.0
1425 1425 1.0
1425 1424 1.0
1426 1426 1.0
1426 1170 1.0
1428 1428 2.0
1429 2002 1.0
1429 1895 1.0
1429 1429 1.0
1429 1417 1.0
1429 438 1.0
1429 73 1.0
1432 1432 1.0
1435 1711 1.0
1435 1710 1.0
1435 1435 1.0
1435 768 1.0
1435 488 1.0
1439 1439 1.0
1439 207 1.0
1440 2011 1.0
1440 62 1.0
1440 2006 1.0
1440 1440 2.0
1444 1985 1.0
1444 1701 1.0
1444 1984 2.0
1444 1699 2.0
1444 1444 4.0
1444 60 2.0
1444 15 2.0
1454 1696 1.0
1454 1454 1.0
1454 141 1.0
1475 1862 1.0
1475 1475 1.0
1475 432 1.0
1478 1480 1.0
1478 1479 1.0
1478 1478 1.0
1478 1232 1.0
1479 1480 1.0
1479 1479 1.0
1479 1478 1.0
1479 1232 1.0
1480 1480 1.0
1480 1479 1.0
1480 1478 1.0
1480 1232 1.0
1491 1492 1.0
1491 1491 1.0
1492 1492 1.0
1492 1491 1.0
1495 1495 1.0
1495 903 1.0
1495 902 1.0
1495 901 1.0
1498 1498 1.0
1499 1499 2.0
1507 1508 3.0
1507 1507 3.0
1507 1320 3.0
1507 347 3.0
1508 1508 3.0
1508 1507 3.0
1508 1320 3.0
1508 347 3.0
1509 1509 1.0
1509 1307 1.0
1518 1518 2.0
1518 680 1.0
1519 1850 1.0
1519 1519 1.0
1521 1835 1.0
1521 1521 1.0
1524 1525 1.0
1524 1524 3.0
1525 1525 1.0
1525 1524 1.0
1529 1914 1.0
1529 1894 1.0
1529 1529 2.0
1530 1530 1.0
1530 1146 1.0
1532 1532 1.0
1532 241 1.0
1541 1868 1.0
1541 1541 1.0
1541 23 1.0
1550 1831 1.0
1550 1830 1.0
1550 1550 1.0
1559 1559 1.0
1560 1560 1.0
1560 1244 1.0
1560 195 1.0
1563 1563 2.0
1564 1639 1.0
1564 1564 2.0
1564 55 2.0
1565 1567 2.0
1565 1566 2.0
1565 1565 2.0
1566 1567 2.0
1566 1566 2.0
1566 1565 2.0
1567 1567 2.0
1567 1566 2.0
1567 1565 2.0
1579 1580 1.0
1579 1579 1.0
1580 1580 1.0
1580 1579 1.0
1581 1581 1.0
1588 1903 1.0
1588 28 1.0
1588 1588 2.0
1588 564 1.0
1589 1905 1.0
1589 980 1.0
1589 1347 1.0
1589 1589 3.0
1589 530 2.0
1589 347 3.0
1590 1590 1.0
1590 91 1.0
1591 1591 1.0
1591 1100 1.0
1591 1002 1.0
1592 1592 2.0
1592 563 1.0
1595 1595 1.0
1595 1294 1.0
1596 1596 2.0
1597 1597 1.0
1598 1598 1.0
1598 596 1.0
1607 1846 1.0
1607 1608 1.0
1607 1607 1.0
1607 769 1.0
1608 1846 1.0
1608 1608 1.0
1608 1607 1.0
1608 769 1.0
1611 1611 1.0
1611 941 1.0
1613 1869 1.0
1613 1613 1.0
1613 510 1.0
1613 347 1.0
1617 1618 1.0
1617 1617 1.0
1618 1618 1.0
1618 1617 1.0
1621 1621 1.0
1621 995 1.0
1628 1942 3.0
1628 1899 2.0
1628 1369 6.0
1628 727 1.0
1628 1872 2.0
1628 1628 8.0
1629 1881 1.0
1629 1629 1.0
1634 1634 1.0
1638 1943 1.0
1638 1657 1.0
1638 551 1.0
1638 340 1.0
1638 1638 2.0
1638 70 1.0
1639 1639 1.0
1639 1564 1.0
1639 55 1.0
1641 1643 1.0
1641 1642 1.0
1641 1641 1.0
1642 1643 1.0
1642 1642 1.0
1642 1641 1.0
1643 1643 1.0
1643 1642 1.0
1643 1641 1.0
1647 1647 1.0
1647 1056 1.0
1649 1649 2.0
1650 1931 1.0
1650 1650 2.0
1650 1420 1.0
1650 505 1.0
1650 82 2.0
1650 70 1.0
1652 1652 1.0
1652 168 1.0
1656 1656 1.0
1657 1943 2.0
1657 1657 2.0
1657 1638 1.0
1657 551 2.0
1657 340 1.0
1658 1658 1.0
1658 53 1.0
1659 1660 1.0
1659 1659 1.0
1660 1659 1.0
1660 1660 2.0
1664 1665 1.0
1664 1664 1.0
1664 786 1.0
1665 1665 1.0
1665 1664 1.0
1665 786 1.0
1668 1668 1.0
1668 1401 1.0
1668 1188 1.0
1671 1671 2.0
1671 57 2.0
1672 1672 1.0
1672 1055 1.0
1672 924 1.0
1672 347 1.0
1673 1673 1.0
1678 49 1.0
1678 1678 3.0
1678 710 1.0
1679 685 1.0
1679 213 1.0
1679 1679 2.0
1680 1680 1.0
1680 710 1.0
1680 195 1.0
1682 1976 1.0
1682 96 1.0
1682 1987 2.0
1682 1682 3.0
1682 1099 1.0
1682 227 1.0
1685 1843 1.0
1685 1685 1.0
1685 1242 1.0
1686 1686 1.0
1688 211 1.0
1688 1969 1.0
1688 1688 2.0
1688 372 1.0
1691 1691 1.0
1691 354 1.0
1693 54 1.0
1693 1693 2.0
1693 541 1.0
1694 1694 3.0
1694 1093 3.0
1695 1980 1.0
1695 1695 2.0
1695 1157 2.0
1695 985 1.0
1696 1696 2.0
1696 1454 1.0
1696 141 1.0
1698 1920 1.0
1698 1698 1.0
1698 492 1.0
1699 1978 1.0
1699 1984 2.0
1699 1699 3.0
1699 1444 2.0
1699 60 1.0
1699 15 3.0
1701 1985 1.0
1701 1701 1.0
1701 1444 1.0
1701 60 1.0
1706 1707 2.0
1706 1706 3.0
1707 1707 3.0
1707 1706 2.0
1708 1708 1.0
1708 1191 1.0
1710 1711 1.0
1710 1435 1.0
1710 768 1.0
1710 1710 2.0
1710 488 2.0
1711 201 1.0
1711 1037 1.0
1711 1710 1.0
1711 1435 1.0
1711 768 1.0
1711 1986 3.0
1711 1711 5.0
1711 488 5.0
1713 1713 2.0
1713 1334 2.0
1713 767 1.0
1713 488 2.0
1714 1714 1.0
1715 1717 2.0
1715 1715 2.0
1715 439 2.0
1717 1717 2.0
1717 1715 2.0
1717 439 2.0
1728 1728 1.0
1728 920 1.0
1728 23 1.0
1729 1729 2.0
1730 1730 2.0
1730 714 2.0
1730 260 1.0
1731 1731 1.0
1731 603 1.0
1732 1732 1.0
1732 1079 1.0
1733 1951 1.0
1733 1950 1.0
1733 1733 1.0
1733 1024 1.0
1733 517 1.0
1738 1738 1.0
1738 23 1.0
1739 1739 1.0
1739 1123 1.0
1739 1122 1.0
1741 1921 1.0
1741 1743 1.0
1741 1741 1.0
1742 1854 1.0
1742 1853 1.0
1742 1742 2.0
1742 908 1.0
1742 33 1.0
1743 1921 1.0
1743 1743 1.0
1743 1741 1.0
1749 1749 1.0
1749 58 1.0
1764 1764 1.0
1764 369 1.0
1766 1977 1.0
1766 1766 1.0
1766 1235 1.0
1767 1767 1.0
1772 1772 1.0
1772 1010 1.0
1772 1009 1.0
1772 597 1.0
1777 1779 1.0
1777 1777 1.0
1779 1779 1.0
1779 1777 1.0
1780 2021 1.0
1780 1780 1.0
1780 1035 1.0
1784 1784 1.0
1784 83 1.0
1788 1788 1.0
1788 1090 1.0
1788 99 1.0
1788 15 1.0
1790 1790 1.0
1790 620 1.0
1792 1792 2.0
1792 1261 2.0
1794 1794 1.0
1794 1383 1.0
1796 418 2.0
1796 1848 1.0
1796 1847 3.0
1796 1796 3.0
1797 1797 1.0
1797 1404 1.0
1797 206 1.0
1801 1903 1.0
1801 1801 1.0
1801 1243 1.0
1801 192 1.0
1802 1802 1.0
1803 1803 1.0
1803 396 1.0
1820 1820 1.0
1820 505 1.0
1824 1824 2.0
1824 1069 2.0
1825 1825 2.0
1825 1232 1.0
1825 150 1.0
1826 1826 2.0
1826 988 1.0
1826 865 1.0
1827 1829 2.0
1827 1828 2.0
1827 1827 2.0
1828 1829 2.0
1828 1828 2.0
1828 1827 2.0
1829 1829 2.0
1829 1828 2.0
1829 1827 2.0
1830 1831 1.0
1830 1830 2.0
1830 1550 1.0
1831 1831 2.0
1831 1830 1.0
1831 1550 1.0
1832 1832 2.0
1832 937 1.0
1832 662 1.0
1832 264 2.0
1833 1833 2.0
1833 1064 1.0
1834 1834 2.0
1834 701 2.0
1834 261 2.0
1834 237 2.0
1835 1850 1.0
1835 1835 2.0
1835 1521 1.0
1836 1838 2.0
1836 1837 2.0
1836 1836 2.0
1837 1838 2.0
1837 1837 2.0
1837 1836 2.0
1838 1838 2.0
1838 1837 2.0
1838 1836 2.0
1839 1839 3.0
1839 701 3.0
1840 1101 1.0
1840 12 1.0
1840 1842 1.0
1840 1841 2.0
1840 1840 3.0
1840 259 2.0
1841 1842 1.0
1841 1841 3.0
1841 1840 2.0
1841 259 2.0
1842 1842 2.0
1842 1841 1.0
1842 1840 1.0
1842 259 2.0
1843 1845 1.0
1843 1843 2.0
1843 1685 1.0
1843 1242 1.0
1844 1844 2.0
1844 552 2.0
1845 1845 6.0
1845 1843 1.0
1846 1608 1.0
1846 1607 1.0
1846 769 1.0
1846 1846 2.0
1847 418 2.0
1847 1848 1.0
1847 1847 3.0
1847 1796 3.0
1848 1946 1.0
1848 34 1.0
1848 1848 2.0
1848 1847 1.0
1848 1796 1.0
1849 1849 2.0
1850 1835 1.0
1850 1850 2.0
1850 1519 1.0
1851 1851 2.0
1851 922 2.0
1852 1852 2.0
1852 599 2.0
1853 1742 1.0
1853 908 1.0
1853 33 1.0
1853 1854 2.0
1853 1853 2.0
1854 1742 1.0
1854 908 1.0
1854 33 1.0
1854 1854 2.0
1854 1853 2.0
1855 1857 2.0
1855 1856 2.0
1855 1855 2.0
1856 1857 2.0
1856 1856 4.0
1856 1855 2.0
1857 1857 2.0
1857 1856 2.0
1857 1855 2.0
1858 1858 3.0
1859 1037 1.0
1859 49 1.0
1859 1859 2.0
1859 1024 2.0
1859 1023 2.0
1860 1861 2.0
1860 1860 3.0
1861 1861 2.0
1861 1860 2.0
1862 1404 1.0
1862 206 1.0
1862 1862 2.0
1862 1475 1.0
1862 432 1.0
1863 1866 2.0
1863 1865 2.0
1863 1864 2.0
1863 1863 2.0
1863 221 2.0
1864 1866 2.0
1864 1865 2.0
1864 1864 2.0
1864 1863 2.0
1864 221 2.0
1865 1866 2.0
1865 1865 2.0
1865 1864 2.0
1865 1863 2.0
1865 221 2.0
1866 1866 2.0
1866 1865 2.0
1866 1864 2.0
1866 1863 2.0
1866 221 2.0
1867 68 1.0
1867 2005 2.0
1867 1867 5.0
1867 1181 1.0
1868 1868 4.0
1868 1541 1.0
1868 23 1.0
1869 1940 1.0
1869 164 1.0
1869 1869 2.0
1869 1613 1.0
1869 510 1.0
1869 347 1.0
1870 1870 2.0
1870 693 1.0
1871 1871 2.0
1872 727 1.0
1872 1872 2.0
1872 1628 2.0
1873 1873 2.0
1874 599 1.0
1874 1874 2.0
1875 1258 1.0
1875 562 1.0
1875 1875 2.0
1876 397 1.0
1876 1876 2.0
1876 810 1.0
1877 281 1.0
1877 1877 3.0
1877 98 3.0
1878 1878 2.0
1879 1989 2.0
1879 347 2.0
1879 1879 3.0
1879 1284 1.0
1880 1880 3.0
1880 1046 3.0
1880 1045 3.0
1880 70 3.0
1881 1629 1.0
1881 1881 2.0
1882 1915 1.0
1882 508 1.0
1882 1882 2.0
1883 1890 1.0
1883 1889 1.0
1883 1260 1.0
1883 865 1.0
1883 1883 2.0
1883 976 2.0
1884 1885 2.0
1884 1884 2.0
1884 955 1.0
1884 39 2.0
1885 1885 2.0
1885 1884 2.0
1885 955 1.0
1885 39 2.0
1886 1886 2.0
1887 1887 2.0
1888 252 1.0
1888 1888 2.0
1889 1890 2.0
1889 1889 2.0
1889 1883 1.0
1889 1260 1.0
1889 976 2.0
1889 865 2.0
1890 1890 2.0
1890 1889 2.0
1890 1883 1.0
1890 1260 1.0
1890 976 2.0
1890 865 2.0
1891 1901 1.0
1891 1900 1.0
1891 669 1.0
1891 1892 2.0
1891 1891 2.0
1892 1901 1.0
1892 1900 1.0
1892 669 1.0
1892 1892 2.0
1892 1891 2.0
1893 1893 2.0
1893 552 2.0
1894 955 1.0
1894 1894 3.0
1894 1529 1.0
1895 2002 1.0
1895 1429 1.0
1895 1417 1.0
1895 73 1.0
1895 1895 2.0
1895 438 2.0
1896 1896 2.0
1896 259 2.0
1897 1154 1.0
1897 914 1.0
1897 1968 1.0
1897 1897 3.0
1897 37 3.0
1898 186 1.0
1898 1898 2.0
1898 26 1.0
1899 1899 3.0
1899 1628 2.0
1899 1369 2.0
1900 1901 2.0
1900 1900 2.0
1900 1892 1.0
1900 1891 1.0
1900 669 2.0
1901 1901 2.0
1901 1900 2.0
1901 1892 1.0
1901 1891 1.0
1901 669 2.0
1902 23 1.0
1902 1902 2.0
1902 518 2.0
1903 1801 1.0
1903 1243 1.0
1903 192 1.0
1903 1903 2.0
1903 1588 1.0
1903 28 1.0
1904 1904 2.0
1904 1311 1.0
1904 347 1.0
1905 1347 1.0
1905 1905 2.0
1905 1589 1.0
1905 980 1.0
1905 347 2.0
1906 1907 2.0
1906 1906 2.0
1906 147 2.0
1907 1907 2.0
1907 1906 2.0
1907 147 2.0
1908 1910 2.0
1908 1909 2.0
1908 1908 2.0
1908 1173 2.0
1909 1910 2.0
1909 1909 2.0
1909 1908 2.0
1909 1173 2.0
1910 1910 2.0
1910 1909 2.0
1910 1908 2.0
1910 1173 2.0
1911 1128 1.0
1911 1911 2.0
1911 96 1.0
1912 1994 1.0
1912 1938 1.0
1912 1912 2.0
1912 724 2.0
1913 1913 2.0
1914 1939 1.0
1914 150 1.0
1914 1914 2.0
1914 1529 1.0
1915 1882 1.0
1915 508 2.0
1915 1915 3.0
1916 837 1.0
1916 1916 3.0
1917 780 1.0
1917 1917 2.0
1917 1208 2.0
1918 201 1.0
1918 1925 2.0
1918 1924 2.0
1918 1918 5.0
1918 1387 5.0
1919 1919 3.0
1920 1698 1.0
1920 1920 2.0
1920 492 2.0
1921 731 1.0
1921 401 1.0
1921 1921 2.0
1921 1743 1.0
1921 1741 1.0
1922 1923 2.0
1922 1922 2.0
1922 1181 2.0
1922 484 1.0
1923 1923 2.0
1923 1922 2.0
1923 1181 2.0
1923 484 1.0
1924 1925 1.0
1924 1924 2.0
1924 1918 2.0
1924 1387 2.0
1925 201 1.0
1925 1925 2.0
1925 1924 1.0
1925 1918 2.0
1925 1387 2.0
1926 1928 2.0
1926 1927 2.0
1926 1926 3.0
1926 1038 3.0
1927 1928 2.0
1927 1927 2.0
1927 1926 2.0
1927 1038 2.0
1928 1928 2.0
1928 1927 2.0
1928 1926 2.0
1928 1038 2.0
1929 1929 2.0
1929 955 1.0
1930 1930 2.0
1930 332 2.0
1931 1931 2.0
1931 1650 1.0
1931 82 2.0
1932 1932 2.0
1932 74 1.0
1933 1371 1.0
1933 1363 1.0
1933 1171 1.0
1933 505 1.0
1933 329 2.0
1933 70 1.0
1933 1933 3.0
1933 82 3.0
1934 723 1.0
1934 1934 2.0
1934 527 1.0
1935 1935 2.0
1935 527 2.0
1936 1937 2.0
1936 1936 2.0
1936 1038 1.0
1937 1937 2.0
1937 1936 2.0
1937 1038 1.0
1938 1994 1.0
1938 1912 1.0
1938 724 1.0
1938 1939 1.0
1938 1938 2.0
1939 1914 1.0
1939 150 1.0
1939 1939 2.0
1939 1938 1.0
1940 1940 2.0
1940 1869 1.0
1940 164 2.0
1941 70 1.0
1941 1941 2.0
1941 1032 2.0
1941 507 2.0
1941 83 1.0
1942 1942 3.0
1942 1628 3.0
1942 1369 3.0
1943 1943 2.0
1943 1657 2.0
1943 1638 1.0
1943 551 2.0
1943 340 1.0
1944 1981 1.0
1944 1944 2.0
1945 1945 2.0
1945 760 1.0
1945 210 2.0
1946 1848 1.0
1946 34 1.0
1946 1946 2.0
1946 418 1.0
1947 1948 2.0
1947 1947 2.0
1947 421 2.0
1948 1948 2.0
1948 1947 2.0
1948 421 2.0
1949 101 1.0
1949 1949 2.0
1949 624 1.0
1950 1733 1.0
1950 1024 1.0
1950 517 1.0
1950 1951 2.0
1950 1950 2.0
1951 2010 1.0
1951 1733 1.0
1951 1024 1.0
1951 517 1.0
1951 1951 3.0
1951 1950 2.0
1952 1953 2.0
1952 1952 2.0
1952 808 2.0
1952 211 2.0
1953 1953 3.0
1953 1952 2.0
1953 808 2.0
1953 211 3.0
1954 590 1.0
1954 1954 2.0
1954 279 1.0
1955 1955 2.0
1955 369 2.0
1955 110 2.0
1956 1957 2.0
1956 1956 2.0
1956 1072 1.0
1957 1957 2.0
1957 1956 2.0
1957 1072 1.0
1958 1958 2.0
1958 122 2.0
1959 1962 2.0
1959 1961 2.0
1959 1960 2.0
1959 1959 2.0
1959 1074 2.0
1960 1962 2.0
1960 1961 2.0
1960 1960 2.0
1960 1959 2.0
1960 1074 2.0
1961 1962 2.0
1961 1961 2.0
1961 1960 2.0
1961 1959 2.0
1961 1074 2.0
1962 1962 2.0
1962 1961 2.0
1962 1960 2.0
1962 1959 2.0
1962 1074 2.0
1963 2012 1.0
1963 60 1.0
1963 1963 2.0
1963 426 1.0
1964 2014 1.0
1964 1964 3.0
1964 797 3.0
1964 761 1.0
1965 1966 2.0
1965 1965 3.0
1966 1966 2.0
1966 1965 2.0
1967 1967 2.0
1967 1337 2.0
1967 1321 2.0
1968 206 1.0
1968 88 1.0
1968 247 1.0
1968 1897 1.0
1968 37 2.0
1968 1968 4.0
1969 1969 2.0
1969 1688 1.0
1969 372 1.0
1970 1971 2.0
1970 1970 2.0
1971 1971 2.0
1971 1970 2.0
1972 1972 2.0
1972 811 1.0
1972 439 1.0
1972 284 1.0
1973 2013 1.0
1973 1088 1.0
1973 1974 1.0
1973 1973 2.0
1973 336 2.0
1974 195 1.0
1974 1974 2.0
1974 1973 1.0
1974 336 1.0
1975 204 1.0
1975 1975 2.0
1976 1987 1.0
1976 1682 1.0
1976 96 1.0
1976 1976 2.0
1977 1766 1.0
1977 1235 1.0
1977 1977 3.0
1978 1699 1.0
1978 1979 1.0
1978 1978 2.0
1978 1090 1.0
1978 15 2.0
1979 1979 2.0
1979 1978 1.0
1979 1090 1.0
1979 15 2.0
1980 1695 1.0
1980 1157 1.0
1980 1980 2.0
1980 38 1.0
1981 434 1.0
1981 1944 1.0
1981 1981 4.0
1981 541 2.0
1982 60 1.0
1982 1982 2.0
1982 68 2.0
1983 1401 2.0
1983 1188 1.0
1983 1983 3.0
1983 1106 1.0
1984 1984 2.0
1984 1699 2.0
1984 1444 2.0
1984 60 1.0
1984 15 2.0
1985 1701 1.0
1985 1444 1.0
1985 60 1.0
1985 1985 2.0
1985 374 1.0
1986 201 1.0
1986 1986 3.0
1986 1711 3.0
1986 488 3.0
1987 1976 1.0
1987 96 1.0
1987 1987 2.0
1987 1682 2.0
1988 1988 2.0
1988 60 2.0
1989 1989 2.0
1989 1879 2.0
1989 347 2.0
1990 1992 2.0
1990 1991 2.0
1990 1990 2.0
1990 74 2.0
1991 1992 2.0
1991 1991 2.0
1991 1990 2.0
1991 74 2.0
1992 1992 2.0
1992 1991 2.0
1992 1990 2.0
1992 74 2.0
1993 1373 1.0
1993 1334 1.0
1993 1993 2.0
1993 474 1.0
1994 1938 1.0
1994 1912 1.0
1994 1994 2.0
1994 724 2.0
1995 1997 2.0
1995 1995 3.0
1995 529 1.0
1996 1416 1.0
1996 1996 2.0
1997 1997 2.0
1997 1995 2.0
1998 443 1.0
1998 1998 2.0
1999 1159 1.0
1999 1157 1.0
1999 956 1.0
1999 492 1.0
1999 404 1.0
1999 147 1.0
1999 1999 2.0
1999 398 1.0
2000 2001 2.0
2000 2000 2.0
2001 2001 2.0
2001 2000 2.0
2002 2002 2.0
2002 1895 1.0
2002 1429 1.0
2002 1417 1.0
2002 438 2.0
2002 73 2.0
2003 2007 1.0
2003 369 1.0
2003 2003 2.0
2004 2004 3.0
2004 96 3.0
2005 2005 2.0
2005 1867 2.0
2006 2011 1.0
2006 1096 1.0
2006 62 1.0
2006 2006 2.0
2006 1440 1.0
2007 2007 2.0
2007 2003 1.0
2007 369 2.0
2008 2016 1.0
2008 2008 2.0
2008 419 2.0
2009 2010 1.0
2009 2009 2.0
2010 1951 1.0
2010 2010 2.0
2010 2009 1.0
2011 2006 1.0
2011 1096 1.0
2011 2011 2.0
2011 1440 1.0
2011 62 2.0
2012 121 1.0
2012 2012 2.0
2012 1963 1.0
2012 60 1.0
2013 2013 2.0
2013 1973 1.0
2013 1088 1.0
2013 336 1.0
2014 761 1.0
2014 543 1.0
2014 2014 2.0
2014 1964 1.0
2014 797 1.0
2015 2015 2.0
2016 2008 1.0
2016 419 1.0
2016 2016 2.0
2016 1270 1.0
2017 2017 2.0
2018 2018 2.0
2018 754 2.0
2019 2019 2.0
2019 54 2.0
2020 2020 2.0
2021 1780 1.0
2021 2021 2.0
2021 1035 2.0
