2232 2232
2 2115 1.0
2 2 2.0
3 2200 1.0
3 1099 1.0
3 2094 2.0
3 3 3.0
6 1668 1.0
6 1401 1.0
6 1188 1.0
6 6 1.0
12 1627 2.0
12 12 2.0
13 1439 1.0
13 2042 3.0
13 1924 2.0
13 13 3.0
15 1293 1.0
15 2225 1.0
15 1978 1.0
15 2126 1.0
15 764 1.0
15 206 2.0
15 2120 1.0
15 1701 1.0
15 1699 1.0
15 15 4.0
16 16 1.0
19 763 1.0
19 2125 1.0
19 2224 2.0
19 1692 2.0
19 19 4.0
20 2129 1.0
20 20 2.0
22 2131 1.0
22 2115 1.0
22 439 1.0
22 22 1.0
23 1793 1.0
23 421 1.0
23 1684 1.0
23 987 1.0
23 686 1.0
23 573 1.0
23 1902 2.0
23 518 1.0
23 1501 1.0
23 1500 1.0
23 1726 1.0
23 1382 1.0
23 100 1.0
23 98 1.0
23 23 12.0
26 1677 1.0
26 26 2.0
27 2091 1.0
27 27 1.0
28 1588 1.0
28 904 1.0
28 564 1.0
28 28 1.0
29 1023 1.0
29 49 1.0
29 29 1.0
32 32 1.0
34 418 1.0
34 34 1.0
38 38 2.0
41 701 1.0
41 41 1.0
42 1679 1.0
42 42 1.0
44 44 1.0
45 2163 2.0
45 45 2.0
47 47 1.0
49 1023 1.0
49 29 1.0
49 810 1.0
49 1678 1.0
49 710 1.0
49 49 5.0
50 1001 1.0
50 50 2.0
54 2106 1.0
54 1289 1.0
54 1586 1.0
54 541 2.0
54 98 1.0
54 54 6.0
57 57 3.0
58 1058 1.0
58 1443 2.0
58 1442 2.0
58 1089 2.0
58 2079 1.0
58 1385 1.0
58 58 5.0
60 1985 1.0
60 1701 1.0
60 374 1.0
60 1444 2.0
60 2114 2.0
60 2113 2.0
60 2012 1.0
60 60 3.0
62 1966 1.0
62 2006 1.0
62 62 2.0
64 2037 1.0
64 64 1.0
68 1947 1.0
68 1982 1.0
68 68 3.0
69 339 1.0
69 69 1.0
70 83 1.0
70 1334 1.0
70 70 2.0
71 1037 1.0
71 89 1.0
71 71 2.0
73 1417 1.0
73 73 1.0
74 1876 1.0
74 74 2.0
75 2191 1.0
75 1645 1.0
75 75 1.0
82 1426 1.0
82 1171 1.0
82 329 2.0
82 2144 1.0
82 1725 1.0
82 1081 1.0
82 1080 1.0
82 2065 2.0
82 2064 4.0
82 1933 3.0
82 1170 1.0
82 82 9.0
83 1321 1.0
83 774 1.0
83 2171 1.0
83 2170 1.0
83 83 3.0
83 70 1.0
86 2171 1.0
86 2170 1.0
86 86 2.0
88 2021 1.0
88 1035 1.0
88 2208 1.0
88 104 1.0
88 541 1.0
88 206 2.0
88 88 4.0
89 2050 1.0
89 955 1.0
89 1035 1.0
89 1037 1.0
89 89 3.0
89 71 1.0
92 92 1.0
96 2004 2.0
96 96 3.0
98 2095 1.0
98 1687 1.0
98 1586 1.0
98 541 1.0
98 54 1.0
98 1382 1.0
98 100 1.0
98 98 4.0
98 23 1.0
100 754 1.0
100 753 1.0
100 98 1.0
100 23 1.0
100 2057 2.0
100 2056 2.0
100 1382 4.0
100 100 4.0
103 811 1.0
103 103 2.0
104 2208 1.0
104 206 1.0
104 104 1.0
104 88 1.0
105 2182 1.0
105 2181 1.0
105 105 1.0
110 2090 2.0
110 1944 1.0
110 110 3.0
113 2058 1.0
113 113 1.0
115 115 1.0
116 2217 1.0
116 116 2.0
118 118 1.0
119 119 1.0
123 793 1.0
123 1867 1.0
123 123 4.0
147 1362 1.0
147 1907 1.0
147 1348 1.0
147 1906 1.0
147 2045 2.0
147 2044 2.0
147 147 8.0
150 356 1.0
150 2003 1.0
150 369 1.0
150 150 3.0
151 151 1.0
153 153 1.0
159 548 1.0
159 1245 1.0
159 159 2.0
161 2199 1.0
161 2128 1.0
161 161 1.0
164 164 1.0
165 2200 1.0
165 879 1.0
165 165 4.0
168 2068 1.0
168 2051 1.0
168 168 2.0
172 172 3.0
185 2078 1.0
185 2077 1.0
185 2076 1.0
185 1613 1.0
185 510 1.0
185 185 1.0
186 1898 1.0
186 186 1.0
192 2222 2.0
192 1293 1.0
192 2127 1.0
192 1243 1.0
192 192 4.0
193 193 1.0
195 195 1.0
198 198 1.0
199 199 1.0
201 2231 1.0
201 2230 2.0
201 1386 2.0
201 1780 1.0
201 1777 1.0
201 1285 1.0
201 1925 3.0
201 1918 3.0
201 1387 3.0
201 488 2.0
201 201 9.0
203 203 1.0
204 1975 1.0
204 204 2.0
205 2021 1.0
205 1780 1.0
205 1035 1.0
205 205 1.0
206 1293 1.0
206 2208 1.0
206 104 1.0
206 2126 1.0
206 764 1.0
206 15 2.0
206 541 1.0
206 88 2.0
206 220 1.0
206 888 3.0
206 214 2.0
206 206 8.0
207 207 1.0
209 209 2.0
210 1090 1.0
210 1399 2.0
210 1278 4.0
210 2097 2.0
210 2089 1.0
210 2088 1.0
210 210 8.0
211 419 1.0
211 2080 1.0
211 620 1.0
211 1953 1.0
211 1952 1.0
211 808 1.0
211 1688 2.0
211 372 1.0
211 2073 2.0
211 211 6.0
212 212 1.0
213 2122 3.0
213 2121 2.0
213 1679 2.0
213 710 3.0
213 540 2.0
213 213 3.0
214 888 1.0
214 214 2.0
214 206 2.0
220 888 1.0
220 220 1.0
220 206 1.0
223 2158 1.0
223 2132 1.0
223 244 1.0
223 892 1.0
223 223 3.0
227 227 1.0
235 758 1.0
235 235 1.0
236 2140 1.0
236 236 2.0
237 1292 1.0
237 237 1.0
238 560 1.0
238 239 1.0
238 238 1.0
239 560 1.0
239 238 1.0
239 2133 1.0
239 1595 1.0
239 239 2.0
240 2153 2.0
240 876 1.0
240 919 1.0
240 2145 2.0
240 857 1.0
240 240 4.0
244 244 1.0
244 223 1.0
246 2120 1.0
246 1295 1.0
246 246 2.0
247 518 1.0
247 247 2.0
248 248 1.0
256 2132 1.0
256 256 1.0
257 1582 1.0
257 257 1.0
259 2161 1.0
259 1896 1.0
259 259 2.0
260 714 1.0
260 260 1.0
261 261 4.0
263 710 1.0
263 1979 1.0
263 1978 1.0
263 2127 1.0
263 1310 1.0
263 263 3.0
264 2139 2.0
264 2138 2.0
264 2137 2.0
264 1832 1.0
264 264 3.0
266 1622 1.0
266 976 1.0
266 266 1.0
271 663 1.0
271 271 1.0
273 273 1.0
275 275 1.0
279 1718 1.0
279 1379 1.0
279 590 1.0
279 811 1.0
279 279 2.0
282 433 1.0
282 282 2.0
283 283 2.0
284 1542 1.0
284 1972 1.0
284 439 1.0
284 1916 1.0
284 284 4.0
287 287 1.0
302 1406 1.0
302 302 1.0
303 2112 2.0
303 2111 2.0
303 2110 2.0
303 2085 2.0
303 765 1.0
303 303 5.0
304 304 1.0
307 1644 1.0
307 1021 1.0
307 307 1.0
324 2176 1.0
324 324 1.0
327 752 1.0
327 2192 3.0
327 1743 2.0
327 401 1.0
327 327 3.0
329 2069 1.0
329 2059 1.0
329 1371 1.0
329 1363 1.0
329 877 1.0
329 2064 2.0
329 1933 2.0
329 329 3.0
329 82 2.0
330 330 1.0
331 331 1.0
336 1973 2.0
336 2086 1.0
336 490 1.0
336 1970 2.0
336 336 4.0
337 2067 1.0
337 2024 1.0
337 2023 1.0
337 1937 1.0
337 1936 1.0
337 1329 1.0
337 1328 1.0
337 337 2.0
339 1346 1.0
339 69 1.0
339 339 3.0
340 1638 1.0
340 551 1.0
340 340 2.0
342 342 1.0
346 346 1.0
347 2158 1.0
347 1589 1.0
347 531 1.0
347 530 1.0
347 2159 3.0
347 1905 1.0
347 1007 2.0
347 2107 2.0
347 1689 2.0
347 1508 1.0
347 1507 1.0
347 1320 1.0
347 1349 1.0
347 728 1.0
347 727 1.0
347 510 1.0
347 347 9.0
348 1154 1.0
348 348 1.0
349 349 2.0
356 356 1.0
356 150 1.0
357 406 1.0
357 357 1.0
362 2022 1.0
362 362 1.0
366 2177 2.0
366 366 2.0
367 367 1.0
369 2007 1.0
369 2003 1.0
369 369 3.0
369 150 1.0
372 1593 1.0
372 1688 1.0
372 372 2.0
372 211 1.0
374 1985 2.0
374 1701 1.0
374 1444 1.0
374 60 1.0
374 374 3.0
382 1051 1.0
382 382 1.0
392 392 1.0
396 1034 1.0
396 1669 1.0
396 396 2.0
397 785 1.0
397 397 1.0
398 956 1.0
398 2184 2.0
398 1157 1.0
398 398 2.0
400 400 1.0
401 2192 1.0
401 1743 1.0
401 401 1.0
401 327 1.0
405 2160 2.0
405 1271 2.0
405 405 2.0
406 406 1.0
406 357 1.0
418 1847 1.0
418 1795 1.0
418 418 2.0
418 34 1.0
419 2035 1.0
419 211 1.0
419 419 3.0
420 1799 1.0
420 2019 1.0
420 541 1.0
420 2217 2.0
420 2216 1.0
420 420 4.0
421 1793 1.0
421 421 1.0
421 23 1.0
424 424 1.0
427 427 1.0
429 2213 1.0
429 2212 1.0
429 429 2.0
430 1197 1.0
430 430 1.0
433 1088 1.0
433 433 4.0
433 282 1.0
434 434 1.0
438 438 2.0
439 2221 2.0
439 1717 1.0
439 2115 1.0
439 22 1.0
439 2131 2.0
439 1715 3.0
439 1972 1.0
439 284 1.0
439 1699 3.0
439 439 9.0
475 475 1.0
480 1013 2.0
480 480 2.0
481 481 1.0
484 1922 1.0
484 484 1.0
486 1742 1.0
486 486 2.0
487 487 1.0
488 2198 2.0
488 2197 2.0
488 2196 2.0
488 2195 2.0
488 1713 1.0
488 1334 1.0
488 1037 2.0
488 1904 1.0
488 2167 2.0
488 2166 2.0
488 1311 2.0
488 1285 1.0
488 1925 1.0
488 1918 1.0
488 1387 1.0
488 201 2.0
488 1986 6.0
488 1711 7.0
488 2084 7.0
488 2083 2.0
488 1710 5.0
488 488 18.0
489 2190 2.0
489 2189 2.0
489 489 2.0
490 2086 2.0
490 490 3.0
490 336 1.0
491 491 1.0
492 525 1.0
492 492 1.0
500 500 1.0
508 508 1.0
510 1339 1.0
510 185 1.0
510 2078 2.0
510 2077 2.0
510 2076 2.0
510 1613 2.0
510 1349 1.0
510 728 1.0
510 727 1.0
510 510 4.0
510 347 1.0
511 2194 1.0
511 2193 1.0
511 511 1.0
512 512 1.0
518 1595 1.0
518 1294 1.0
518 247 1.0
518 1902 4.0
518 518 5.0
518 23 1.0
525 525 1.0
525 492 1.0
526 1712 1.0
526 2106 1.0
526 2105 1.0
526 526 2.0
527 1100 1.0
527 527 1.0
529 2028 1.0
529 2027 1.0
529 1995 1.0
529 529 2.0
530 1589 1.0
530 531 1.0
530 347 1.0
530 1411 1.0
530 2103 1.0
530 1311 1.0
530 2034 2.0
530 1742 1.0
530 530 5.0
531 725 1.0
531 1589 1.0
531 530 1.0
531 347 1.0
531 1628 1.0
531 1386 1.0
531 2093 1.0
531 2092 2.0
531 531 5.0
532 532 1.0
533 533 1.0
540 599 1.0
540 2122 2.0
540 2121 2.0
540 1679 2.0
540 710 2.0
540 540 4.0
540 213 2.0
541 2019 1.0
541 420 1.0
541 1586 1.0
541 98 1.0
541 54 2.0
541 2125 1.0
541 1981 1.0
541 1692 1.0
541 541 6.0
541 206 1.0
541 88 1.0
543 543 1.0
548 548 1.0
548 159 1.0
550 1674 1.0
550 2168 1.0
550 713 1.0
550 550 2.0
551 1038 1.0
551 1638 1.0
551 340 1.0
551 551 3.0
552 1844 1.0
552 1893 1.0
552 552 2.0
554 554 1.0
560 560 2.0
560 239 1.0
560 238 1.0
561 1875 1.0
561 1258 1.0
561 562 1.0
561 2157 2.0
561 561 3.0
562 1875 1.0
562 1258 1.0
562 562 1.0
562 561 1.0
563 1592 2.0
563 563 4.0
564 28 1.0
564 1903 1.0
564 1588 2.0
564 904 2.0
564 564 2.0
565 565 2.0
567 567 1.0
569 904 1.0
569 710 2.0
569 569 2.0
573 1684 1.0
573 987 1.0
573 686 1.0
573 573 1.0
573 23 1.0
576 1752 1.0
576 1726 1.0
576 577 1.0
576 576 1.0
577 1752 1.0
577 1726 1.0
577 577 1.0
577 576 1.0
584 584 3.0
586 2164 1.0
586 2162 1.0
586 586 1.0
590 1718 1.0
590 1379 1.0
590 279 1.0
590 590 2.0
591 591 1.0
592 592 1.0
596 1736 1.0
596 2142 1.0
596 1616 1.0
596 1602 2.0
596 2173 1.0
596 1598 1.0
596 1519 1.0
596 2172 2.0
596 1850 1.0
596 596 5.0
597 1730 1.0
597 863 1.0
597 2047 1.0
597 1772 1.0
597 597 2.0
599 599 2.0
599 540 1.0
601 601 1.0
613 1787 1.0
613 613 1.0
614 2035 1.0
614 614 1.0
616 2069 1.0
616 1363 1.0
616 616 1.0
620 2080 1.0
620 1688 1.0
620 211 1.0
620 2108 1.0
620 620 3.0
624 1949 1.0
624 624 2.0
627 627 1.0
630 1794 1.0
630 1383 1.0
630 630 1.0
659 875 1.0
659 873 1.0
659 659 1.0
660 2052 2.0
660 1656 1.0
660 660 2.0
661 661 1.0
663 663 1.0
663 271 1.0
666 666 3.0
669 692 2.0
669 669 2.0
671 671 2.0
672 672 1.0
680 2169 2.0
680 680 3.0
681 714 1.0
681 1634 1.0
681 681 2.0
685 685 1.0
686 1684 1.0
686 987 1.0
686 686 1.0
686 573 1.0
686 23 1.0
692 692 2.0
692 669 2.0
693 2133 1.0
693 693 1.0
694 969 1.0
694 694 1.0
697 697 1.0
701 701 2.0
701 41 1.0
708 708 1.0
710 263 1.0
710 2122 3.0
710 2121 2.0
710 1679 2.0
710 540 2.0
710 213 3.0
710 904 1.0
710 569 2.0
710 1678 1.0
710 710 7.0
710 49 1.0
713 550 1.0
713 2168 2.0
713 713 2.0
714 681 1.0
714 714 2.0
714 260 1.0
721 721 1.0
725 725 1.0
725 531 1.0
727 1872 1.0
727 1628 1.0
727 1349 1.0
727 510 1.0
727 347 1.0
727 728 2.0
727 727 3.0
728 1349 1.0
728 510 1.0
728 347 1.0
728 728 2.0
728 727 2.0
731 2104 1.0
731 1921 2.0
731 1402 1.0
731 731 2.0
736 736 1.0
747 2036 1.0
747 2039 1.0
747 747 2.0
749 2216 1.0
749 2207 3.0
749 2188 2.0
749 2187 2.0
749 749 5.0
750 750 1.0
752 2192 1.0
752 327 1.0
752 2104 1.0
752 1743 2.0
752 752 2.0
753 2018 1.0
753 2057 1.0
753 2056 1.0
753 1382 1.0
753 754 2.0
753 100 1.0
753 753 3.0
754 2018 1.0
754 2057 1.0
754 2056 1.0
754 1382 1.0
754 753 2.0
754 100 1.0
754 2100 2.0
754 2099 2.0
754 754 5.0
755 1099 1.0
755 755 1.0
758 758 2.0
758 235 1.0
759 1675 1.0
759 759 2.0
761 1964 1.0
761 761 1.0
763 2224 1.0
763 763 1.0
763 19 1.0
764 2126 1.0
764 764 1.0
764 206 1.0
764 15 1.0
765 765 1.0
765 303 1.0
769 1846 1.0
769 1608 1.0
769 794 1.0
769 769 2.0
774 1321 1.0
774 774 1.0
774 83 1.0
784 1097 1.0
784 784 1.0
785 785 1.0
785 397 1.0
786 1665 1.0
786 1664 1.0
786 2075 2.0
786 786 3.0
787 787 1.0
793 793 1.0
793 123 1.0
794 794 1.0
794 769 1.0
797 2081 1.0
797 2014 1.0
797 797 1.0
802 802 1.0
808 1953 1.0
808 1952 1.0
808 211 1.0
808 808 2.0
810 810 1.0
810 49 1.0
811 103 1.0
811 811 2.0
811 279 1.0
816 816 1.0
817 817 1.0
857 2145 1.0
857 857 1.0
857 240 1.0
858 1609 1.0
858 858 1.0
863 1730 1.0
863 863 1.0
863 597 1.0
864 865 2.0
864 864 2.0
865 1588 1.0
865 1826 1.0
865 865 5.0
865 864 2.0
873 875 1.0
873 873 1.0
873 659 1.0
875 875 1.0
875 873 1.0
875 659 1.0
876 2162 1.0
876 1153 1.0
876 2153 1.0
876 2145 1.0
876 876 2.0
876 240 1.0
877 2069 1.0
877 2059 1.0
877 1371 1.0
877 1363 1.0
877 877 1.0
877 329 1.0
879 879 1.0
879 165 1.0
888 220 1.0
888 888 3.0
888 214 1.0
888 206 3.0
891 892 1.0
891 891 1.0
892 891 1.0
892 892 4.0
892 223 1.0
904 28 1.0
904 1903 1.0
904 1588 2.0
904 564 2.0
904 2143 1.0
904 994 1.0
904 1763 1.0
904 904 6.0
904 710 1.0
904 569 1.0
906 906 1.0
908 908 1.0
909 910 1.0
909 909 1.0
910 910 1.0
910 909 1.0
919 919 1.0
919 240 1.0
921 1532 1.0
921 921 1.0
923 923 1.0
924 1055 1.0
924 924 1.0
938 1113 1.0
938 938 1.0
941 2165 1.0
941 941 2.0
942 942 1.0
947 1549 2.0
947 947 2.0
952 962 1.0
952 953 1.0
952 952 2.0
953 953 2.0
953 952 1.0
954 954 1.0
955 89 1.0
955 1703 1.0
955 2058 1.0
955 1979 1.0
955 1978 1.0
955 2050 2.0
955 955 5.0
956 2184 1.0
956 398 1.0
956 956 2.0
958 958 1.0
961 2175 2.0
961 1768 2.0
961 961 5.0
962 962 1.0
962 952 1.0
963 963 1.0
969 969 1.0
969 694 1.0
976 1622 1.0
976 976 1.0
976 266 1.0
985 1725 1.0
985 1695 1.0
985 985 1.0
987 1684 1.0
987 987 1.0
987 686 1.0
987 573 1.0
987 23 1.0
989 989 1.0
992 992 1.0
994 2143 2.0
994 994 2.0
994 904 1.0
1001 1001 1.0
1001 50 1.0
1007 2159 2.0
1007 1905 1.0
1007 1007 2.0
1007 347 2.0
1009 1009 1.0
1011 1011 1.0
1013 1013 2.0
1013 480 2.0
1021 1644 1.0
1021 1021 1.0
1021 307 1.0
1022 1022 1.0
1023 1023 1.0
1023 49 1.0
1023 29 1.0
1028 2146 2.0
1028 1028 3.0
1032 1032 1.0
1034 1034 1.0
1034 396 1.0
1035 88 1.0
1035 2021 2.0
1035 1780 1.0
1035 205 1.0
1035 1035 3.0
1035 89 1.0
1037 1713 1.0
1037 1334 1.0
1037 1986 2.0
1037 1711 1.0
1037 488 2.0
1037 1951 1.0
1037 1037 4.0
1037 89 1.0
1037 71 1.0
1038 1926 1.0
1038 551 1.0
1038 2060 2.0
1038 1038 5.0
1039 1039 1.0
1050 1050 1.0
1051 1051 1.0
1051 382 1.0
1055 924 1.0
1055 1996 1.0
1055 1416 1.0
1055 1722 1.0
1055 1055 3.0
1056 2176 1.0
1056 2067 1.0
1056 1899 1.0
1056 1369 1.0
1056 1056 3.0
1058 1058 1.0
1058 58 1.0
1061 1663 1.0
1061 1061 1.0
1072 1957 1.0
1072 1956 1.0
1072 1392 1.0
1072 1072 2.0
1073 1073 1.0
1079 1618 1.0
1079 1617 1.0
1079 1079 2.0
1080 2144 2.0
1080 82 1.0
1080 1725 2.0
1080 1081 2.0
1080 1080 3.0
1081 2144 1.0
1081 82 1.0
1081 1725 2.0
1081 1081 2.0
1081 1080 2.0
1082 1082 1.0
1088 1088 1.0
1088 433 1.0
1089 1443 2.0
1089 1442 2.0
1089 1089 2.0
1089 58 2.0
1090 1278 1.0
1090 210 1.0
1090 2089 1.0
1090 2088 1.0
1090 1090 2.0
1091 1093 1.0
1091 1091 1.0
1093 2108 1.0
1093 2211 2.0
1093 1694 1.0
1093 1091 1.0
1093 2116 2.0
1093 1093 4.0
1097 1097 1.0
1097 784 1.0
1099 755 1.0
1099 2200 1.0
1099 1099 2.0
1099 3 1.0
1100 527 1.0
1100 1100 3.0
1106 1106 1.0
1107 1107 1.0
1109 1109 5.0
1113 1113 2.0
1113 938 1.0
1125 1125 1.0
1131 1131 1.0
1132 2124 1.0
1132 1132 1.0
1137 1137 1.0
1153 2162 1.0
1153 1153 2.0
1153 876 1.0
1154 1154 1.0
1154 348 1.0
1157 1158 1.0
1157 2184 1.0
1157 1157 3.0
1157 398 1.0
1158 1158 1.0
1158 1157 1.0
1170 1170 1.0
1170 82 1.0
1171 1171 1.0
1171 82 1.0
1173 1910 1.0
1173 1909 1.0
1173 1908 2.0
1173 1173 2.0
1176 1176 1.0
1181 1181 1.0
1183 1183 1.0
1187 1187 1.0
1188 1983 2.0
1188 1668 1.0
1188 1401 2.0
1188 1188 3.0
1188 6 1.0
1191 1708 1.0
1191 1191 1.0
1197 1197 1.0
1197 430 1.0
1207 2059 1.0
1207 1917 1.0
1207 1208 1.0
1207 1207 1.0
1208 2059 1.0
1208 1917 1.0
1208 1208 1.0
1208 1207 1.0
1232 1479 1.0
1232 1478 1.0
1232 1232 1.0
1235 1773 1.0
1235 1583 1.0
1235 1235 1.0
1243 1243 1.0
1243 192 1.0
1245 1245 2.0
1245 159 1.0
1248 2074 1.0
1248 1248 1.0
1257 1257 1.0
1258 1875 1.0
1258 1258 1.0
1258 562 1.0
1258 561 1.0
1270 2016 1.0
1270 2219 3.0
1270 1270 4.0
1271 2160 2.0
1271 1271 2.0
1271 405 2.0
1278 1090 1.0
1278 1399 1.0
1278 1278 4.0
1278 210 4.0
1285 1285 1.0
1285 488 1.0
1285 201 1.0
1286 1286 1.0
1289 2106 1.0
1289 1289 1.0
1289 54 1.0
1292 1292 1.0
1292 237 1.0
1293 206 1.0
1293 15 1.0
1293 2222 1.0
1293 1293 2.0
1293 192 1.0
1294 1902 1.0
1294 518 1.0
1294 1595 2.0
1294 1294 3.0
1295 246 1.0
1295 1732 1.0
1295 1295 2.0
1309 2087 1.0
1309 1968 1.0
1309 1309 1.0
1310 2127 1.0
1310 1310 1.0
1310 263 1.0
1311 2167 2.0
1311 2166 2.0
1311 1711 2.0
1311 488 2.0
1311 2130 2.0
1311 2103 3.0
1311 530 1.0
1311 2047 1.0
1311 1311 9.0
1312 1312 1.0
1317 1317 1.0
1318 2024 1.0
1318 2023 1.0
1318 1712 1.0
1318 1320 1.0
1318 1318 1.0
1320 1508 1.0
1320 1507 1.0
1320 347 1.0
1320 2024 1.0
1320 2023 1.0
1320 1712 1.0
1320 1320 2.0
1320 1318 1.0
1321 774 1.0
1321 83 1.0
1321 2199 1.0
1321 2102 2.0
1321 2101 2.0
1321 1337 3.0
1321 1321 5.0
1322 2098 2.0
1322 1322 2.0
1328 1329 1.0
1328 1328 1.0
1328 337 1.0
1329 1329 1.0
1329 1328 1.0
1329 337 1.0
1332 2174 1.0
1332 1969 1.0
1332 1332 1.0
1334 1986 1.0
1334 1713 1.0
1334 1037 1.0
1334 488 1.0
1334 2066 2.0
1334 1334 4.0
1334 70 1.0
1337 2102 2.0
1337 2101 2.0
1337 1337 3.0
1337 1321 3.0
1339 510 1.0
1339 1339 2.0
1344 1344 1.0
1346 1346 1.0
1346 339 1.0
1348 1348 1.0
1348 147 1.0
1349 1349 1.0
1349 728 1.0
1349 727 1.0
1349 510 1.0
1349 347 1.0
1353 2118 1.0
1353 1353 1.0
1356 1962 1.0
1356 1356 1.0
1362 1362 1.0
1362 147 1.0
1363 2059 1.0
1363 1371 1.0
1363 877 1.0
1363 329 1.0
1363 2069 2.0
1363 1363 2.0
1363 616 1.0
1369 2136 1.0
1369 2135 1.0
1369 2070 3.0
1369 1899 6.0
1369 1369 6.0
1369 1056 1.0
1371 2069 1.0
1371 2059 1.0
1371 1371 1.0
1371 1363 1.0
1371 877 1.0
1371 329 1.0
1374 1374 1.0
1379 1718 1.0
1379 1379 1.0
1379 590 1.0
1379 279 1.0
1382 754 1.0
1382 753 1.0
1382 98 1.0
1382 23 1.0
1382 2057 2.0
1382 2056 2.0
1382 1382 4.0
1382 100 4.0
1383 1794 1.0
1383 1383 1.0
1383 630 1.0
1385 2079 1.0
1385 1385 2.0
1385 58 1.0
1386 2230 1.0
1386 201 2.0
1386 1386 3.0
1386 531 1.0
1387 2231 1.0
1387 2230 1.0
1387 1925 3.0
1387 1918 4.0
1387 1387 4.0
1387 488 1.0
1387 201 3.0
1392 1392 1.0
1392 1072 1.0
1393 1393 2.0
1399 1278 1.0
1399 1399 2.0
1399 210 2.0
1400 1400 1.0
1401 1983 1.0
1401 1668 1.0
1401 1401 2.0
1401 1188 2.0
1401 6 1.0
1402 1921 1.0
1402 1402 1.0
1402 731 1.0
1406 1406 1.0
1406 302 1.0
1411 1411 1.0
1411 530 1.0
1412 2053 1.0
1412 1412 1.0
1416 1996 1.0
1416 1416 1.0
1416 1055 1.0
1417 1417 1.0
1417 73 1.0
1418 1418 1.0
1424 1425 1.0
1424 1424 1.0
1425 1425 1.0
1425 1424 1.0
1426 1426 1.0
1426 82 1.0
1432 1836 1.0
1432 1432 1.0
1439 2042 1.0
1439 1439 1.0
1439 13 1.0
1442 1443 2.0
1442 1442 2.0
1442 1089 2.0
1442 58 2.0
1443 1443 2.0
1443 1442 2.0
1443 1089 2.0
1443 58 2.0
1444 2123 1.0
1444 374 1.0
1444 1985 2.0
1444 1790 1.0
1444 1701 2.0
1444 2114 1.0
1444 2113 1.0
1444 1444 4.0
1444 60 2.0
1448 1448 1.0
1451 1451 1.0
1454 1696 2.0
1454 1454 2.0
1469 1469 1.0
1478 1479 1.0
1478 1478 1.0
1478 1232 1.0
1479 1479 1.0
1479 1478 1.0
1479 1232 1.0
1489 1627 1.0
1489 1489 2.0
1490 1588 1.0
1490 1490 2.0
1498 1498 2.0
1500 1501 1.0
1500 1500 1.0
1500 23 1.0
1501 1501 1.0
1501 1500 1.0
1501 23 1.0
1503 1503 1.0
1507 1508 1.0
1507 1507 1.0
1507 1320 1.0
1507 347 1.0
1508 1508 1.0
1508 1507 1.0
1508 1320 1.0
1508 347 1.0
1519 2173 1.0
1519 1598 1.0
1519 1519 1.0
1519 596 1.0
1520 2155 1.0
1520 2154 1.0
1520 1563 1.0
1520 1520 1.0
1521 1835 1.0
1521 1522 1.0
1521 1521 1.0
1522 1835 1.0
1522 1522 1.0
1522 1521 1.0
1532 1532 1.0
1532 921 1.0
1542 1542 2.0
1542 284 1.0
1544 1544 1.0
1545 1545 1.0
1549 1549 2.0
1549 947 2.0
1550 1550 1.0
1553 1553 1.0
1561 2141 1.0
1561 1561 1.0
1563 2155 1.0
1563 2154 1.0
1563 1563 1.0
1563 1520 1.0
1569 1569 1.0
1582 1582 1.0
1582 257 1.0
1583 1773 1.0
1583 1583 1.0
1583 1235 1.0
1586 1586 1.0
1586 541 1.0
1586 98 1.0
1586 54 1.0
1588 865 1.0
1588 28 1.0
1588 1903 1.0
1588 904 2.0
1588 564 2.0
1588 1588 4.0
1588 1490 1.0
1589 1589 1.0
1589 531 1.0
1589 530 1.0
1589 347 1.0
1592 1592 2.0
1592 563 2.0
1593 1593 1.0
1593 372 1.0
1595 1902 1.0
1595 518 1.0
1595 1294 2.0
1595 2133 1.0
1595 1595 4.0
1595 239 1.0
1596 1596 1.0
1597 2142 1.0
1597 1597 1.0
1598 2173 1.0
1598 1598 1.0
1598 1519 1.0
1598 596 1.0
1602 1736 1.0
1602 2172 1.0
1602 2142 1.0
1602 1616 1.0
1602 1602 2.0
1602 596 2.0
1603 2165 1.0
1603 1603 1.0
1608 1846 1.0
1608 769 1.0
1608 1608 2.0
1609 1609 1.0
1609 858 1.0
1610 2109 2.0
1610 1610 2.0
1613 185 1.0
1613 2078 2.0
1613 2077 2.0
1613 2076 2.0
1613 1613 2.0
1613 510 2.0
1616 2172 1.0
1616 2142 1.0
1616 1616 1.0
1616 1602 1.0
1616 596 1.0
1617 1618 1.0
1617 1617 1.0
1617 1079 1.0
1618 1618 1.0
1618 1617 1.0
1618 1079 1.0
1622 1622 1.0
1622 976 1.0
1622 266 1.0
1627 1894 1.0
1627 1489 1.0
1627 1627 4.0
1627 12 2.0
1628 2178 2.0
1628 2092 1.0
1628 531 1.0
1628 1872 1.0
1628 727 1.0
1628 1942 1.0
1628 2033 3.0
1628 2032 2.0
1628 2031 2.0
1628 1628 8.0
1629 1881 1.0
1629 1629 1.0
1632 1632 1.0
1634 1634 1.0
1634 681 1.0
1635 1727 1.0
1635 1635 1.0
1638 1638 1.0
1638 551 1.0
1638 340 1.0
1643 1716 1.0
1643 1643 1.0
1644 1644 1.0
1644 1021 1.0
1644 307 1.0
1645 2191 1.0
1645 1645 1.0
1645 75 1.0
1649 1649 1.0
1651 1651 1.0
1652 2051 1.0
1652 1652 1.0
1656 2052 1.0
1656 1656 1.0
1656 660 1.0
1657 1943 1.0
1657 1657 1.0
1659 1659 1.0
1663 1663 1.0
1663 1061 1.0
1664 1665 1.0
1664 1664 1.0
1664 786 1.0
1665 1665 1.0
1665 1664 1.0
1665 786 1.0
1668 1668 1.0
1668 1401 1.0
1668 1188 1.0
1668 6 1.0
1669 1669 2.0
1669 396 1.0
1674 1674 1.0
1674 550 1.0
1675 1675 1.0
1675 759 1.0
1677 1677 1.0
1677 26 1.0
1678 1678 1.0
1678 710 1.0
1678 49 1.0
1679 2122 2.0
1679 2121 2.0
1679 710 2.0
1679 540 2.0
1679 213 2.0
1679 1679 4.0
1679 42 1.0
1684 1684 1.0
1684 987 1.0
1684 686 1.0
1684 573 1.0
1684 23 1.0
1685 1685 1.0
1687 2095 1.0
1687 1687 1.0
1687 98 1.0
1688 2080 1.0
1688 620 1.0
1688 1688 2.0
1688 372 1.0
1688 211 2.0
1689 2107 2.0
1689 1689 2.0
1689 347 2.0
1692 19 2.0
1692 2125 2.0
1692 1981 1.0
1692 1692 3.0
1692 541 1.0
1694 2211 1.0
1694 1694 1.0
1694 1093 1.0
1695 1725 1.0
1695 1695 1.0
1695 985 1.0
1696 1696 2.0
1696 1454 2.0
1699 2221 2.0
1699 2120 1.0
1699 1701 1.0
1699 15 1.0
1699 1699 4.0
1699 439 3.0
1701 374 1.0
1701 60 1.0
1701 1985 2.0
1701 1790 1.0
1701 1444 2.0
1701 2120 1.0
1701 1701 4.0
1701 1699 1.0
1701 15 1.0
1703 1703 1.0
1703 955 1.0
1706 1706 1.0
1708 1191 1.0
1708 1708 2.0
1710 1986 1.0
1710 1904 1.0
1710 2084 4.0
1710 2083 2.0
1710 1710 5.0
1710 488 5.0
1711 1037 1.0
1711 2167 2.0
1711 2166 2.0
1711 1311 2.0
1711 1986 2.0
1711 1711 7.0
1711 488 7.0
1712 526 1.0
1712 2024 1.0
1712 2023 1.0
1712 1712 2.0
1712 1320 1.0
1712 1318 1.0
1713 1986 1.0
1713 1713 1.0
1713 1334 1.0
1713 1037 1.0
1713 488 1.0
1715 1717 1.0
1715 2131 1.0
1715 1715 3.0
1715 439 3.0
1716 1716 1.0
1716 1643 1.0
1717 1717 1.0
1717 1715 1.0
1717 439 1.0
1718 1718 1.0
1718 1379 1.0
1718 590 1.0
1718 279 1.0
1720 1720 1.0
1722 1722 1.0
1722 1055 1.0
1725 1695 1.0
1725 985 1.0
1725 2144 1.0
1725 82 1.0
1725 1725 3.0
1725 1081 2.0
1725 1080 2.0
1726 1752 1.0
1726 577 1.0
1726 576 1.0
1726 1726 2.0
1726 23 1.0
1727 1727 1.0
1727 1635 1.0
1729 1729 1.0
1730 1730 1.0
1730 863 1.0
1730 597 1.0
1732 1295 1.0
1732 1732 3.0
1735 1735 1.0
1736 1736 1.0
1736 1602 1.0
1736 596 1.0
1739 1739 2.0
1742 486 1.0
1742 2034 1.0
1742 1742 2.0
1742 530 1.0
1743 2192 2.0
1743 401 1.0
1743 327 2.0
1743 2104 1.0
1743 1743 4.0
1743 752 2.0
1744 1744 1.0
1745 1745 1.0
1752 1752 1.0
1752 1726 1.0
1752 577 1.0
1752 576 1.0
1757 1757 1.0
1758 1758 1.0
1759 1759 1.0
1763 1763 1.0
1763 904 1.0
1767 1767 1.0
1768 2175 2.0
1768 1768 2.0
1768 961 2.0
1772 2047 1.0
1772 1772 1.0
1772 597 1.0
1773 1773 1.0
1773 1583 1.0
1773 1235 1.0
1777 201 1.0
1777 2021 1.0
1777 1780 2.0
1777 1777 2.0
1780 201 1.0
1780 1035 1.0
1780 205 1.0
1780 2021 2.0
1780 1780 3.0
1780 1777 2.0
1787 1787 1.0
1787 613 1.0
1790 1985 1.0
1790 1790 1.0
1790 1701 1.0
1790 1444 1.0
1791 2218 2.0
1791 1791 3.0
1793 1793 1.0
1793 421 1.0
1793 23 1.0
1794 1383 1.0
1794 630 1.0
1794 1800 1.0
1794 2202 3.0
1794 2201 2.0
1794 1794 4.0
1795 1847 1.0
1795 1795 1.0
1795 418 1.0
1798 1798 1.0
1799 1799 1.0
1799 420 1.0
1800 2202 1.0
1800 1800 1.0
1800 1794 1.0
1802 2210 1.0
1802 1802 2.0
1826 1826 1.0
1826 865 1.0
1832 2139 1.0
1832 2138 1.0
1832 2137 1.0
1832 1832 1.0
1832 264 1.0
1833 1833 1.0
1835 1835 1.0
1835 1522 1.0
1835 1521 1.0
1836 1836 1.0
1836 1432 1.0
1838 1838 1.0
1844 1844 1.0
1844 552 1.0
1845 1845 1.0
1846 1846 2.0
1846 1608 1.0
1846 769 1.0
1847 1795 1.0
1847 418 1.0
1847 1847 2.0
1850 1850 1.0
1850 596 1.0
1855 1857 2.0
1855 1856 2.0
1855 1855 2.0
1856 1857 2.0
1856 1856 2.0
1856 1855 2.0
1857 1856 2.0
1857 1855 2.0
1857 1857 3.0
1867 1867 1.0
1867 123 1.0
1872 1872 1.0
1872 1628 1.0
1872 727 1.0
1873 1873 1.0
1875 1875 1.0
1875 1258 1.0
1875 562 1.0
1875 561 1.0
1876 1876 1.0
1876 74 1.0
1881 1881 1.0
1881 1629 1.0
1893 1893 1.0
1893 552 1.0
1894 1894 1.0
1894 1627 1.0
1896 2161 1.0
1896 1896 1.0
1896 259 1.0
1898 1898 1.0
1898 186 1.0
1899 2136 1.0
1899 2135 1.0
1899 2070 3.0
1899 1899 6.0
1899 1369 6.0
1899 1056 1.0
1902 1595 1.0
1902 1294 1.0
1902 1902 5.0
1902 518 4.0
1902 23 2.0
1903 1903 1.0
1903 1588 1.0
1903 904 1.0
1903 564 1.0
1904 2084 1.0
1904 1904 1.0
1904 1710 1.0
1904 488 1.0
1905 2159 1.0
1905 1905 1.0
1905 1007 1.0
1905 347 1.0
1906 1906 1.0
1906 147 1.0
1907 1907 1.0
1907 147 1.0
1908 1910 1.0
1908 1909 1.0
1908 1908 2.0
1908 1173 2.0
1909 1910 1.0
1909 1909 1.0
1909 1908 1.0
1909 1173 1.0
1910 1910 1.0
1910 1909 1.0
1910 1908 1.0
1910 1173 1.0
1916 1916 1.0
1916 284 1.0
1917 2059 1.0
1917 1917 1.0
1917 1208 1.0
1917 1207 1.0
1918 2231 2.0
1918 2230 1.0
1918 1925 4.0
1918 1918 5.0
1918 1387 4.0
1918 488 1.0
1918 201 3.0
1921 2104 1.0
1921 1921 2.0
1921 1402 1.0
1921 731 2.0
1922 1922 1.0
1922 484 1.0
1924 2042 2.0
1924 1924 2.0
1924 13 2.0
1925 2231 2.0
1925 2230 1.0
1925 1925 4.0
1925 1918 4.0
1925 1387 3.0
1925 488 1.0
1925 201 3.0
1926 1926 1.0
1926 1038 1.0
1933 329 2.0
1933 2065 1.0
1933 2064 3.0
1933 1933 3.0
1933 82 3.0
1934 1934 1.0
1936 2067 1.0
1936 2024 1.0
1936 2023 1.0
1936 1937 1.0
1936 1936 1.0
1936 337 1.0
1937 2067 1.0
1937 2024 1.0
1937 2023 1.0
1937 1937 1.0
1937 1936 1.0
1937 337 1.0
1942 1942 1.0
1942 1628 1.0
1943 1943 1.0
1943 1657 1.0
1944 1981 1.0
1944 1944 2.0
1944 110 1.0
1947 1947 1.0
1947 68 1.0
1949 1949 1.0
1949 624 1.0
1950 1950 1.0
1951 1951 1.0
1951 1037 1.0
1952 1953 1.0
1952 1952 1.0
1952 808 1.0
1952 211 1.0
1953 1953 1.0
1953 1952 1.0
1953 808 1.0
1953 211 1.0
1956 1957 1.0
1956 1956 1.0
1956 1072 1.0
1957 1957 1.0
1957 1956 1.0
1957 1072 1.0
1962 1962 1.0
1962 1356 1.0
1964 1964 1.0
1964 761 1.0
1966 1966 1.0
1966 62 1.0
1968 1309 1.0
1968 2087 2.0
1968 1968 2.0
1969 2174 2.0
1969 1332 1.0
1969 1969 4.0
1970 1973 1.0
1970 1970 2.0
1970 336 2.0
1972 1972 2.0
1972 439 1.0
1972 284 1.0
1973 1973 2.0
1973 1970 1.0
1973 336 2.0
1975 1975 1.0
1975 204 1.0
1977 2227 2.0
1977 2226 2.0
1977 1977 3.0
1978 2225 1.0
1978 15 1.0
1978 263 1.0
1978 2058 1.0
1978 1979 2.0
1978 1978 3.0
1978 955 1.0
1979 263 1.0
1979 2225 1.0
1979 2058 1.0
1979 1979 3.0
1979 1978 2.0
1979 955 1.0
1981 2125 1.0
1981 1692 1.0
1981 541 1.0
1981 1981 2.0
1981 1944 1.0
1982 1982 1.0
1982 68 1.0
1983 1983 2.0
1983 1401 1.0
1983 1188 2.0
1985 374 2.0
1985 60 1.0
1985 1985 3.0
1985 1790 1.0
1985 1701 2.0
1985 1444 2.0
1986 1710 1.0
1986 2198 2.0
1986 2197 2.0
1986 2196 2.0
1986 2195 2.0
1986 2084 3.0
1986 1713 1.0
1986 1334 1.0
1986 1037 2.0
1986 1986 6.0
1986 1711 2.0
1986 488 6.0
1995 2028 2.0
1995 2027 2.0
1995 1995 2.0
1995 529 1.0
1996 1996 1.0
1996 1416 1.0
1996 1055 1.0
1998 2191 1.0
1998 2046 2.0
1998 1998 2.0
2003 2003 1.0
2003 369 1.0
2003 150 1.0
2004 2004 2.0
2004 96 2.0
2006 2006 1.0
2006 62 1.0
2007 2007 1.0
2007 369 1.0
2012 2114 1.0
2012 2113 1.0
2012 2012 1.0
2012 60 1.0
2014 2081 1.0
2014 2014 1.0
2014 797 1.0
2016 2219 1.0
2016 2016 1.0
2016 1270 1.0
2017 2017 3.0
2018 2018 1.0
2018 754 1.0
2018 753 1.0
2019 541 1.0
2019 420 1.0
2019 2019 2.0
2021 88 1.0
2021 1035 2.0
2021 205 1.0
2021 2021 3.0
2021 1780 2.0
2021 1777 1.0
2022 2022 2.0
2022 362 1.0
2023 2067 1.0
2023 1937 1.0
2023 1936 1.0
2023 337 1.0
2023 2024 2.0
2023 2023 2.0
2023 1712 1.0
2023 1320 1.0
2023 1318 1.0
2024 2067 1.0
2024 1937 1.0
2024 1936 1.0
2024 337 1.0
2024 2024 3.0
2024 2023 2.0
2024 1712 1.0
2024 1320 1.0
2024 1318 1.0
2025 2036 1.0
2025 2026 2.0
2025 2025 2.0
2026 2036 1.0
2026 2026 3.0
2026 2025 2.0
2027 2028 2.0
2027 2027 2.0
2027 1995 2.0
2027 529 1.0
2028 2028 2.0
2028 2027 2.0
2028 1995 2.0
2028 529 1.0
2029 2030 2.0
2029 2029 2.0
2030 2030 2.0
2030 2029 2.0
2031 2178 1.0
2031 2033 1.0
2031 2032 2.0
2031 2031 2.0
2031 1628 2.0
2032 2178 1.0
2032 2033 1.0
2032 2032 2.0
2032 2031 2.0
2032 1628 2.0
2033 2033 3.0
2033 2032 1.0
2033 2031 1.0
2033 1628 3.0
2034 2034 2.0
2034 1742 1.0
2034 530 2.0
2035 419 1.0
2035 2038 1.0
2035 2035 3.0
2035 614 1.0
2036 747 1.0
2036 2036 2.0
2036 2026 1.0
2036 2025 1.0
2037 2037 3.0
2037 64 1.0
2038 2035 1.0
2038 2038 2.0
2039 2039 2.0
2039 747 1.0
2040 2041 3.0
2040 2040 3.0
2041 2041 3.0
2041 2040 3.0
2042 1439 1.0
2042 2042 3.0
2042 1924 2.0
2042 13 3.0
2043 2043 2.0
2044 2045 2.0
2044 2044 2.0
2044 147 2.0
2045 2045 2.0
2045 2044 2.0
2045 147 2.0
2046 2191 1.0
2046 2046 2.0
2046 1998 2.0
2047 1772 1.0
2047 597 1.0
2047 2047 2.0
2047 1311 1.0
2048 2049 2.0
2048 2048 2.0
2049 2049 2.0
2049 2048 2.0
2050 89 1.0
2050 2050 2.0
2050 955 2.0
2051 2068 1.0
2051 168 1.0
2051 2051 2.0
2051 1652 1.0
2052 2052 2.0
2052 1656 1.0
2052 660 2.0
2053 1412 1.0
2053 2053 2.0
2054 2055 3.0
2054 2054 3.0
2055 2055 3.0
2055 2054 3.0
2056 754 1.0
2056 753 1.0
2056 2057 2.0
2056 2056 2.0
2056 1382 2.0
2056 100 2.0
2057 754 1.0
2057 753 1.0
2057 2057 2.0
2057 2056 2.0
2057 1382 2.0
2057 100 2.0
2058 113 1.0
2058 2058 2.0
2058 1979 1.0
2058 1978 1.0
2058 955 1.0
2059 2069 1.0
2059 1371 1.0
2059 1363 1.0
2059 877 1.0
2059 329 1.0
2059 2059 2.0
2059 1917 1.0
2059 1208 1.0
2059 1207 1.0
2060 2060 2.0
2060 1038 2.0
2061 2061 2.0
2062 2063 2.0
2062 2062 2.0
2063 2063 2.0
2063 2062 2.0
2064 329 2.0
2064 2065 2.0
2064 2064 4.0
2064 1933 3.0
2064 82 4.0
2065 2065 2.0
2065 2064 2.0
2065 1933 1.0
2065 82 2.0
2066 2066 2.0
2066 1334 2.0
2067 2176 1.0
2067 1056 1.0
2067 2067 2.0
2067 2024 1.0
2067 2023 1.0
2067 1937 1.0
2067 1936 1.0
2067 337 1.0
2068 2051 1.0
2068 168 1.0
2068 2068 2.0
2069 2059 1.0
2069 1371 1.0
2069 877 1.0
2069 329 1.0
2069 2069 2.0
2069 1363 2.0
2069 616 1.0
2070 2070 3.0
2070 1899 3.0
2070 1369 3.0
2071 2072 2.0
2071 2071 2.0
2072 2072 2.0
2072 2071 2.0
2073 2073 2.0
2073 211 2.0
2074 1248 1.0
2074 2074 2.0
2075 2075 2.0
2075 786 2.0
2076 185 1.0
2076 2078 2.0
2076 2077 2.0
2076 2076 2.0
2076 1613 2.0
2076 510 2.0
2077 185 1.0
2077 2078 2.0
2077 2077 2.0
2077 2076 2.0
2077 1613 2.0
2077 510 2.0
2078 185 1.0
2078 2078 2.0
2078 2077 2.0
2078 2076 2.0
2078 1613 2.0
2078 510 2.0
2079 2079 2.0
2079 1385 1.0
2079 58 1.0
2080 1688 1.0
2080 620 1.0
2080 211 1.0
2080 2080 2.0
2081 2208 1.0
2081 2096 1.0
2081 2081 2.0
2081 2014 1.0
2081 797 1.0
2082 2082 2.0
2083 2084 1.0
2083 2083 2.0
2083 1710 2.0
2083 488 2.0
2084 2198 2.0
2084 2197 2.0
2084 2196 2.0
2084 2195 2.0
2084 1986 3.0
2084 1904 1.0
2084 2084 7.0
2084 2083 1.0
2084 1710 4.0
2084 488 7.0
2085 2085 2.0
2085 303 2.0
2086 2086 2.0
2086 490 2.0
2086 336 1.0
2087 1309 1.0
2087 2087 2.0
2087 1968 2.0
2088 210 1.0
2088 2089 2.0
2088 2088 2.0
2088 1090 1.0
2089 210 1.0
2089 2089 2.0
2089 2088 2.0
2089 1090 1.0
2090 2090 3.0
2090 110 2.0
2091 2091 2.0
2091 27 1.0
2092 1628 1.0
2092 2093 1.0
2092 2092 2.0
2092 531 2.0
2093 2117 1.0
2093 2093 2.0
2093 2092 1.0
2093 531 1.0
2094 2094 2.0
2094 3 2.0
2095 1687 1.0
2095 98 1.0
2095 2095 2.0
2096 2208 1.0
2096 2081 1.0
2096 2096 2.0
2097 2097 2.0
2097 210 2.0
2098 2098 2.0
2098 1322 2.0
2099 2100 2.0
2099 2099 2.0
2099 754 2.0
2100 2100 2.0
2100 2099 2.0
2100 754 2.0
2101 2102 2.0
2101 2101 2.0
2101 1337 2.0
2101 1321 2.0
2102 2102 2.0
2102 2101 2.0
2102 1337 2.0
2102 1321 2.0
2103 2130 1.0
2103 2103 3.0
2103 1311 3.0
2103 530 1.0
2104 1921 1.0
2104 731 1.0
2104 2104 2.0
2104 1743 1.0
2104 752 1.0
2105 2106 1.0
2105 2105 2.0
2105 526 1.0
2106 1289 1.0
2106 54 1.0
2106 2106 2.0
2106 2105 1.0
2106 526 1.0
2107 2107 2.0
2107 1689 2.0
2107 347 2.0
2108 2211 1.0
2108 2116 1.0
2108 1093 1.0
2108 2108 3.0
2108 620 1.0
2109 2109 2.0
2109 1610 2.0
2110 2112 2.0
2110 2111 2.0
2110 2110 2.0
2110 303 2.0
2111 2112 2.0
2111 2111 2.0
2111 2110 2.0
2111 303 2.0
2112 2112 2.0
2112 2111 2.0
2112 2110 2.0
2112 303 2.0
2113 1444 1.0
2113 2114 2.0
2113 2113 2.0
2113 2012 1.0
2113 60 2.0
2114 1444 1.0
2114 2114 2.0
2114 2113 2.0
2114 2012 1.0
2114 60 2.0
2115 2131 1.0
2115 439 1.0
2115 22 1.0
2115 2115 2.0
2115 2 1.0
2116 2211 1.0
2116 2108 1.0
2116 2116 2.0
2116 1093 2.0
2117 2117 2.0
2117 2093 1.0
2118 1353 1.0
2118 2118 2.0
2119 2119 2.0
2120 246 1.0
2120 2120 2.0
2120 1701 1.0
2120 1699 1.0
2120 15 1.0
2121 2122 2.0
2121 2121 2.0
2121 1679 2.0
2121 710 2.0
2121 540 2.0
2121 213 2.0
2122 2122 3.0
2122 2121 2.0
2122 1679 2.0
2122 710 3.0
2122 540 2.0
2122 213 3.0
2123 1444 1.0
2123 2123 2.0
2124 2124 2.0
2124 1132 1.0
2125 19 1.0
2125 2125 2.0
2125 1981 1.0
2125 1692 2.0
2125 541 1.0
2126 2126 2.0
2126 764 1.0
2126 206 1.0
2126 15 1.0
2127 192 1.0
2127 2127 2.0
2127 1310 1.0
2127 263 1.0
2128 2199 1.0
2128 161 1.0
2128 2128 2.0
2129 2129 2.0
2129 20 1.0
2130 2130 2.0
2130 2103 1.0
2130 1311 2.0
2131 2115 1.0
2131 22 1.0
2131 2131 2.0
2131 1715 1.0
2131 439 2.0
2132 2158 1.0
2132 223 1.0
2132 2132 2.0
2132 256 1.0
2133 693 1.0
2133 2133 2.0
2133 1595 1.0
2133 239 1.0
2134 2134 2.0
2135 1899 1.0
2135 1369 1.0
2135 2136 2.0
2135 2135 2.0
2136 1899 1.0
2136 1369 1.0
2136 2136 2.0
2136 2135 2.0
2137 2140 1.0
2137 2139 2.0
2137 2138 2.0
2137 2137 3.0
2137 1832 1.0
2137 264 2.0
2138 2139 2.0
2138 2138 2.0
2138 2137 2.0
2138 1832 1.0
2138 264 2.0
2139 2139 2.0
2139 2138 2.0
2139 2137 2.0
2139 1832 1.0
2139 264 2.0
2140 236 1.0
2140 2140 2.0
2140 2137 1.0
2141 1561 1.0
2141 2141 2.0
2142 2172 1.0
2142 1616 1.0
2142 1602 1.0
2142 596 1.0
2142 1597 1.0
2142 2142 4.0
2143 2143 2.0
2143 994 2.0
2143 904 1.0
2144 2144 2.0
2144 1725 1.0
2144 1081 1.0
2144 1080 2.0
2144 82 1.0
2145 2153 1.0
2145 876 1.0
2145 2145 2.0
2145 857 1.0
2145 240 2.0
2146 2146 2.0
2146 1028 2.0
2147 2147 2.0
2148 2150 2.0
2148 2149 2.0
2148 2148 2.0
2149 2150 2.0
2149 2149 2.0
2149 2148 2.0
2150 2150 2.0
2150 2149 2.0
2150 2148 2.0
2151 2152 2.0
2151 2151 2.0
2152 2152 2.0
2152 2151 2.0
2153 2153 2.0
2153 2145 1.0
2153 876 1.0
2153 240 2.0
2154 2155 2.0
2154 2154 2.0
2154 1563 1.0
2154 1520 1.0
2155 2155 2.0
2155 2154 2.0
2155 1563 1.0
2155 1520 1.0
2156 2156 2.0
2157 2157 2.0
2157 561 2.0
2158 2159 1.0
2158 347 1.0
2158 2158 2.0
2158 2132 1.0
2158 223 1.0
2159 2158 1.0
2159 2159 3.0
2159 1905 1.0
2159 1007 2.0
2159 347 3.0
2160 2160 2.0
2160 1271 2.0
2160 405 2.0
2161 2161 2.0
2161 1896 1.0
2161 259 1.0
2162 1153 1.0
2162 876 1.0
2162 2164 1.0
2162 586 1.0
2162 2162 3.0
2163 2163 2.0
2163 45 2.0
2164 2164 2.0
2164 2162 1.0
2164 586 1.0
2165 1603 1.0
2165 2165 3.0
2165 941 1.0
2166 2167 2.0
2166 2166 2.0
2166 1711 2.0
2166 1311 2.0
2166 488 2.0
2167 2167 2.0
2167 2166 2.0
2167 1711 2.0
2167 1311 2.0
2167 488 2.0
2168 550 1.0
2168 2168 2.0
2168 713 2.0
2169 2169 2.0
2169 680 2.0
2170 83 1.0
2170 2171 2.0
2170 2170 2.0
2170 86 1.0
2171 83 1.0
2171 2171 2.0
2171 2170 2.0
2171 86 1.0
2172 2142 1.0
2172 1616 1.0
2172 1602 1.0
2172 2172 2.0
2172 596 2.0
2173 2182 1.0
2173 2181 1.0
2173 2173 2.0
2173 1598 1.0
2173 1519 1.0
2173 596 1.0
2174 2174 2.0
2174 1969 2.0
2174 1332 1.0
2175 2175 2.0
2175 1768 2.0
2175 961 2.0
2176 2067 1.0
2176 1056 1.0
2176 2176 2.0
2176 324 1.0
2177 2177 2.0
2177 366 2.0
2178 2032 1.0
2178 2031 1.0
2178 2178 2.0
2178 1628 2.0
2179 2180 2.0
2179 2179 2.0
2180 2180 2.0
2180 2179 2.0
2181 105 1.0
2181 2182 2.0
2181 2181 2.0
2181 2173 1.0
2182 105 1.0
2182 2182 2.0
2182 2181 2.0
2182 2173 1.0
2183 2183 2.0
2184 956 1.0
2184 2184 2.0
2184 1157 1.0
2184 398 2.0
2185 2186 2.0
2185 2185 2.0
2186 2186 2.0
2186 2185 2.0
2187 2207 1.0
2187 2188 2.0
2187 2187 2.0
2187 749 2.0
2188 2207 1.0
2188 2188 2.0
2188 2187 2.0
2188 749 2.0
2189 2190 2.0
2189 2189 2.0
2189 489 2.0
2190 2190 2.0
2190 2189 2.0
2190 489 2.0
2191 2046 1.0
2191 1998 1.0
2191 2191 2.0
2191 1645 1.0
2191 75 1.0
2192 752 1.0
2192 2192 3.0
2192 1743 2.0
2192 401 1.0
2192 327 3.0
2193 511 1.0
2193 2194 2.0
2193 2193 2.0
2194 511 1.0
2194 2194 2.0
2194 2193 2.0
2195 2198 2.0
2195 2197 2.0
2195 2196 2.0
2195 2195 2.0
2195 2084 2.0
2195 1986 2.0
2195 488 2.0
2196 2198 2.0
2196 2197 2.0
2196 2196 2.0
2196 2195 2.0
2196 2084 2.0
2196 1986 2.0
2196 488 2.0
2197 2198 2.0
2197 2197 2.0
2197 2196 2.0
2197 2195 2.0
2197 2084 2.0
2197 1986 2.0
2197 488 2.0
2198 2198 2.0
2198 2197 2.0
2198 2196 2.0
2198 2195 2.0
2198 2084 2.0
2198 1986 2.0
2198 488 2.0
2199 2128 1.0
2199 161 1.0
2199 2199 2.0
2199 1321 1.0
2200 165 1.0
2200 2200 2.0
2200 1099 1.0
2200 3 1.0
2201 2202 2.0
2201 2201 2.0
2201 1794 2.0
2202 1800 1.0
2202 2202 3.0
2202 2201 2.0
2202 1794 3.0
2203 2203 2.0
2204 2206 2.0
2204 2205 2.0
2204 2204 2.0
2205 2206 2.0
2205 2205 2.0
2205 2204 2.0
2206 2206 2.0
2206 2205 2.0
2206 2204 2.0
2207 2207 3.0
2207 2188 1.0
2207 2187 1.0
2207 749 3.0
2208 206 1.0
2208 104 1.0
2208 88 1.0
2208 2208 2.0
2208 2096 1.0
2208 2081 1.0
2209 2209 2.0
2210 1802 1.0
2210 2210 2.0
2211 2116 1.0
2211 2108 1.0
2211 2211 2.0
2211 1694 1.0
2211 1093 2.0
2212 2213 1.0
2212 2212 2.0
2212 429 1.0
2213 2228 1.0
2213 2213 3.0
2213 2212 1.0
2213 429 1.0
2214 2215 2.0
2214 2214 2.0
2215 2215 2.0
2215 2214 2.0
2216 749 1.0
2216 2217 1.0
2216 2216 2.0
2216 420 1.0
2217 116 1.0
2217 2217 3.0
2217 2216 1.0
2217 420 2.0
2218 2218 2.0
2218 1791 2.0
2219 2016 1.0
2219 2219 3.0
2219 1270 3.0
2220 2220 2.0
2221 2221 2.0
2221 1699 2.0
2221 439 2.0
2222 2222 2.0
2222 1293 1.0
2222 192 2.0
2223 2229 1.0
2223 2228 1.0
2223 2223 2.0
2224 763 1.0
2224 2224 2.0
2224 19 2.0
2225 1978 1.0
2225 15 1.0
2225 2225 2.0
2225 1979 1.0
2226 2227 2.0
2226 2226 2.0
2226 1977 2.0
2227 2227 2.0
2227 2226 2.0
2227 1977 2.0
2228 2213 1.0
2228 2229 1.0
2228 2228 2.0
2228 2223 1.0
2229 2229 2.0
2229 2228 1.0
2229 2223 1.0
2230 2231 1.0
2230 1925 1.0
2230 1918 1.0
2230 1387 1.0
2230 2230 2.0
2230 1386 1.0
2230 201 2.0
2231 2231 2.0
2231 2230 1.0
2231 1925 2.0
2231 1918 2.0
2231 1387 1.0
2231 201 1.0
